29	2.08072	37.3102	0.209991	0.413411	1
29	10.1797	1.0475	0.238337	-0.684293	1
29	2.64344	35.4573	-0.307169	-0.292009	1
29	19.2338	31.3574	0.276568	-0.100566	1
29	10.9834	34.6145	-0.108825	0.363656	1
29	8.31199	6.54934	-0.332276	0.789515	1
29	4.74161	2.20233	-0.530329	1.0498	1
29	39.683	6.18053	1.08975	-0.441889	1
29	17.0151	2.01769	0.787705	1.25999	1
29	16.4159	7.24542	-0.368451	0.911997	1
29	17.554	29.9674	-0.0836652	-0.0572851	1
29	13.5745	4.44251	-0.524749	0.582196	1
29	11.2872	1.6248	1.61913	1.02075	1
29	12.271	31.1112	-0.936463	-0.242554	1
29	27.9308	3.40681	-0.297411	1.9821	1
29	15.6783	4.52979	-0.455522	-0.283956	1
29	20.3472	1.54048	-0.181278	0.268707	1
29	28.6468	1.90905	-2.02181	0.149314	1
29	30.5863	2.75622	-0.262715	-0.627438	1
29	21.5839	2.12726	-0.454387	-2.10436	1
29	19.9854	30.5498	-1.75866	-0.843204	1
29	20.2337	6.47434	-0.592902	-0.695142	1
29	33.4947	0.633441	-0.833128	0.146889	1
29	29.8109	4.34643	0.843733	0.947181	1
29	27.7477	2.40145	-0.211146	-0.103912	1
29	37.1019	4.42443	0.32112	-0.277507	1
29	39.0941	3.57347	1.49295	0.0460877	1
29	2.86687	38.1728	-0.00339414	-0.180343	1
29	23.5475	0.894619	0.189759	0.369751	1
29	31.4309	21.1531	-1.33816	1.22378	1
29	3.65485	5.47538	-0.880896	0.26045	1
29	8.05808	8.55634	0.524695	0.905853	1
29	3.69941	2.00427	2.20507	0.406817	1
29	38.5586	8.99858	0.606259	-1.03257	1
29	38.8734	38.7938	-1.25865	-0.206755	1
29	3.3053	0.815984	0.349482	-0.806246	1
29	39.8231	11.8917	0.564834	1.72495	1
29	4.38229	1.09652	1.82472	-0.438636	1
29	14.5957	3.85429	0.311286	-0.791078	1
29	4.89993	10.7905	-0.114157	0.861923	1
29	9.07281	27.8395	-0.687651	1.26008	1
29	6.43178	12.7321	0.866246	-0.676208	1
29	11.961	2.544	0.281048	0.96484	1
29	10.8517	38.3552	-0.022758	-0.159004	1
29	13.3433	1.00633	-0.488135	0.195355	1
29	14.377	36.0524	-1.17812	1.31297	1
29	30.6876	35.4893	0.64911	0.688215	1
29	12.4704	4.81037	-0.205211	-1.40699	1
29	14.0298	29.5547	0.0321923	1.30348	1
29	26.8696	34.2236	0.331358	-0.214278	1
29	15.0389	2.66961	-1.09002	0.816518	1
29	17.8997	28.5015	0.694962	-1.5121	1
29	20.262	5.24146	0.35552	0.867843	1
29	25.8855	37.3296	0.063739	0.474995	1
29	30.8034	11.3949	-0.205821	0.588645	1
29	36.1026	6.62277	-0.527331	0.653264	1
29	26.058	39.2016	-1.1017	1.78416	1
29	26.3125	13.0319	-0.517012	1.0615	1
29	31.6627	1.19078	0.224925	0.151645	1
29	28.7384	3.95412	-0.296422	-1.74124	1
29	39.5207	37.4566	0.523751	1.49046	1
29	25.4938	0.19678	1.26927	-0.0695101	1
29	25.5551	36.0441	1.18655	-0.665947	1
29	3.0107	10.8934	0.757798	1.20081	1
29	35.6689	35.4949	-1.18116	-2.38259	1
29	37.615	8.59607	-0.485157	0.178526	1
29	38.3327	6.62288	-2.60499	0.476182	1
29	9.52924	11.4957	0.364748	0.344737	1
29	6.49856	7.28121	-0.849062	0.749638	1
29	0.92217	13.7177	-0.776092	1.13115	1
29	38.5163	2.70189	-0.199013	-1.13867	1
29	21.0902	12.9261	-0.0986132	-0.290581	1
29	38.5007	17.0172	-1.43699	1.29698	1
29	39.2725	7.23562	0.0841071	0.993106	1
29	13.7098	10.4746	-0.69977	-0.623588	1
29	16.4426	39.9685	0.0313389	0.00116505	1
29	18.4657	6.64911	1.19386	-1.42637	1
29	17.5746	37.468	1.03279	0.21226	1
29	9.52216	39.4266	-0.110102	-0.247946	1
29	13.0188	9.03553	0.985725	0.108819	1
29	20.7814	37.2154	-1.55474	-0.434045	1
29	25.7197	33.8725	-0.20696	0.720437	1
29	27.142	36.788	-0.289138	0.460359	1
29	21.9094	39.8443	-1.2829	-0.189881	1
29	9.59313	2.43207	0.649822	-2.06462	1
29	28.8088	38.3476	2.45937	1.10814	1
29	22.913	13.2372	0.793104	-1.65125	1
29	25.5374	5.17428	1.9579	-1.63382	1
29	35.1109	5.33682	0.321172	1.40052	1
29	24.0774	38.4866	-0.397214	2.01339	1
29	36.3038	17.0385	-0.147319	2.21022	1
29	19.1354	5.75033	-0.845279	1.31149	1
29	2.02736	38.6572	-0.128297	2.50237	1
29	38.407	7.73174	1.3694	0.358838	1
29	35.0296	6.31855	-1.52629	-0.583837	1
29	31.2064	8.19045	-0.0318566	0.188351	1
29	30.3575	36.8745	1.57132	-0.771984	1
29	38.4646	36.8286	0.644496	0.664641	1
29	18.9403	10.3046	-1.3625	1.61381	1
29	36.1406	20.4932	1.25467	-0.660653	1
29	37.1202	20.6493	-1.37003	0.736985	1
29	8.12024	2.62358	-0.155221	-0.212259	1
29	3.69284	9.89387	0.0828931	-0.798694	1
29	8.58934	7.56463	-0.8901	-0.142885	1
29	3.8967	38.4092	2.24806	1.17642	1
29	7.57728	7.41587	0.714841	-0.644705	1
29	15.216	12.044	0.391353	-0.347082	1
29	8.51379	39.7955	-0.485473	-0.0129464	1
29	10.9986	4.94019	0.315887	-0.956994	1
29	20.8675	11.5343	-0.954458	0.501056	1
29	6.0306	10.4569	-0.893875	-1.40012	1
29	17.2364	4.40015	-0.517479	-1.00213	1
29	14.7064	34.4075	-0.703838	0.245942	1
29	27.3171	1.17282	0.097836	-0.202365	1
29	26.8968	6.90097	0.483011	0.678073	1
29	16.8885	0.891385	-0.324557	0.585121	1
29	20.9409	29.7702	-0.0753246	-0.541567	1
29	22.5356	5.0988	1.00378	-0.936962	1
29	21.3562	3.53032	-0.388532	-1.14698	1
29	35.7623	1.30053	2.39788	0.901716	1
29	21.6983	5.85899	-0.137837	0.804464	1
29	26.7221	3.35043	-1.02548	-0.285635	1
29	29.777	9.87612	0.564453	0.78934	1
29	27.1856	39.2018	-0.738608	-1.66395	1
29	26.091	1.34249	-0.2646	-0.88752	1
29	37.608	39.6693	0.117048	-1.39146	1
29	6.76899	36.634	0.349012	0.19217	1
29	33.3757	9.84512	-1.5603	-1.25084	1
29	0.0532933	12.9765	0.0242245	0.828166	1
29	34.5395	10.1471	-0.724797	0.694141	1
29	30.716	4.84039	-0.287166	1.75474	1
29	6.55797	38.5744	-0.00955053	1.29877	1
29	31.876	16.384	0.0741241	-1.84752	1
29	39.7011	13.9028	0.447957	0.216324	1
29	1.7551	9.50103	-0.205116	1.3154	1
29	37.4999	10.3013	-0.180203	-0.926191	1
29	4.05058	11.9771	0.0663403	0.243947	1
29	39.5792	17.4336	0.515378	-1.09053	1
29	6.25529	3.67936	0.79292	0.882971	1
29	8.11928	4.18846	-0.430039	-0.432429	1
29	4.02864	30.1586	1.24695	-0.462284	1
29	18.7621	38.0163	-0.61837	1.22206	1
29	18.1561	5.44756	0.0828924	0.219847	1
29	14.4927	37.317	-0.244734	0.177168	1
29	10.1204	30.8625	-1.85621	0.241706	1
29	10.2555	6.70789	-0.258402	-0.151573	1
29	17.5262	38.4699	1.23753	0.79548	1
29	14.2636	1.46944	0.805568	-0.828804	1
29	22.6734	2.25069	-1.23902	-0.540854	1
29	21.9758	33.7008	0.997184	-0.27047	1
29	22.3801	0.997172	0.600368	0.0750167	1
29	28.1037	6.44986	-0.209974	-0.444061	1
29	31.0752	6.06141	0.0476755	1.07552	1
29	20.2603	15.5332	1.34727	-0.499503	1
29	19.9721	12.7695	-0.916663	0.74731	1
29	13.6942	3.31123	-0.254068	-0.00387564	1
29	20.1346	10.7169	-0.140274	2.56387	1
29	38.2495	4.10574	0.884269	1.55749	1
29	22.9153	34.4795	-0.339737	1.16226	1
29	35.0427	3.84295	0.862881	-0.90925	1
29	0.956539	3.19523	-0.614322	-1.10616	1
29	22.0963	37.7743	-0.926938	-0.439218	1
29	10.4061	32.1129	0.565009	-1.13423	1
29	33.9418	14.4192	-1.49998	1.09222	1
29	2.5299	4.85333	0.657773	0.620785	1
29	30.8327	16.2246	1.85815	1.39516	1
29	36.4708	3.52695	0.105302	-0.220892	1
29	1.75178	5.7904	2.24915	-1.33048	1
29	35.5732	11.9927	1.31061	0.137336	1
29	4.87126	4.92886	1.20521	-0.669951	1
29	1.98083	3.34821	0.473967	-1.16489	1
29	2.44523	7.44281	-1.67371	-0.153838	1
29	2.53712	11.8674	-1.6819	0.0173429	1
29	9.99717	5.58335	1.03907	-0.729587	1
29	17.7118	35.1286	0.169191	-0.138133	1
29	12.2957	5.89148	-1.36304	0.676916	1
29	16.0719	37.4801	-0.831371	-1.6617	1
29	14.7894	31.7077	0.941902	0.885445	1
29	18.3502	11.3279	1.23512	0.316303	1
29	17.8988	1.44705	0.0621962	1.57888	1
29	20.8689	7.42646	0.0212185	2.06129	1
29	22.3562	36.7168	-0.859456	0.615388	1
29	23.915	10.2187	-1.67079	0.475329	1
29	24.6985	6.17553	0.524243	-2.1949	1
29	27.098	21.1965	-0.803393	-0.517472	1
29	31.9886	18.0928	-1.93818	-1.15068	1
29	21.5685	4.70419	0.436848	1.40006	1
29	26.4057	9.02773	-0.708891	0.875733	1
29	30.5123	19.5949	1.45041	1.48856	1
29	33.8292	6.03129	0.263348	0.119849	1
29	25.0181	38.0363	0.14111	0.43112	1
29	24.0112	5.09857	2.57696	-0.478912	1
29	39.02	4.75393	-0.0581444	0.906527	1
29	36.5096	5.41483	0.794756	0.338431	1
29	0.0934368	7.82472	-0.284467	1.19053	1
29	38.8483	39.8967	0.0992488	1.27165	1
29	37.8434	12.7389	-0.655301	0.842317	1
29	34.173	18.3136	0.396306	0.750212	1
29	38.7686	15.9212	0.147462	2.68586	1
29	2.18152	13.8183	-0.416164	-0.756356	1
29	4.88198	15.0613	1.42557	-0.985059	1
29	6.32576	6.09014	0.245423	1.44992	1
29	14.2214	7.98359	-0.202254	1.41476	1
29	24.9361	15.8101	0.692224	0.589772	1
29	16.0194	5.48644	-0.329349	1.06866	1
29	21.755	13.7704	-0.141668	-0.258937	1
29	14.9578	10.9578	-0.0934864	-0.317868	1
29	22.8957	35.6158	-0.0787578	-0.319006	1
29	15.4675	39.3784	0.159003	0.502151	1
29	23.4608	33.5436	0.426318	-1.11327	1
29	21.9058	7.88398	-0.383327	-0.0312456	1
29	19.4083	7.20846	0.457072	1.52377	1
29	11.5604	7.2626	-0.906467	-0.0715183	1
29	21.2711	1.17833	-2.24563	-0.749819	1
29	17.571	39.5883	-1.30885	-0.0350393	1
29	21.2871	35.8816	0.364341	1.29845	1
29	29.4135	19.083	0.666641	0.194969	1
29	23.6054	36.6486	1.28039	1.5724	1
29	36.4642	2.38235	1.94084	-1.48521	1
29	20.5542	18.3807	-0.185491	0.567219	1
29	32.2802	5.84513	1.09076	0.288795	1
29	24.8742	18.0218	1.24751	-0.975316	1
29	33.0866	16.5947	-0.248522	0.455815	1
29	33.1201	6.81111	1.59149	-0.243243	1
29	34.2888	11.4693	0.481296	0.285616	1
29	38.8471	11.5105	0.954413	0.840984	1
29	35.7976	9.81915	-0.939915	0.965746	1
29	34.2633	1.83169	0.513962	1.13231	1
29	30.1545	15.0765	0.434279	-0.0154146	1
29	33.2419	11.01	-1.29411	-0.856626	1
29	36.294	7.7192	-0.999971	0.176302	1
29	33.4836	23.9407	0.656893	-0.0633311	1
29	37.7613	16.0381	0.940419	0.80384	1
29	3.09591	12.7426	-0.947163	-1.80239	1
29	3.87774	8.83104	-1.72618	1.45952	1
29	38.6266	10.1044	-0.178473	1.338	1
29	36.1211	18.2321	3.00954	-0.337014	1
29	22.3273	20.1054	-0.535013	-0.183724	1
29	1.9971	15.7706	-0.97514	0.813286	1
29	8.91246	5.13793	0.242898	-0.834657	1
29	7.68948	12.307	-0.00406551	-0.187425	1
29	10.654	9.37688	-2.13647	-1.15487	1
29	19.3742	36.8538	0.639146	0.542822	1
29	15.5941	0.70074	-0.561309	0.956385	1
29	17.4523	33.9549	-0.665134	0.245549	1
29	14.4871	5.18575	-0.162377	0.0166863	1
29	25.5305	3.59915	-0.132827	-3.0209	1
29	19.0736	1.27522	-0.165769	-0.39742	1
29	12.4679	11.2759	-1.01369	1.04704	1
29	23.1535	37.5874	0.994597	-0.313999	1
29	26.6933	2.18684	-1.651	-0.72326	1
29	27.6123	7.60834	0.094216	1.08582	1
29	25.3647	8.58418	1.26887	-0.654875	1
29	31.8452	9.49043	-0.100487	0.712114	1
29	28.1666	11.5394	-0.22264	0.694536	1
29	27.5464	9.77413	-0.535533	0.198063	1
29	36.6865	15.8609	0.885503	1.72059	1
29	33.3063	38.0225	0.875648	0.500801	1
29	36.7014	12.0996	0.794481	0.891975	1
29	25.5738	2.36105	-0.284746	0.00408537	1
29	32.6733	14.2628	2.20466	-1.17504	1
29	29.8305	5.69972	-0.0750312	0.896689	1
29	35.9111	39.2747	-0.389557	-0.850581	1
29	24.4308	0.233011	0.44523	-0.603648	1
29	33.0933	24.995	1.66378	0.289538	1
29	5.84445	15.6728	-0.333346	0.282795	1
29	3.49634	4.35133	1.09776	0.413568	1
29	2.89392	16.3	-0.41806	1.38079	1
29	6.95547	16.6432	-0.0284332	-0.07781	1
29	38.9984	12.6118	1.5432	0.974022	1
29	20.0534	35.9977	0.618283	0.174282	1
29	21.6357	19.13	1.59534	-0.0570412	1
29	1.25107	10.4128	0.936085	1.20161	1
29	10.1638	13.5975	-0.0149899	-0.926134	1
29	21.8744	9.01178	-0.928787	-1.38564	1
29	14.9374	38.3624	-2.57865	1.96176	1
29	17.022	9.58556	-1.20308	-0.262483	1
29	12.6829	19.579	0.338764	-1.74716	1
29	18.99	8.923	0.0776179	-1.4291	1
29	28.5377	4.9811	0.726143	-0.38604	1
29	19.3756	3.4068	-0.433738	0.312926	1
29	29.8213	8.67141	0.596669	-1.15336	1
29	22.8285	8.36737	0.371694	-0.351717	1
29	26.5796	7.94521	-0.0574788	-1.30637	1
29	35.4985	8.3666	0.274846	1.2625	1
29	23.7265	14.0712	-0.250775	-0.937714	1
29	26.2828	17.9421	2.07572	-1.30292	1
29	17.1021	11.0643	1.01887	-0.514373	1
29	30.1885	12.8194	1.44608	1.74977	1
29	22.8783	7.27484	0.680109	0.954883	1
29	38.2387	5.47279	-0.43039	-0.0172857	1
29	32.0755	10.6696	-1.90483	1.27177	1
29	26.9169	15.2066	-0.966819	0.155448	1
29	31.6642	24.6547	-0.137396	-0.500002	1
29	7.99404	15.9744	0.588626	0.687176	1
29	1.76287	16.8236	0.764287	-0.961638	1
29	37.7103	25.0865	-1.15735	0.996345	1
29	11.2797	15.7233	-0.83692	-1.08018	1
29	5.07009	12.1665	-1.21783	-0.945199	1
29	37.4238	7.00306	0.233867	-1.45137	1
29	13.9242	39.7458	0.655266	-0.817923	1
29	11.6067	8.65843	1.28508	-0.198792	1
29	8.96961	12.5184	1.22584	1.05697	1
29	1.6654	8.13984	-1.06243	-0.341839	1
29	11.2868	6.21818	0.39215	0.363487	1
29	0.560252	11.0709	0.111259	1.22332	1
29	5.09933	20.8074	-1.27321	1.95408	1
29	18.0233	9.87929	1.06118	-0.375871	1
29	10.6315	7.87399	0.934257	1.68829	1
29	12.3999	10.0274	-2.17613	-0.540167	1
29	23.8262	16.5689	0.868853	-1.01546	1
29	11.3556	3.78737	1.80891	1.86562	1
29	31.4136	12.2397	-1.10929	-0.732989	1
29	12.5672	1.60009	0.134346	-1.97203	1
29	24.6238	2.95886	1.37183	-0.0724675	1
29	13.3762	6.55604	-0.628357	-0.954823	1
29	17.2905	6.24128	-0.875079	0.880268	1
29	23.87	11.2852	0.36406	0.764645	1
29	24.02	7.92819	0.119	-0.551952	1
29	18.0465	16.8176	0.319553	-0.70824	1
29	28.4041	15.2903	-0.585905	0.201447	1
29	22.8115	10.742	0.514629	-1.2329	1
29	29.4628	18.0774	1.24342	-0.740344	1
29	31.1161	23.674	-0.839766	-0.568657	1
29	35.3175	11.0081	-0.541459	0.510529	1
29	24.1133	13.2481	-1.09147	0.930557	1
29	33.1103	15.2917	-0.706951	0.23029	1
29	32.6127	12.8674	2.10908	-1.70894	1
29	33.643	19.7236	-0.685922	-0.282824	1
29	3.25673	19.3432	-0.237424	-0.263184	1
29	35.6287	22.7391	1.17931	1.30242	1
29	36.7791	19.6038	-2.18847	1.82816	1
29	6.15774	2.26911	-1.45024	0.213169	1
29	1.31524	11.8196	-0.238414	-0.330116	1
29	37.7021	11.4862	-0.38998	0.306375	1
29	10.0195	15.1103	1.12846	-0.69727	1
29	17.9261	8.84124	-0.942232	0.602312	1
29	8.11312	17.1539	-1.33727	-0.751268	1
29	15.0678	8.53134	0.240699	-0.06548	1
29	12.4048	8.11132	-1.71569	0.768633	1
29	11.9448	14.84	-2.56987	1.30456	1
29	18.3197	2.62162	-0.767096	0.517634	1
29	18.0846	15.5068	0.68646	0.379743	1
29	23.4624	15.4792	0.267552	0.0998435	1
29	22.7432	3.70181	-0.433909	0.0196334	1
29	26.2812	11.775	-1.21545	-1.19566	1
29	23.9124	6.88505	1.8271	0.925371	1
29	32.0438	7.27005	0.259172	0.257888	1
29	27.6767	4.41722	-0.203998	0.386847	1
29	22.9618	11.8585	-1.05689	-0.585021	1
29	30.7017	7.2927	-1.88509	-1.52964	1
29	30.4048	26.0187	-0.401417	1.25233	1
29	29.4047	15.9022	-0.296635	-1.00443	1
29	25.1547	13.2386	1.81613	-0.882174	1
29	25.4551	10.6535	-0.371948	-0.606264	1
29	34.8836	23.541	0.499231	0.795931	1
29	35.6497	15.2572	0.917183	1.61478	1
29	24.1027	3.98632	-0.513917	-0.0578563	1
29	34.1274	15.6569	-1.02464	-0.792622	1
29	29.0965	14.4676	-0.612473	1.46001	1
29	39.9127	2.88344	0.768588	-0.779285	1
29	29.0106	10.5174	-0.798331	1.69171	1
29	0.428576	14.9226	0.137129	0.270369	1
29	34.3505	30.1777	-1.20633	-0.130001	1
29	0.485148	20.7144	0.361219	-0.104539	1
29	16.3349	38.7695	-0.457816	0.964098	1
29	1.82405	18.1425	0.805941	-0.0208357	1
29	12.7656	17.6266	1.24445	-1.14479	1
29	37.6789	18.5484	0.924646	0.336411	1
29	8.21381	18.1608	-1.80847	2.07755	1
29	14.4437	9.37691	-0.0750976	1.71299	1
29	11.8511	12.3873	0.828394	-2.21652	1
29	15.6259	16.5348	0.344087	-0.220005	1
29	19.2131	16.2691	-0.820041	-0.499433	1
29	7.98309	14.8279	-0.333336	-0.349888	1
29	6.80583	15.3006	1.92459	-0.276171	1
29	9.04186	18.9037	2.14899	0.701187	1
29	10.5415	12.1691	1.15755	0.236267	1
29	13.1092	15.1289	1.36693	0.591818	1
29	9.89226	10.0688	1.17212	1.45343	1
29	18.5499	19.4095	1.13031	0.464622	1
29	21.7491	18.043	0.958669	1.56647	1
29	25.8821	6.19735	1.47573	0.199798	1
29	21.1036	9.85194	-1.55042	1.72202	1
29	27.5488	12.7371	1.14807	-0.015547	1
29	29.1968	6.70416	0.499275	-1.11396	1
29	37.3197	15.0617	0.276801	-1.19382	1
29	29.0708	7.74395	-0.901276	0.158866	1
29	33.3127	28.3961	0.242634	-0.858703	1
29	32.887	7.80058	2.01275	-0.876356	1
29	38.2541	25.968	-0.340597	-1.59027	1
29	32.3283	23.7677	-1.37503	1.07697	1
29	37.8946	19.911	-0.53896	0.251711	1
29	17.2386	3.095	-0.615495	-0.781416	1
29	5.98899	17.9021	-0.856574	-0.077972	1
29	16.0493	23.3108	-1.54264	-0.063719	1
29	30.8921	27.4108	0.153758	0.705614	1
29	0.861604	15.985	-0.722788	-0.431564	1
29	39.7489	10.4206	-0.684557	-0.460896	1
29	5.35406	25.3997	0.247304	0.0636319	1
29	11.4425	19.4677	0.0981439	1.32053	1
29	5.78706	14.5393	0.262208	-1.04211	1
29	12.6681	12.9955	-0.304782	-0.132642	1
29	0.161883	23.655	-0.757898	1.38107	1
29	38.2932	14.0512	-1.54898	-0.441396	1
29	27.643	8.64075	1.77808	0.784582	1
29	39.8338	18.6368	-1.04147	1.50136	1
29	13.5859	11.7516	-1.50366	-0.62778	1
29	17.4595	7.67407	2.47306	0.659183	1
29	14.2681	17.3982	1.17718	0.657015	1
29	23.2991	39.2183	1.14537	-1.77246	1
29	2.6453	8.7182	-0.455043	0.986571	1
29	6.93166	27.9353	-0.927388	0.127425	1
29	16.608	8.52829	0.963853	-0.287725	1
29	22.8712	25.3677	-0.425393	-0.549788	1
29	11.4126	22.2309	0.47883	-0.742271	1
29	27.2422	18.7354	1.85455	0.908955	1
29	25.5447	17.0553	-0.114739	0.563176	1
29	36.6554	28.2254	-0.301624	-0.779667	1
29	34.3759	16.8444	0.924701	1.03252	1
29	32.326	20.1851	-1.02296	-0.765172	1
29	30.755	9.82381	0.832959	-1.69215	1
29	26.4632	10.2016	0.0202786	-0.114659	1
29	24.0316	27.2443	0.311939	-0.141402	1
29	33.1298	18.0374	-0.82832	0.64645	1
29	37.4829	17.4377	-0.799806	0.308515	1
29	28.7671	24.1571	-0.121728	-1.25897	1
29	29.8357	22.8193	1.38384	-2.09905	1
29	34.6402	21.7389	-0.239567	1.28086	1
29	13.8202	14.126	0.158354	-1.29961	1
29	4.40277	14.0902	-1.12677	-0.146883	1
29	3.5096	15.0341	0.228933	-0.318912	1
29	15.0154	13.4638	0.563018	0.310979	1
29	1.17484	26.0594	-0.120624	-0.0158227	1
29	3.11568	18.3856	0.99026	-0.989111	1
29	35.8529	21.5544	-1.87161	0.0478713	1
29	39.732	22.0083	-0.866334	0.260191	1
29	5.28041	13.5495	-0.230061	1.87871	1
29	2.49226	14.7567	0.43269	0.0603715	1
29	13.6683	18.1732	0.438433	0.541446	1
29	4.06844	15.9918	-0.289182	-0.0634775	1
29	14.0169	21.3087	-0.887606	-0.569144	1
29	16.2568	19.7512	0.86446	-1.13978	1
29	10.811	21.245	-0.971024	-1.36137	1
29	18.556	7.77886	0.921832	1.38097	1
29	16.4849	11.9822	1.10784	-0.749089	1
29	22.8447	9.55902	-0.985005	-0.638757	1
29	28.2195	13.5354	-0.0177647	0.358319	1
29	25.8303	7.24634	0.261925	-0.0658317	1
29	18.3823	17.9332	1.705	-0.607702	1
29	20.4435	24.4908	0.868211	-1.17268	1
29	26.3627	25.2693	0.858275	-0.132329	1
29	21.8536	25.0315	-0.767846	0.686265	1
29	28.3088	19.0443	-0.444286	-0.527026	1
29	32.9272	1.56573	-0.815953	-1.05113	1
29	26.8828	28.3044	-0.428819	-0.0532137	1
29	32.8766	22.2157	-0.0100329	-0.621677	1
29	1.27087	4.32309	-0.208932	1.28558	1
29	27.4926	14.426	-1.0759	-0.995395	1
29	35.2178	16.1888	1.83005	-1.18882	1
29	32.6205	19.1903	1.25949	0.490696	1
29	3.75173	23.6741	2.11052	-0.920648	1
29	7.16766	20.1752	-1.308	-0.172758	1
29	4.94081	17.9789	-0.248527	-0.461498	1
29	10.276	19.664	-0.811965	-0.861896	1
29	2.79932	17.2953	1.27201	-0.245449	1
29	3.25382	13.9326	0.80173	0.797716	1
29	3.24948	29.4154	0.131948	0.424033	1
29	38.5947	18.0394	0.497357	-1.00652	1
29	4.19409	18.7999	-0.751921	-0.661025	1
29	4.21011	13.0389	0.147656	-0.841408	1
29	15.4073	17.7221	-1.44697	-1.20312	1
29	8.17453	21.9387	1.82011	0.34418	1
29	11.1379	25.4287	0.757088	0.344636	1
29	14.774	14.5211	0.779121	-1.7069	1
29	19.0957	11.942	-0.0866519	0.716405	1
29	15.032	21.5911	0.475602	2.03253	1
29	4.01742	17.2824	-0.427464	0.0544309	1
29	6.89664	29.2078	-1.68246	-0.259202	1
29	35.1845	14.2718	-0.555123	-1.243	1
29	16.425	18.3421	0.689794	-0.754021	1
29	22.3924	15.9199	-0.509232	0.4844	1
29	34.7888	7.29621	1.26094	-0.516905	1
29	23.7593	9.11899	0.500368	-0.0660941	1
29	19.5489	18.8973	-0.530845	1.76848	1
29	19.0567	27.7594	0.417725	0.676344	1
29	34.6541	9.02567	0.524666	0.552081	1
29	25.8999	19.0288	-0.202298	0.765925	1
29	30.262	21.5852	1.09666	0.447168	1
29	39.5422	34.7578	2.65202	0.427011	1
29	4.8859	19.7773	0.101856	0.198119	1
29	30.5258	24.9682	-1.93661	1.15743	1
29	28.9134	20.1174	-0.616776	-1.58674	1
29	1.40845	19.9129	-1.05118	-0.536768	1
29	39.2044	14.9921	-0.614928	-1.48262	1
29	27.9479	16.4196	0.372702	0.192032	1
29	39.1019	19.4422	-0.396355	-1.21553	1
29	1.75782	12.8759	-1.2077	-0.0927897	1
29	4.91093	24.107	1.37282	-0.692117	1
29	7.24424	30.4242	0.173364	-0.0689882	1
29	3.41056	24.615	-2.2789	0.504621	1
29	13.6776	2.32903	0.225984	-0.514316	1
29	15.5115	10.0342	1.10746	-0.693645	1
29	11.3864	11.4246	1.11469	0.746905	1
29	5.77332	11.4053	-0.0129436	-0.683706	1
29	15.9847	11.0639	-0.615263	-1.46633	1
29	21.4176	15.3076	1.63691	1.60347	1
29	22.9342	17.2082	0.677013	-1.43561	1
29	12.3756	18.6079	1.45883	-0.477111	1
29	20.3205	16.7628	0.931941	0.495576	1
29	4.07684	20.5518	-0.883667	-0.983928	1
29	22.1458	21.3612	-0.423975	0.742928	1
29	24.3076	20.4366	0.773704	-0.122355	1
29	24.9061	26.096	-0.897808	0.320646	1
29	27.1268	10.9755	1.05519	-0.00281715	1
29	20.1955	20.7532	-0.473196	0.477694	1
29	20.6148	26.5977	1.22555	-1.44875	1
29	16.1306	13.6355	1.59168	2.44252	1
29	27.3054	19.9755	-1.08942	-0.565803	1
29	35.6089	28.0604	0.657283	-1.29028	1
29	39.8306	16.4415	1.0974	-0.284073	1
29	31.4444	22.6478	-0.650146	0.514736	1
29	33.6706	34.2878	0.926099	0.579922	1
29	29.9494	13.8312	-1.06176	2.08204	1
29	34.6575	19.5093	0.459331	0.260149	1
29	31.1203	28.5213	-2.64536	0.150968	1
29	38.8905	27.7223	0.377964	1.24481	1
29	32.3985	11.7412	0.513065	-0.384085	1
29	38.9855	23.0398	0.304456	-0.716548	1
29	8.22984	23.3653	-0.462124	0.878596	1
29	34.7777	25.9172	2.91303	0.0105903	1
29	34.3262	29.0217	0.837429	0.754371	1
29	35.2762	17.6181	0.409789	-1.16264	1
29	11.7177	13.6684	0.218074	0.607277	1
29	2.21373	19.2552	-0.402875	-1.56513	1
29	1.77519	22.9722	-0.665983	0.0616595	1
29	7.61393	9.6988	0.381699	-0.0207127	1
29	10.2709	16.2501	1.62301	-1.5452	1
29	13.4974	16.7071	0.844705	0.564969	1
29	25.2318	22.159	-1.49915	0.512994	1
29	21.2126	20.3601	-0.0930352	0.424644	1
29	18.1107	12.3209	-0.216579	-0.797569	1
29	26.5584	4.50367	-0.990362	-1.78862	1
29	20.5112	19.3856	2.63451	-0.64694	1
29	16.1876	22.2387	-0.566398	-0.994937	1
29	15.4345	27.7646	1.95566	0.00271279	1
29	28.876	8.8428	0.289762	-1.87561	1
29	28.6781	12.6285	0.76297	0.586082	1
29	33.0422	32.1192	-1.65407	1.49394	1
29	30.0306	20.526	0.622073	-0.601482	1
29	31.2001	34.532	-0.271393	1.96101	1
29	24.5326	31.9159	0.302568	-0.720749	1
29	25.273	21.028	-1.73292	-0.00361537	1
29	34.4789	24.585	1.35043	0.450871	1
29	22.6604	18.8372	-1.75628	0.791373	1
29	38.4177	22.0853	0.775197	0.285088	1
29	26.4555	24.1185	-0.494407	-0.41601	1
29	33.2495	29.5026	-0.188329	0.480584	1
29	39.3227	20.9583	-0.505658	-0.589516	1
29	4.48233	21.8415	-1.53642	0.601338	1
29	2.3065	25.7939	-0.685816	-0.602828	1
29	0.742045	8.67036	0.122678	0.616346	1
29	29.7044	11.9287	-1.5123	-0.37829	1
29	0.0798185	19.7496	-1.29487	0.736082	1
29	33.4713	13.5031	-1.12317	-0.488623	1
29	6.75991	21.3787	0.933727	0.0393569	1
29	8.16816	26.2874	-0.303575	1.23934	1
29	20.0857	8.31019	1.66177	-0.401622	1
29	1.16261	19.0023	0.0966447	-0.215151	1
29	38.053	21.1142	0.66603	1.36817	1
29	39.9765	25.1856	-0.760767	-0.376824	1
29	0.70217	17.1876	-0.382433	-0.435252	1
29	17.4407	20.1559	1.57818	-0.118529	1
29	9.24416	23.055	0.468382	-0.455377	1
29	29.124	26.0629	-1.2799	0.335372	1
29	14.0051	22.3279	1.12339	0.847288	1
29	24.3551	14.8592	0.595409	0.11248	1
29	18.743	22.4334	-0.37644	0.517894	1
29	19.852	25.4701	-1.64607	0.0856847	1
29	17.1483	21.4611	-0.274988	0.268169	1
29	19.8585	28.8752	1.00883	0.365177	1
29	23.0421	24.3403	0.24318	-1.00694	1
29	12.2323	25.7167	0.396303	0.425867	1
29	27.6122	17.4527	0.617973	-0.599766	1
29	23.8208	25.1296	0.687147	-2.03066	1
29	23.1048	20.8213	-0.608554	2.03659	1
29	33.0439	3.7993	0.393946	0.851535	1
29	25.9427	14.427	-0.233231	-1.72705	1
29	35.2741	32.0224	0.863876	-0.233322	1
29	33.324	30.6116	0.725436	0.745945	1
29	31.9201	26.5009	-0.931807	-0.324787	1
29	0.976991	27.0718	-0.269142	-0.410451	1
29	5.13217	34.3362	0.243842	1.18646	1
29	9.42708	20.3188	-0.617934	-0.777851	1
29	5.74387	23.4652	-0.130855	0.568013	1
29	30.7548	31.457	-0.809605	1.0334	1
29	36.8418	21.8044	0.295701	-1.18335	1
29	9.50186	17.7377	-0.102051	-2.07734	1
29	1.77871	27.8739	-1.86633	0.769306	1
29	7.95596	20.8121	-0.0376466	-0.710925	1
29	14.3649	15.9777	0.799425	-0.698217	1
29	6.03321	19.2868	-0.488219	-0.538673	1
29	13.9105	24.9815	-0.231219	0.390153	1
29	12.0139	21.4704	-0.902178	0.525134	1
29	2.21805	20.5664	1.24595	1.29378	1
29	12.6172	29.6579	-0.282567	0.713407	1
29	10.7633	17.2169	-0.715234	-0.672659	1
29	31.4813	13.3723	0.0394044	0.171086	1
29	28.7688	17.0994	-0.566506	-0.160009	1
29	18.2307	21.2729	0.523874	0.249505	1
29	20.9492	25.5072	-0.177481	-0.99258	1
29	17.8049	26.0296	0.0751914	-0.569294	1
29	17.3057	14.1172	0.238933	0.11216	1
29	30.4603	18.5513	0.322564	0.535426	1
29	29.9007	16.8637	-0.228991	-0.589864	1
29	21.0145	21.7436	-0.740819	-0.0293215	1
29	27.8723	30.3603	2.08089	-0.461108	1
29	29.4316	37.5027	0.752973	-0.0620995	1
29	16.2526	24.8143	0.105136	0.338751	1
29	1.96851	32.6995	0.203143	1.12802	1
29	22.9142	22.2555	-0.374375	-0.344211	1
29	2.75546	33.7948	0.193718	0.489645	1
29	23.7109	23.192	-0.491973	-1.24879	1
29	29.1284	21.3334	0.534503	1.17867	1
29	37.7175	33.3818	-0.515156	-0.648742	1
29	35.7216	25.0068	-1.0483	-0.249744	1
29	31.9784	27.9143	-2.0623	1.75275	1
29	36.0742	23.8457	-0.263422	-0.329023	1
29	5.17503	33.2922	0.219178	-1.14536	1
29	11.3172	18.1689	-0.00771663	-0.701969	1
29	38.4727	35.7055	-0.844979	0.515819	1
29	4.7436	27.8266	-0.840202	-1.12936	1
29	14.8201	20.4384	-0.929564	1.06229	1
29	7.0875	23.856	-0.0101748	0.447839	1
29	23.5234	19.4429	1.19871	-0.683014	1
29	5.97012	27.0324	-0.491734	0.997703	1
29	7.04261	18.2012	0.576986	1.43718	1
29	15.2691	18.8518	1.05558	1.01377	1
29	10.2029	25.8872	0.153462	0.668167	1
29	21.294	17.1274	0.673187	-0.873894	1
29	8.0957	19.5886	-0.0473539	-1.28781	1
29	24.8138	9.48086	-0.791648	-0.0739245	1
29	6.96869	26.7992	0.395159	0.0682799	1
29	10.1633	37.0677	-0.911473	0.410307	1
29	23.7798	18.2339	0.353692	0.646273	1
29	24.7554	19.1789	0.894012	0.750526	1
29	26.2315	21.7205	0.933008	0.641023	1
29	21.8813	22.5147	0.435033	0.171105	1
29	22.0943	27.8616	-0.387948	-0.311172	1
29	19.0257	23.4323	0.96454	-0.238167	1
29	24.1708	21.9548	1.79211	-0.334478	1
29	26.0011	26.9534	-0.237273	-2.08951	1
29	24.4631	33.0261	0.0595013	0.162482	1
29	38.119	31.8401	-0.497906	-0.364279	1
29	3.53989	37.3024	-0.443107	1.06465	1
29	36.0241	29.1092	0.417587	0.214434	1
29	5.5708	16.8605	1.08475	-1.5948	1
29	1.19012	34.4723	0.987572	1.41088	1
29	38.3673	29.8305	-0.364154	0.732197	1
29	27.9449	35.2568	0.788723	2.15358	1
29	8.96663	16.3554	-0.386783	-1.63201	1
29	6.14351	20.3326	-0.42068	0.0535623	1
29	37.1108	29.4827	-1.29408	1.12084	1
29	0.504019	35.4505	0.0749015	-1.28412	1
29	8.45834	33.659	0.302328	1.19244	1
29	10.4167	23.2863	1.88749	0.0272006	1
29	4.37612	31.5481	0.0262505	-1.46425	1
29	9.26374	26.632	-0.254384	-0.249272	1
29	13.8958	13.1148	0.370525	0.351299	1
29	19.246	20.3709	-0.952324	-1.41106	1
29	21.052	23.0875	-0.520529	-1.62711	1
29	11.6625	23.4561	-1.1675	-0.391308	1
29	14.4477	30.7701	0.144317	0.0399845	1
29	26.0176	22.9568	-0.766629	-0.200382	1
29	17.139	23.5855	0.616197	0.233943	1
29	5.80787	21.7713	-1.84756	0.620031	1
29	24.6028	12.1323	0.688483	0.218568	1
29	20.362	27.8547	-1.48795	0.648368	1
29	26.7008	16.8687	0.831017	-0.315261	1
29	20.1904	23.4675	-0.105706	1.73264	1
29	25.6978	28.7679	0.679074	-0.339727	1
29	30.5404	0.821803	0.0808848	1.78285	1
29	0.889892	28.6611	2.55806	-2.39893	1
29	37.3319	30.7318	0.0223119	-0.118886	1
29	28.1125	21.9455	-0.606374	-0.490393	1
29	3.37335	34.7187	-0.456392	-0.38942	1
29	28.7583	23.0764	0.394063	-1.72299	1
29	34.2676	27.8905	0.698419	-0.769608	1
29	34.2637	37.5684	-1.59377	0.0223057	1
29	35.4992	26.7319	0.141182	0.11584	1
29	0.778732	33.0471	-0.432405	-0.276452	1
29	31.5161	19.2436	0.657235	-0.326745	1
29	5.34418	32.1468	1.75079	-0.196243	1
29	27.1514	25.9245	-0.636426	0.731678	1
29	39.599	29.675	1.30508	-0.00263554	1
29	7.39151	3.43675	-0.205594	0.526337	1
29	39.4821	36.0595	-0.463092	0.0194354	1
29	4.63777	22.9039	0.372765	0.471342	1
29	10.6201	2.48714	0.300751	-0.292752	1
29	7.71373	0.56111	0.960237	1.26324	1
29	39.2677	26.554	1.34137	-0.215219	1
29	7.83303	5.45938	-0.683132	-0.445591	1
29	13.3197	20.4384	0.465418	0.466407	1
29	9.15481	25.3411	-0.0822263	0.327532	1
29	8.23452	29.8701	-2.59496	-0.344605	1
29	8.28778	32.5701	-0.0317066	-0.818198	1
29	21.9709	26.2989	1.22178	2.27704	1
29	15.7302	33.899	-0.96803	1.47863	1
29	11.7687	24.6204	-1.87325	-0.720441	1
29	24.7798	23.2549	0.318643	-0.912541	1
29	12.3552	28.4547	-0.807151	1.12581	1
29	13.8712	27.2698	0.0911918	0.520603	1
29	23.7169	26.2083	0.8702	-0.0436878	1
29	13.9678	28.287	-0.419498	1.10616	1
29	32.0246	30.7036	-1.45024	-0.566652	1
29	25.1785	29.6427	0.743102	-0.0428774	1
29	34.4589	31.3534	-0.112491	1.24299	1
29	24.5773	37.0763	-0.841236	1.6642	1
29	25.699	32.2969	0.00140936	0.169942	1
29	18.763	25.4904	0.415642	0.508357	1
29	33.1348	33.2943	0.071663	1.28334	1
29	27.9012	24.8385	2.05218	0.226488	1
29	30.0159	33.9862	0.214376	-0.678766	1
29	1.02808	31.1434	0.358652	-1.3102	1
29	6.41767	22.7252	-0.170478	0.981722	1
29	1.75769	30.2153	-0.84472	1.2697	1
29	39.7682	28.4405	-0.320055	1.00559	1
29	31.3859	36.809	1.21875	-0.809666	1
29	1.94934	26.7704	-0.142866	1.54248	1
29	36.5489	25.7878	-0.816532	-0.017214	1
29	3.58014	22.366	-0.275379	0.501214	1
29	8.79731	38.6671	-0.283074	0.126296	1
29	4.04103	25.784	-0.00939496	-1.28667	1
29	25.9043	20.1192	-0.316519	0.0855751	1
29	11.7609	16.8717	-0.745145	-1.5281	1
29	8.37511	28.6866	1.67101	-1.40753	1
29	13.4288	26.0834	0.661678	0.486458	1
29	16.6827	17.0636	-0.426101	0.840382	1
29	18.5215	0.330745	2.02832	0.932628	1
29	9.29956	22.0062	-0.459316	-1.91652	1
29	11.6315	32.694	-1.00111	2.11847	1
29	19.3806	33.6296	0.393112	0.0347333	1
29	16.1313	26.9922	-0.82459	0.0209288	1
29	19.4091	21.5486	-0.503382	-1.54412	1
29	17.6263	18.9685	1.22331	-0.784991	1
29	14.9331	24.977	-0.281706	0.866014	1
29	21.0932	30.905	-0.583338	-0.358604	1
29	15.5459	30.8143	-1.36108	1.60049	1
29	19.4261	17.8492	-1.28415	-1.6623	1
29	36.8837	35.3253	0.0284187	-0.919498	1
29	30.875	17.5244	-0.431827	-1.0571	1
29	36.2262	32.45	0.657367	-0.118555	1
29	29.7005	28.4849	1.09852	-0.633255	1
29	29.8566	27.0711	0.373868	1.00311	1
29	18.0474	27.377	0.464157	-0.650377	1
29	32.2799	36.2395	-0.366968	-1.05236	1
29	36.8409	26.8188	-1.37687	-0.245288	1
29	5.74966	28.2817	0.46355	1.74079	1
29	7.35635	35.7225	0.848802	1.83988	1
29	33.6085	25.918	0.340501	-1.34017	1
29	6.17064	33.0928	-0.650883	-0.597963	1
29	3.55733	28.2147	0.103889	-0.923401	1
29	5.05093	37.9926	0.656202	0.301996	1
29	9.54238	37.7663	1.08227	0.755785	1
29	29.8379	1.9788	-0.185968	-0.247102	1
29	6.11893	37.5728	1.2535	-0.54981	1
29	1.52542	23.9904	1.27145	0.0690103	1
29	7.95881	27.5331	1.0675	0.824244	1
29	38.817	28.8969	0.588378	-1.32626	1
29	21.0702	34.0406	0.530342	-1.39839	1
29	16.7715	25.8463	0.915743	-1.54849	1
29	9.44647	29.2512	-0.725604	-0.0826399	1
29	20.068	22.4332	0.454186	-1.37545	1
29	19.6551	26.7857	-0.0746264	1.60732	1
29	21.9267	34.9034	0.742897	-1.47284	1
29	20.594	31.7744	-0.950424	-0.15075	1
29	12.7618	23.7631	0.385654	-0.204749	1
29	15.2594	22.5794	0.632588	-1.22286	1
29	27.937	29.1683	-0.386437	0.744797	1
29	22.1494	30.5255	0.433679	1.14423	1
29	26.6958	32.3228	-1.02001	-0.421852	1
29	29.7211	31.996	1.12792	-0.843027	1
29	28.912	30.0674	0.0895277	0.489945	1
29	25.0395	27.5733	0.704913	-2.46652	1
29	30.7985	32.5778	-0.82211	-2.90264	1
29	4.32187	36.5399	0.700112	-0.145297	1
29	33.4073	36.8179	0.786825	-1.6494	1
29	39.1569	30.8442	-1.3723	0.237782	1
29	4.36731	35.4054	0.193671	-1.09559	1
29	37.4278	34.4428	-0.440079	-0.910021	1
29	36.803	24.5926	-1.37407	-0.703999	1
29	6.68836	34.6546	1.36414	-1.62162	1
29	11.513	39.2314	-0.0708571	0.0909247	1
29	30.7419	30.05	-0.98257	-0.50432	1
29	3.39854	32.9158	0.701245	-0.932483	1
29	2.42302	28.6609	-0.156724	0.866383	1
29	9.17413	30.2143	1.55564	0.201228	1
29	13.9996	19.4892	-0.570205	0.540243	1
29	12.0319	20.3268	-0.915464	0.585621	1
29	0.830895	6.93792	-2.70905	0.944524	1
29	10.1558	18.5566	-1.91372	1.00288	1
29	7.00739	14.1503	-1.31292	-0.757342	1
29	16.6973	15.091	-0.200748	0.133414	1
29	15.5779	15.289	-0.522206	1.36629	1
29	23.3767	29.4435	0.423806	1.06269	1
29	4.62128	29.1277	-0.132139	-0.909804	1
29	1.55004	35.7906	0.137172	-0.436977	1
29	12.3259	35.8117	-0.403191	0.222486	1
29	21.8932	6.89761	-0.504728	-1.8481	1
29	7.89442	34.6457	0.355889	-0.124566	1
29	16.9992	28.9584	-0.537064	-1.5036	1
29	23.4926	32.2239	-1.21333	0.848269	1
29	0.282272	31.9314	0.734364	-1.0018	1
29	26.1064	15.905	1.41752	-0.664227	1
29	31.3543	33.5181	-1.14342	1.21114	1
29	27.0112	22.6179	-0.949855	-1.13165	1
29	29.2394	36.3034	-0.8889	0.0774728	1
29	32.4188	28.885	0.610715	0.552266	1
29	29.8705	30.7673	-0.461862	-0.433735	1
29	32.4251	34.1132	-0.99061	-0.556132	1
29	34.6134	35.636	-0.91303	0.914335	1
29	3.92109	33.7753	0.596407	-0.0259942	1
29	34.9796	34.5886	-0.0691227	0.960777	1
29	39.4759	33.2828	-0.16913	-1.30655	1
29	7.48473	33.6572	-0.116452	-1.41193	1
29	9.85699	34.7673	0.328537	1.68644	1
29	10.5616	39.7099	-0.268042	1.04776	1
29	1.47211	21.7092	0.216606	0.754565	1
29	16.9218	36.2231	0.893411	-0.335145	1
29	10.6393	35.8191	-0.207213	0.187342	1
29	13.4739	32.871	-1.28297	0.826684	1
29	2.00172	31.5414	-0.28071	1.69981	1
29	8.97506	24.2166	-2.30042	-0.610164	1
29	7.85435	36.8098	0.268698	-0.517077	1
29	15.4495	36.0386	1.58435	1.24892	1
29	3.14164	6.44774	0.380616	0.319882	1
29	16.1229	2.87391	1.33741	1.87519	1
29	19.2268	24.5734	-0.371268	1.03996	1
29	17.4733	31.9714	-2.6072	-0.535578	1
29	22.0668	12.2885	0.10027	0.166905	1
29	28.0215	32.2857	-1.02318	-0.0145756	1
29	20.1705	32.9808	-2.0902	0.0799681	1
29	12.75	22.6595	0.1016	0.350291	1
29	35.0363	36.7532	0.53797	-0.528438	1
29	28.8584	31.1858	1.19515	-0.707083	1
29	25.2292	30.9106	0.354274	0.287446	1
29	15.6104	25.7613	0.556271	2.08275	1
29	4.00086	3.21911	-0.84603	-0.00674882	1
29	17.1943	26.8619	0.771761	-0.341135	1
29	37.2419	36.286	0.00964528	0.184484	1
29	28.623	39.4007	-0.168275	0.16471	1
29	28.3171	26.7151	0.921039	-0.663241	1
29	32.1446	32.9634	-0.00316045	1.47301	1
29	36.3094	31.2531	0.706959	0.388706	1
29	33.7415	22.95	-0.488776	0.319531	1
29	29.8855	38.7749	-2.22071	-0.75272	1
29	37.7901	27.5649	-0.974286	-0.518165	1
29	31.9318	3.6978	-0.323228	-0.601252	1
29	36.13	34.5188	-0.725005	-1.23908	1
29	4.9918	30.6117	0.451745	1.1205	1
29	8.18321	1.49105	-0.0991382	1.02509	1
29	3.20843	30.8004	1.25954	0.851198	1
29	9.51431	33.4485	0.120956	-0.619785	1
29	13.1716	30.6578	-0.535819	-0.53691	1
29	12.6519	0.147311	-2.23867	0.789074	1
29	7.28469	31.488	-0.487467	0.399498	1
29	12.9338	39.1424	-0.562077	1.42625	1
29	3.22462	27.2633	0.837649	-0.184167	1
29	18.2487	33.0083	-0.914509	0.966578	1
29	14.7923	28.7352	-0.789068	-0.102595	1
29	10.7513	29.167	-1.42796	-2.72125	1
29	4.96178	26.5557	-0.0904279	-0.378635	1
29	15.8162	28.6562	0.412739	0.714458	1
29	16.9881	32.9792	0.122307	1.05182	1
29	22.6563	31.5172	-1.72535	1.91147	1
29	22.498	28.7796	-0.110386	-1.64341	1
29	20.6372	35.0655	-0.385302	1.52354	1
29	27.8743	23.7621	0.53795	-0.219472	1
29	19.598	0.282507	-0.781422	-0.359263	1
29	27.4264	31.3579	-0.664267	-0.0536386	1
29	29.8978	23.9586	-1.23959	-0.57879	1
29	31.6825	29.6285	1.44491	-0.297696	1
29	27.7532	37.8802	-1.25876	-0.783928	1
29	34.5011	38.5566	0.272021	1.97849	1
29	3.1098	39.5958	0.96894	-0.693366	1
29	0.407778	38.0068	0.617263	-1.1948	1
29	8.45401	30.987	1.58778	-0.380859	1
29	3.02365	2.81945	0.0866757	0.951175	1
29	26.7863	0.11864	0.0155621	1.03811	1
29	34.2548	32.854	1.31691	0.388326	1
29	5.42211	1.14823	0.380302	1.57057	1
29	29.7326	39.8443	-0.420025	0.408104	1
29	35.3625	37.8958	-0.529629	1.03083	1
29	6.61361	0.431126	-0.490198	-1.13119	1
29	8.87932	0.807176	-0.0878957	-0.0669139	1
29	11.6657	36.7081	-1.31038	-0.966614	1
29	8.58376	10.1298	-2.02832	-1.01338	1
29	13.3759	5.59529	0.403868	1.84056	1
29	6.3961	25.296	0.32604	-0.521793	1
29	13.7989	23.9005	0.403171	0.655366	1
29	7.99337	25.2751	0.0822226	1.0687	1
29	13.4076	34.4307	0.515	-0.442182	1
29	18.5747	34.2261	-1.13707	0.946939	1
29	23.2145	6.01379	-0.53691	0.00169213	1
29	15.9048	20.9128	-0.802735	-1.81747	1
29	27.3597	33.1199	0.822062	0.655686	1
29	21.4784	32.7239	-0.405286	-2.1986	1
29	22.2243	38.8295	-0.86413	0.297111	1
29	24.3212	35.667	-0.621021	0.995027	1
29	21.1444	38.5744	1.86513	-0.923602	1
29	27.2363	27.2089	-0.433146	-0.948211	1
29	32.4092	37.3449	-0.773219	-2.04668	1
29	29.0856	35.2066	0.0406158	0.575415	1
29	18.2223	3.77625	-1.30008	0.690372	1
29	33.3006	39.5939	-0.448697	-0.349341	1
29	32.5645	21.2242	0.390817	-0.095976	1
29	28.193	36.3568	0.263611	1.5351	1
29	31.3698	0.0247921	-0.50405	0.912519	1
29	32.3322	0.149329	-0.850328	-1.8148	1
29	35.3236	33.5031	0.596772	-0.259976	1
29	6.73976	8.42159	1.12616	-1.83668	1
29	7.06572	4.69967	-0.439225	1.11669	1
29	3.40553	36.2436	0.395082	0.225152	1
29	37.5002	3.15121	1.29842	0.299429	1
29	2.18254	0.0533316	-1.26712	-0.381095	1
29	38.483	34.4467	0.479257	-0.0645511	1
29	5.77394	9.01394	-0.214451	1.49512	1
29	8.51335	35.7447	0.755366	0.118951	1
29	9.18664	31.8384	0.7758	0.175407	1
29	16.5101	30.167	-1.93586	0.411486	1
29	15.7421	34.9792	0.0649309	0.750485	1
29	20.4647	14.4892	-1.46993	-0.324657	1
29	14.48	26.1358	0.569918	-0.917745	1
29	16.7124	27.8785	-0.237683	-0.719902	1
29	9.84462	4.4996	0.149702	1.36468	1
29	37.8134	28.7767	0.461586	-0.946228	1
29	14.6422	6.48945	0.684042	1.02009	1
29	5.45368	6.90691	0.678294	-2.35046	1
29	23.7753	31.2389	0.499374	1.29812	1
29	20.3998	4.00709	0.793117	-0.0168662	1
29	19.2941	4.71737	-0.385652	-0.811153	1
29	25.1736	24.8713	-0.114652	-0.646921	1
29	11.2766	30.6782	-1.0098	0.340096	1
29	36.1793	36.5367	-0.0566316	0.752224	1
29	24.1483	28.2251	0.421323	1.15582	1
29	22.6011	32.8671	-0.606789	0.379418	1
29	27.0289	5.90994	0.816075	-1.45575	1
29	0.68561	36.8252	-0.896866	0.888132	1
29	32.3329	38.5151	0.684013	0.0727833	1
29	26.6648	29.8174	0.0582076	-0.00236436	1
29	33.9712	3.31076	-0.85903	0.220054	1
29	30.6769	37.99	0.0940172	0.937296	1
29	29.4556	1.03812	0.369174	1.05367	1
29	5.6031	36.4984	-0.654531	1.35338	1
29	36.1209	30.2318	-1.04074	0.146487	1
29	5.65309	7.94752	0.0726454	0.712367	1
29	23.6486	2.06285	-0.628771	1.18015	1
29	5.84461	35.47	-0.817681	0.595671	1
29	36.0183	13.2521	-0.665727	-0.624047	1
29	36.618	10.9478	1.0017	0.205058	1
29	9.56455	7.96341	0.0234217	-2.22069	1
29	12.4881	3.75776	-0.568683	-0.3313	1
29	6.79063	11.542	-0.111282	-0.349741	1
29	39.4855	1.95457	-0.738379	0.315959	1
29	12.0522	33.9713	0.997009	2.84857	1
29	19.9996	37.8639	0.251795	1.04222	1
29	4.80889	9.5588	-0.176757	-0.904262	1
29	5.94952	39.6549	-0.959814	-0.121379	1
29	18.9917	39.1151	0.684008	0.734753	1
29	7.36714	6.34395	-1.63441	0.311555	1
29	12.8639	32.0731	-0.285182	-1.25001	1
29	16.068	32.3238	1.03232	1.72721	1
29	26.8913	35.7045	0.206297	-0.718493	1
29	2.46731	1.64987	0.629021	-2.41216	1
29	11.0861	26.8209	-0.330915	-0.938284	1
29	38.8587	1.12694	-0.0927848	0.457465	1
29	19.3012	32.4735	-1.10503	-0.566666	1
29	29.2699	2.86386	1.67513	-1.48277	1
29	31.2654	38.9816	-0.796463	0.123555	1
29	24.9836	39.0513	-0.062734	-0.116626	1
29	33.162	2.61375	0.62482	0.105934	1
29	34.7253	13.3964	-0.314699	1.33193	1
29	32.734	35.3016	-0.616908	0.672366	1
29	36.4569	37.5688	-0.844613	0.06284	1
29	1.68746	2.29484	1.04467	0.694111	1
29	18.7919	29.2137	-0.400454	1.33169	1
29	36.796	9.24184	0.327802	-0.194788	1
29	1.27444	1.20778	0.96055	-0.352091	1
29	7.43532	37.9218	0.909691	-0.699517	1
29	39.5618	9.11752	1.06346	1.68861	1
29	12.1864	38.1645	0.528509	0.469113	1
29	6.96851	1.54391	-0.832142	0.0475804	1
29	10.9049	33.5238	0.312064	1.11736	1
29	6.14054	31.1285	-1.29862	-1.17432	1
29	7.84257	11.0146	0.019359	1.59379	1
29	36.6312	33.4903	0.646796	0.124796	1
29	18.9447	30.3781	-0.284159	-0.166955	1
29	11.6532	0.345814	0.331568	-0.170682	1
29	4.45105	7.19621	1.69114	0.283301	1
29	4.81579	6.06511	0.109581	-0.836007	1
29	13.3703	36.9796	1.24686	0.832962	1
29	18.2198	31.0589	-1.22133	0.823906	1
29	19.3646	34.9506	0.921348	-0.891105	1
29	10.1512	24.7056	0.140855	-0.565606	1
29	19.424	2.27071	1.36746	-0.00505372	1
29	20.6781	0.0888807	1.2831	-1.37384	1
29	1.1089	39.4523	1.22137	-0.72392	1
29	20.4092	2.69765	0.614168	-0.58825	1
29	24.5	34.4917	0.287401	-0.894309	1
29	17.6598	22.6723	-0.547797	1.12892	1
29	28.1068	0.506749	-0.667802	0.424578	1
29	28.6811	33.7375	-0.422664	-0.541228	1
29	28.1645	27.8379	-1.66896	0.412912	1
29	37.6532	1.89045	-2.16608	-1.49065	1
29	34.777	0.82565	-1.06959	-0.887671	1
29	34.9393	39.6903	0.309513	-1.16154	1
29	39.924	0.305138	-0.477193	1.07298	1
29	16.7938	31.1159	0.285736	-1.25909	1
29	33.5472	5.03131	0.0238808	0.195036	1
29	31.998	2.40343	1.59476	-0.949817	1
29	5.95672	4.97436	0.530342	1.07058	1
29	4.92238	39.4004	0.213023	0.866231	1
29	7.56821	38.9275	-0.0878202	0.243247	1
29	39.9771	4.26851	0.997238	-0.0272961	1
