23	1.92231	36.9069	1.41732	-0.496418	1
23	11.982	39.1035	-0.589616	0.606079	1
23	1.7375	33.4773	2.02542	-0.651932	1
23	19.3725	32.5147	1.03397	-1.10556	1
23	11.9622	35.2751	0.0897545	-0.222685	1
23	6.07303	4.56844	-1.82078	-1.7002	1
23	5.85498	2.04116	-0.541449	0.505767	1
23	0.870128	6.84205	1.13849	0.313031	1
23	15.9274	38.9824	0.650711	-0.741469	1
23	15.1959	5.54766	-1.00533	0.963166	1
23	20.1668	30.3054	-1.02343	-0.654483	1
23	11.9953	2.40301	-0.544424	1.06504	1
23	10.9378	39.5652	1.76698	-1.1762	1
23	14.0126	32.1572	-0.969646	-0.781133	1
23	29.1731	3.29158	0.534607	-1.34603	1
23	16.3443	3.53423	-0.809665	0.027808	1
23	20.9099	1.03482	1.16501	-0.788223	1
23	29.339	39.6193	0.521407	0.304418	1
23	31.2653	1.97149	0.103123	0.201132	1
23	21.2008	2.22334	-0.266964	0.803217	1
23	22.18	31.3033	0.21135	-0.656003	1
23	17.2896	6.84944	0.720552	1.70263	1
23	33.3887	2.31052	-2.43321	0.583627	1
23	31.4326	3.00922	-0.150274	1.15801	1
23	28.2946	0.501626	1.10194	1.54516	1
23	36.8735	5.49513	0.283289	-1.13811	1
23	37.0492	3.8099	1.09474	-0.465458	1
23	1.57536	39.4146	0.750646	-1.04118	1
23	25.2365	2.40898	0.569984	-0.459418	1
23	33.397	19.2061	0.757018	1.21232	1
23	1.97291	4.46274	0.206192	-0.509029	1
23	8.69741	6.56396	1.10924	-0.48137	1
23	5.46359	39.7735	-1.55431	0.0503456	1
23	37.6733	9.16933	-0.52152	-1.03929	1
23	38.7331	39.1943	1.24136	-0.0426101	1
23	2.67494	1.47423	-0.340188	-1.13734	1
23	38.9133	8.05515	0.125991	0.667319	1
23	2.6701	39.196	0.401077	-0.773807	1
23	14.0373	3.9679	-0.348321	0.0376255	1
23	5.34593	9.84524	-0.336927	-0.951736	1
23	12.2636	29.1249	-1.11858	-1.56453	1
23	6.2643	11.7871	-1.89331	0.166307	1
23	9.58778	0.506217	1.03224	-1.07289	1
23	11.6412	37.0948	-0.399666	0.466713	1
23	13.8809	1.58753	-1.80323	-0.416849	1
23	13.3083	35.2495	0.469421	-0.289324	1
23	31.5526	33.471	-1.6755	1.14948	1
23	10.661	3.3889	1.38108	0.798637	1
23	13.6518	31.0258	0.160791	0.173402	1
23	24.4492	36.0375	1.70796	-0.342232	1
23	15.5647	4.65668	-1.41076	-1.11909	1
23	17.8684	29.324	1.15766	-0.937008	1
23	20.0592	4.3212	-0.88148	0.672282	1
23	25.5825	36.1613	-0.300565	0.855392	1
23	29.5643	9.32913	0.912958	0.383372	1
23	35.5358	5.35204	0.642355	0.613349	1
23	26.3254	1.0568	-0.243046	-0.580302	1
23	28.6927	13.1725	-1.53244	0.277494	1
23	30.1323	0.208934	0.0490752	-0.747485	1
23	30.3911	2.5623	0.192727	0.767576	1
23	0.758731	36.5894	0.270188	-0.00341156	1
23	27.005	0.139462	0.345217	-0.24737	1
23	23.3772	36.6168	-0.0842923	0.384043	1
23	0.701906	9.79274	-0.206144	0.41321	1
23	36.4517	37.2521	-0.29341	-1.10731	1
23	37.7624	7.88487	-0.488926	2.01325	1
23	38.2761	6.93967	0.268377	-0.619074	1
23	8.94867	7.64868	-0.230112	-0.531125	1
23	5.73691	6.36318	-0.325366	0.861074	1
23	1.57306	13.0772	2.16909	0.592708	1
23	39.612	3.51498	-0.357791	-0.362491	1
23	21.3112	13.442	-0.123677	-1.10184	1
23	38.7158	14.8349	-0.626236	-0.280457	1
23	1.03955	8.18082	-0.725059	-0.512854	1
23	16.8295	10.7632	-0.120793	0.344497	1
23	14.7561	38.7572	0.217441	0.459454	1
23	16.3815	6.04996	1.16583	0.126503	1
23	18.4145	35.9682	-0.0935658	0.710966	1
23	9.71005	37.8603	1.16978	0.290085	1
23	14.8496	11.0624	-0.445587	0.121759	1
23	20.1336	38.565	0.12947	-1.60435	1
23	25.9954	34.2557	-0.310323	1.01674	1
23	29.1805	35.9497	-0.681581	-0.389338	1
23	21.1635	39.3688	-0.121642	-1.1272	1
23	7.77892	0.0647249	0.0906376	-0.00462763	1
23	27.584	37.1536	-1.06316	0.776743	1
23	22.3895	13.2537	-0.261394	-0.46736	1
23	21.2071	7.25049	0.616762	-0.904187	1
23	32.9833	5.22227	-0.386289	0.769992	1
23	24.9407	0.113803	-0.11719	-1.40413	1
23	37.5202	15.1085	1.20194	1.81965	1
23	20.4028	6.59618	-0.414096	-0.00880416	1
23	39.549	38.6734	1.10367	-1.77981	1
23	39.7575	7.07813	-0.95899	1.67265	1
23	36.2084	7.60212	-1.60782	-1.59029	1
23	31.8512	10.2332	-0.382084	-0.432143	1
23	31.3342	37.4023	1.0844	-1.07279	1
23	38.7936	37.8861	-0.805933	-0.0951966	1
23	17.936	8.60993	0.633617	-0.201	1
23	37.6458	19.3517	1.11515	-1.7852	1
23	36.2997	20.69	1.17595	0.265958	1
23	8.79426	39.5296	-1.11915	-1.20208	1
23	4.7481	7.839	0.12987	1.09504	1
23	7.494	4.45486	1.10798	0.840874	1
23	3.08785	0.527802	-0.416934	1.47739	1
23	8.69805	3.97676	-0.547482	0.187329	1
23	15.388	13.6905	0.155284	0.0528919	1
23	6.4525	38.745	-0.465309	0.422773	1
23	9.86645	4.16652	1.58434	0.577639	1
23	21.3271	9.74398	-0.624661	0.273367	1
23	7.15273	9.35232	2.10853	0.650359	1
23	17.2287	4.44779	0.144606	-1.0198	1
23	14.2084	36.0461	-0.800077	0.961937	1
23	27.2033	38.9506	0.464265	0.854796	1
23	25.7891	6.55361	-0.42282	1.08713	1
23	17.4253	39.2919	1.31054	1.093	1
23	21.0356	31.0409	-0.648538	-0.919329	1
23	22.5877	3.71302	0.100462	0.786473	1
23	22.549	2.25769	-0.498508	1.54311	1
23	34.7882	2.61831	0.300951	0.313197	1
23	21.34	4.65193	0.280978	0.716444	1
23	26.343	2.77432	0.36265	-0.446783	1
23	32.3133	8.94032	0.904672	-0.988669	1
23	28.1701	38.0076	-0.0225631	0.173717	1
23	28.4491	1.64056	0.888542	0.1038	1
23	35.1508	1.44013	-0.555052	-0.427601	1
23	6.65084	35.9612	1.47118	-0.0984887	1
23	35.0848	11.2619	1.11601	1.47906	1
23	39.3651	11.8683	-1.81706	-0.852511	1
23	35.5059	10.0751	0.605257	-0.00445216	1
23	32.0485	5.34509	0.730108	-0.304948	1
23	4.32612	36.6441	1.16755	1.555	1
23	32.1313	16.8906	-0.0313313	0.522675	1
23	0.624357	13.6551	-0.158236	2.14379	1
23	3.40504	8.61575	0.41605	-1.20606	1
23	39.4588	9.92226	-4.04495	0.0584852	1
23	4.41966	10.4548	-0.369226	-0.880734	1
23	36.4097	16.385	1.37708	0.66951	1
23	4.78492	2.24398	-1.46968	0.325775	1
23	9.61698	3.08183	-1.68769	1.01867	1
23	4.54572	32.6276	-0.265611	1.38795	1
23	17.4037	37.2699	0.617091	-0.106961	1
23	19.3231	3.33573	-2.28151	0.478146	1
23	12.7006	36.5788	0.465753	1.25791	1
23	11.7576	30.9897	-1.08701	-1.27886	1
23	9.0214	5.5721	-0.256778	-1.16289	1
23	16.319	36.9764	0.305859	1.00558	1
23	16.258	2.42215	0.504538	0.83729	1
23	23.5144	4.94332	1.21501	0.33312	1
23	21.4973	35.2031	0.0927273	0.0171894	1
23	23.4062	0.825235	-0.501015	-0.985667	1
23	26.1633	7.88573	0.413962	1.14751	1
23	29.8801	7.31246	0.348927	-0.798437	1
23	19.4324	12.2813	-0.637116	1.30374	1
23	20.4377	10.8421	-0.908043	0.373382	1
23	13.4714	2.54286	-0.422389	0.583668	1
23	18.6843	9.39574	-0.316219	1.27863	1
23	36.0294	2.50019	0.403705	2.55425	1
23	21.6708	36.4758	1.37007	-0.783611	1
23	34.0582	5.17642	0.984869	-0.569055	1
23	1.16956	1.17562	-0.758102	-0.291946	1
23	22.227	39.2902	0.575459	0.711575	1
23	11.407	29.9056	-1.34653	0.565387	1
23	33.5696	12.1358	0.157755	-1.28915	1
23	1.54985	5.81797	-0.546056	1.10076	1
23	29.9866	16.3957	0.104575	-0.560874	1
23	36.2095	4.55837	-1.326	-0.439178	1
23	0.341331	5.95568	0.519258	-2.03879	1
23	36.3697	11.2435	-0.115364	1.05502	1
23	3.50929	2.30951	1.35517	-0.240835	1
23	0.770369	3.00016	0.48701	0.255899	1
23	3.40372	6.29039	0.636606	-0.453637	1
23	2.72339	11.3308	-1.35275	-1.45041	1
23	10.9407	4.34245	1.30876	0.678958	1
23	17.4362	33.8147	0.411579	2.06716	1
23	12.547	5.46022	0.891543	-0.236807	1
23	17.2108	34.8136	0.0607772	0.904274	1
23	14.838	32.79	0.165749	0.321099	1
23	17.9528	12.3281	1.00219	-2.08639	1
23	16.4776	39.9483	-0.401914	-0.274721	1
23	16.7985	9.12292	-0.0312247	-0.815137	1
23	22.4555	37.3601	1.77553	0.597698	1
23	23.5768	12.949	1.52752	-1.51195	1
23	23.8439	7.13068	-0.069799	1.92063	1
23	28.9692	22.8259	-0.593086	-2.08308	1
23	29.1545	18.2552	-0.328776	-0.602748	1
23	21.645	3.30456	-1.03322	1.47877	1
23	24.0551	11.7144	-0.31376	-1.83652	1
23	30.2316	18.2331	0.431716	1.57747	1
23	33.4772	6.18048	-0.261106	1.31336	1
23	26.5155	37.9921	1.22699	0.371559	1
23	26.1203	5.25464	-1.2418	-1.27238	1
23	37.8974	6.00644	-1.00504	0.252221	1
23	34.6253	6.15433	-0.121059	-0.938747	1
23	2.37	6.62819	-0.52855	-1.29952	1
23	37.7162	39.2865	0.674891	0.793794	1
23	37.8773	12.1384	-0.1397	-1.02164	1
23	35.0634	20.5713	-0.374606	1.59263	1
23	38.5331	12.9475	-1.21373	-0.715672	1
23	2.72577	13.48	-0.6875	-1.01254	1
23	3.79897	17.4662	0.403202	-1.58555	1
23	5.60551	3.61564	0.823627	-0.181754	1
23	13.5973	6.13105	0.906382	-1.24362	1
23	22.603	14.8736	1.33393	-0.198297	1
23	14.2441	5.11012	1.08832	-0.525222	1
23	20.1504	13.2167	0.890961	0.113768	1
23	14.6521	12.5466	0.819453	0.0180107	1
23	21.241	38.3486	0.184759	-1.06747	1
23	13.7025	36.9342	-1.29708	-3.18823	1
23	22.5471	35.9345	1.78234	-1.218	1
23	18.9561	8.19894	2.00951	0.963328	1
23	18.25	7.25133	-1.3487	1.39717	1
23	11.9192	8.24183	0.791279	-0.617149	1
23	21.8982	1.40904	0.159161	-1.2249	1
23	16.839	38.1791	-1.36788	-0.998534	1
23	20.5519	36.0383	0.901662	0.258662	1
23	29.3701	20.3202	0.0398457	-0.461426	1
23	24.3632	38.471	0.644791	-0.705682	1
23	35.2086	4.39062	1.19312	-1.47577	1
23	19.3491	16.9297	1.36671	0.795866	1
23	30.1246	6.2496	0.833698	0.255161	1
23	23.3839	15.8472	1.82452	0.0428579	1
23	33.6544	17.1796	0.442254	0.220532	1
23	32.4957	7.82215	0.37526	-2.02958	1
23	34.5654	9.09328	0.735294	1.67992	1
23	0.404122	11.6661	-0.30659	1.70664	1
23	34.1783	10.0833	-0.4938	-0.0927488	1
23	34.0428	3.72552	-0.595718	-1.25119	1
23	31.1702	16.4155	0.288351	-1.0694	1
23	32.8864	11.1584	-1.42997	0.622637	1
23	33.4693	9.04509	0.650305	0.402809	1
23	34.7537	22.7668	-0.556876	1.08575	1
23	35.9471	13.4846	-0.946402	0.542712	1
23	4.17882	11.5111	0.684943	0.761542	1
23	4.34432	6.76095	-0.537609	-0.894519	1
23	2.38537	8.16304	-1.06178	-0.938748	1
23	36.5739	17.7497	-0.262803	-0.0231438	1
23	21.0104	18.2939	0.982423	0.453338	1
23	0.296258	14.9673	-0.584726	1.05266	1
23	10.8039	2.33724	-1.3136	-0.107689	1
23	7.29436	12.3142	0.727148	1.0545	1
23	9.33364	9.66255	0.287497	0.533679	1
23	17.3891	35.8865	-1.28609	1.83432	1
23	15.3516	39.8424	1.5012	0.368922	1
23	16.0508	34.308	-0.157509	-0.660221	1
23	12.6378	3.46992	1.25976	-0.274111	1
23	23.4986	6.03392	-0.0216998	-1.49652	1
23	17.3831	0.575552	-0.914337	1.35761	1
23	13.7421	10.5899	-1.50259	0.828422	1
23	23.1613	39.4789	0.283536	-0.342365	1
23	26.27	4.02289	0.63043	0.661605	1
23	27.3354	9.39839	-0.855936	0.552049	1
23	25.2259	8.40197	-0.94828	-0.972496	1
23	29.4362	10.4568	1.43611	-0.483584	1
23	29.288	12.191	-0.636733	1.06799	1
23	25.2649	11.7823	0.450354	0.574195	1
23	37.1111	13.763	-0.336951	-1.69002	1
23	35.4357	39.1728	-1.10732	-1.09643	1
23	36.9049	9.98911	1.08967	0.272579	1
23	28.106	3.66026	0.383826	-0.0972148	1
23	32.6556	15.0543	-1.19818	0.839616	1
23	28.6115	4.74839	1.00312	0.43315	1
23	36.5566	39.2077	0.375883	0.9108	1
23	24.3872	1.2435	-1.13205	-1.77029	1
23	33.9146	23.7968	-0.149414	0.379818	1
23	5.69171	17.0034	0.313437	0.598005	1
23	1.71036	2.2329	-0.283513	0.619297	1
23	3.52308	16.0026	-0.732643	-1.63855	1
23	4.6036	16.808	0.256534	0.955366	1
23	0.0629582	12.6732	-0.184924	-1.73292	1
23	19.6711	35.6158	0.30002	-2.76791	1
23	19.5493	18.5069	0.730227	-0.0818495	1
23	2.98163	10.2421	-0.905869	0.363249	1
23	8.09195	14.8995	0.344514	0.725121	1
23	21.2227	8.54622	0.310924	1.50736	1
23	15.4724	36.3831	-0.508318	0.936331	1
23	16.9023	12.2149	-0.277555	1.06831	1
23	13.0101	18.241	-1.48734	1.08751	1
23	15.364	8.75573	1.96969	-0.468986	1
23	28.8411	6.1042	-0.744674	-1.12765	1
23	18.9561	2.27083	-1.09292	0.300435	1
23	30.0648	8.38387	-0.19655	-0.0312054	1
23	23.3552	9.16008	2.61492	1.23238	1
23	25.5967	9.44819	0.138712	0.870885	1
23	35.1252	7.23761	-0.0996548	1.39034	1
23	21.6264	14.5969	-0.322648	1.19096	1
23	23.3125	17.9955	-1.04107	0.634419	1
23	17.4938	13.3931	0.858208	-0.672168	1
23	30.9618	12.7391	1.49025	-1.88087	1
23	19.8941	7.50534	2.3429	2.0267	1
23	35.9809	6.31809	2.29856	0.397263	1
23	30.5106	10.3062	0.783028	0.478598	1
23	27.3173	16.4188	0.929726	-0.353283	1
23	32.0157	20.4331	-0.922395	0.999613	1
23	6.32192	17.7876	2.21437	0.809385	1
23	2.08807	17.8542	-0.664492	-2.03734	1
23	0.40767	24.9404	-0.976716	0.265229	1
23	9.20795	18.0249	-0.697156	0.766089	1
23	5.50911	10.9363	-0.822654	-1.43626	1
23	37.0495	6.94726	-0.958733	-0.284347	1
23	13.9136	38.0235	0.297121	0.450707	1
23	12.259	9.19981	1.31993	1.73021	1
23	9.7743	8.57759	0.15135	2.42282	1
23	2.40253	9.27274	1.51839	0.266218	1
23	10.6587	5.30265	0.460107	1.57311	1
23	1.43315	11.8218	-1.06457	0.256762	1
23	6.89361	22.6699	0.450426	-1.14208	1
23	18.0362	10.2965	1.51649	0.296882	1
23	8.9591	10.7185	0.532005	0.296163	1
23	10.0999	10.7019	-0.326875	-0.522407	1
23	20.2664	14.9757	-2.57749	1.39699	1
23	11.8369	1.3751	-0.0799183	-0.228016	1
23	32.499	12.7508	-0.143263	1.41317	1
23	15.2636	3.56573	-0.923482	-1.26208	1
23	23.8097	3.54292	-0.918376	-1.27094	1
23	13.2389	4.71441	0.936308	0.437971	1
23	19.096	4.52489	0.367792	-1.51149	1
23	24.4687	13.7487	-0.719818	0.681204	1
23	24.102	8.44254	0.833637	-0.6108	1
23	16.1139	18.1007	0.350652	-0.348476	1
23	30.9085	13.9039	-0.819597	0.658945	1
23	23.9814	10.3528	-0.265892	-1.50711	1
23	29.9186	19.3642	-0.324842	0.319009	1
23	32.8243	22.8518	-0.974507	-0.356955	1
23	36.4532	8.8049	-0.672647	-0.757852	1
23	23.122	14.0657	1.95781	0.932322	1
23	34.8091	17.1169	-0.868596	-0.374243	1
23	33.716	14.4936	1.02649	2.60512	1
23	32.765	17.6963	2.01956	0.316128	1
23	4.22612	21.297	-0.603786	-1.35907	1
23	35.5906	21.5587	-1.26755	1.4849	1
23	39.0437	18.1011	-1.23041	-0.544498	1
23	7.21536	2.11904	0.398583	0.0461015	1
23	3.38555	12.1882	-1.18219	0.697105	1
23	38.5883	11.0332	0.069905	-0.478637	1
23	7.61421	13.7119	-0.0021016	1.18078	1
23	15.8947	9.87399	0.78386	0.146928	1
23	8.20666	18.5884	0.427429	0.179613	1
23	12.4974	7.22222	-0.0735078	0.252121	1
23	11.7643	6.2166	-0.0994479	0.376229	1
23	11.8117	12.6127	2.72303	1.27797	1
23	18.298	1.24164	-0.942495	0.322574	1
23	16.6127	16.0212	0.110603	0.967276	1
23	21.2888	15.6373	0.64005	-0.696243	1
23	22.4905	6.54671	0.0522737	0.856405	1
23	26.2361	11.2572	-0.520397	-0.146102	1
23	22.3748	7.6947	0.518489	-1.60573	1
23	31.1435	8.40898	-2.04778	0.497835	1
23	27.5342	4.48974	-0.838087	-0.863596	1
23	25.0689	14.5874	0.549599	0.193897	1
23	28.6191	7.40955	1.28032	1.02581	1
23	32.2564	25.8718	0.489744	-0.372176	1
23	30.4797	15.3781	-0.178505	0.218872	1
23	27.355	15.0463	-1.27697	-1.22212	1
23	26.387	12.5738	0.143123	0.0736441	1
23	35.8746	23.1628	0.616884	0.0885129	1
23	34.4654	12.8649	-0.198226	1.10149	1
23	25.3044	3.48427	0.755118	0.441222	1
23	34.3015	16.2257	-1.01989	-0.000908224	1
23	31.5149	15.1432	-0.488724	-2.09045	1
23	38.8708	4.43426	0.663527	-0.926494	1
23	28.3545	9.64293	-0.327376	-0.131134	1
23	2.02795	14.3305	0.0439107	1.28416	1
23	35.5841	28.141	-1.81058	0.272211	1
23	38.6932	19.3027	-0.504636	0.669221	1
23	15.6379	37.7082	-2.10688	0.106315	1
23	0.956936	18.831	0.212488	-0.523628	1
23	11.0915	15.5467	0.788398	0.278634	1
23	34.5932	14.9684	0.61532	0.291642	1
23	7.63047	19.4035	0.408425	-0.118008	1
23	13.0083	8.20006	-0.106023	1.57356	1
23	10.9889	11.4389	0.739876	0.217353	1
23	14.4989	16.4517	0.76256	-0.487953	1
23	17.2502	17.0405	-1.3621	-0.189794	1
23	8.96676	13.87	-0.0629103	-1.29344	1
23	8.25296	16.4409	-0.0609791	0.592353	1
23	9.2692	20.4603	-0.904838	-1.79184	1
23	10.7694	12.5332	-1.09688	0.261271	1
23	12.7184	13.6191	0.587216	0.30841	1
23	10.9814	7.4216	-1.1127	0.657324	1
23	16.4	19.1477	0.483886	0.463145	1
23	20.1965	16.1168	0.0257252	0.476153	1
23	27.6937	6.22754	0.914244	-0.587407	1
23	20.0877	8.6814	-1.91802	-2.1249	1
23	28.0527	12.2134	-0.622756	-2.07924	1
23	27.7359	8.18956	0.358836	0.475179	1
23	37.3402	11.0871	-0.180986	-0.616512	1
23	28.807	8.53037	1.39656	1.39956	1
23	33.8234	26.6872	1.83649	1.11386	1
23	33.1839	10.026	-0.00465754	-1.4478	1
23	39.4191	24.2564	0.238915	-0.176997	1
23	33.2064	21.3824	1.05831	-0.700067	1
23	39.4338	15.7838	1.15764	0.0741897	1
23	17.2273	1.68554	0.198416	-0.910451	1
23	6.21458	15.9567	-0.769374	0.820463	1
23	17.3797	23.6353	2.08944	-0.183428	1
23	31.0966	26.6011	1.00587	1.38979	1
23	1.21317	15.9281	0.22389	1.05235	1
23	39.9406	8.98758	0.368201	1.49835	1
23	5.68447	27.2628	0.0159608	1.11843	1
23	12.389	20.469	-0.542841	-0.780821	1
23	6.17401	13.9843	0.502315	0.573527	1
23	9.12879	15.7469	1.86843	1.57369	1
23	39.968	21.459	-1.24414	-0.67131	1
23	39.4251	13.9059	0.348551	-0.960547	1
23	25.1922	10.5234	0.265358	0.764346	1
23	37.5219	16.7	0.726307	0.284892	1
23	13.6394	12.3481	0.0194501	-1.48862	1
23	14.3115	8.43226	0.0326588	0.268664	1
23	14.9544	17.8574	-1.04741	0.903007	1
23	24.0722	2.24641	-1.17603	-0.436231	1
23	3.14576	7.3081	-0.372986	1.46397	1
23	9.92214	27.4872	-0.169599	1.1826	1
23	14.8049	9.75872	-0.0373577	-0.39095	1
23	23.8068	24.8608	1.42937	-1.04642	1
23	12.9929	22.3437	0.638943	0.0402525	1
23	25.465	18.2064	0.838083	2.05286	1
23	25.5425	15.5153	-0.653575	-1.85328	1
23	37.6745	27.9478	-1.74109	1.00194	1
23	32.2091	18.8143	0.016478	-0.339652	1
23	30.6663	20.2411	0.733058	0.504631	1
23	30.5999	9.31279	-1.0238	1.35204	1
23	25.6586	13.6483	-1.18367	-0.215854	1
23	24.3805	27.3719	1.66292	-0.0138867	1
23	31.2379	17.4544	1.68798	-0.926452	1
23	35.3187	15.9958	1.83518	0.0876106	1
23	31.6352	24.9606	-1.48321	-0.981533	1
23	31.4151	22.4266	-0.0493829	1.29975	1
23	37.3963	20.5077	0.45378	-1.75119	1
23	12.7309	10.4028	-1.09523	-0.583293	1
23	4.73601	14.3229	-0.687675	0.836198	1
23	3.43117	14.9179	0.848686	0.787299	1
23	14.0195	13.5058	0.173393	1.04462	1
23	1.6177	23.7965	0.317327	0.370337	1
23	2.933	21.2184	0.74485	0.886957	1
23	36.9355	21.6529	-1.41497	0.621459	1
23	0.435264	20.4241	-1.44474	1.53234	1
23	5.30973	13.2486	-1.32394	0.964354	1
23	2.29139	15.4108	-0.607719	-1.17731	1
23	13.3077	16.647	0.371082	0.887838	1
23	3.1364	18.464	-0.497476	0.658178	1
23	15.5641	20.0173	-0.116272	-1.32412	1
23	18.2543	20.4386	0.242636	0.0281065	1
23	13.8788	21.6796	-1.07643	-0.202695	1
23	15.8588	7.68953	1.10192	0.125067	1
23	17.2378	14.7647	0.589093	0.533732	1
23	22.9648	11.3708	1.15621	-0.338588	1
23	26.151	16.5395	0.980839	1.06763	1
23	24.9735	7.305	-0.365943	-0.366674	1
23	14.3774	19.8819	-0.849305	-0.242087	1
23	20.4003	25.3124	0.739742	0.294184	1
23	25.7699	27.5501	0.338485	-2.09164	1
23	22.4797	24.4903	-0.141941	1.13929	1
23	28.8491	19.3623	0.202987	1.98326	1
23	33.3392	0.175902	-1.12756	1.87027	1
23	25.4354	28.5561	0.690574	-0.908209	1
23	34.5607	21.6043	0.860647	0.280543	1
23	0.0967605	1.84726	-0.0909857	1.30594	1
23	29.3226	15.4756	0.433805	0.77511	1
23	34.8581	13.9307	1.10268	0.892263	1
23	34.3157	18.2038	-0.646319	1.12178	1
23	0.442309	23.8431	-1.6628	0.331654	1
23	8.32107	20.1652	1.79385	-0.223245	1
23	4.18087	18.48	-0.155771	-0.51365	1
23	10.0945	19.6264	0.946145	1.45944	1
23	2.29419	16.8233	0.472819	0.634671	1
23	3.9056	13.6687	0.615188	-0.853847	1
23	3.45424	30.883	-0.467775	-0.395293	1
23	37.8955	17.7274	-1.34055	-0.141091	1
23	2.376	20.3535	1.26933	-0.130674	1
23	5.13679	12.1187	-0.320716	2.47956	1
23	14.24	18.672	-0.320891	0.752636	1
23	6.87634	23.939	0.785217	0.971142	1
23	11.9684	24.3929	-0.174922	-0.115201	1
23	12.3912	14.7768	-0.275587	-0.680589	1
23	19.2224	10.8018	2.10042	0.117561	1
23	15.303	21.8317	0.608645	-0.369223	1
23	2.15783	18.9801	-1.31858	1.85009	1
23	7.10675	29.4474	-0.50717	0.117316	1
23	35.6906	12.1049	0.0647175	1.0109	1
23	15.3569	18.9233	-0.195714	1.04647	1
23	19.5342	14.021	-0.236083	-0.332135	1
23	31.1893	6.97892	-0.12323	0.0667226	1
23	24.4905	9.51229	-0.35618	0.937214	1
23	18.5169	18.2157	-1.03755	-0.0961662	1
23	19.0403	28.0033	-0.511492	-0.460963	1
23	33.6887	7.875	-0.376724	-1.57242	1
23	24.8568	21.4008	-0.17376	-0.126302	1
23	29.2558	25.4362	0.652509	-1.32952	1
23	0.0720351	34.7846	-0.658252	0.887315	1
23	4.70632	19.5611	-0.859174	0.828486	1
23	31.7896	23.3963	-1.33287	-1.2003	1
23	28.2172	20.3398	1.48902	2.06439	1
23	1.63836	20.9905	-0.35287	0.26364	1
23	38.3643	15.9191	-1.06438	0.000755793	1
23	29.0792	14.3453	1.27152	-0.509378	1
23	0.324055	17.9977	1.06953	1.25132	1
23	4.23746	12.7282	0.915567	-0.57022	1
23	2.45085	24.3986	0.209644	-0.104913	1
23	8.30891	29.0605	0.347923	1.0307	1
23	5.00396	26.0594	-1.09583	0.326811	1
23	14.9215	1.12649	-0.420626	0.798639	1
23	13.5683	9.42004	1.44979	-0.128394	1
23	10.8614	8.99687	0.459048	0.18599	1
23	6.50553	10.5031	0.878961	0.0504112	1
23	16.3844	14.1394	1.35734	0.256731	1
23	18.7954	13.1715	0.938323	-0.17387	1
23	20.9498	16.8787	1.18292	0.960714	1
23	11.9241	16.3043	0.148811	1.14966	1
23	18.6191	14.6993	0.462368	0.0211568	1
23	5.78655	21.1835	0.839405	1.1957	1
23	21.4275	19.2681	-1.4589	0.539545	1
23	24.3627	18.819	0.789018	-0.140912	1
23	26.0915	25.6143	-1.24788	0.652191	1
23	27.3884	11.1397	0.0461886	1.52219	1
23	19.7186	19.8164	0.333742	-0.636825	1
23	22.2666	28.221	-0.0462922	0.260424	1
23	15.7115	15.2851	0.237185	-0.822734	1
23	29.1057	21.6221	-4.00683	-0.505247	1
23	34.9624	26.7169	0.9652	-0.634115	1
23	38.2228	13.8978	-1.39442	0.418378	1
23	31.6776	21.4557	0.00205842	-1.46624	1
23	33.8962	33.676	0.15164	0.53432	1
23	29.8776	13.2991	-0.607491	-0.263348	1
23	36.721	18.8574	-0.213886	0.830361	1
23	33.2597	25.6058	-0.0401747	0.902113	1
23	0.489124	25.8967	-0.984404	-0.289622	1
23	32.0325	11.6834	1.4449	0.642553	1
23	39.0713	22.335	1.1928	0.0554419	1
23	5.54166	25.1148	0.0627906	0.355802	1
23	33.9869	24.8555	-0.31699	1.00271	1
23	36.7054	25.7304	0.00971704	-0.151281	1
23	35.4279	18.2073	0.141971	-0.925813	1
23	8.26005	12.6298	-0.0370186	-0.938595	1
23	3.16793	22.1756	-0.940386	0.0891359	1
23	0.454058	22.5586	0.0792503	1.25242	1
23	8.51276	8.85514	0.287804	0.860654	1
23	7.09264	16.9847	-1.16745	-0.0512825	1
23	9.23884	16.8488	0.88437	0.720916	1
23	23.8185	21.2222	-0.347083	0.310098	1
23	20.1962	17.5915	0.372653	-0.121597	1
23	21.2768	11.5017	-1.03765	0.854067	1
23	24.7874	6.16363	0.0833186	-0.103147	1
23	18.6165	19.3925	-0.52439	2.40418	1
23	18.2363	22.9417	0.463775	-0.766144	1
23	14.6753	27.9622	-0.0661964	0.67317	1
23	26.3824	10.1504	-1.37647	-0.269139	1
23	31.0554	11.434	-0.420702	0.163178	1
23	34.4501	29.6173	-1.52686	-0.254513	1
23	30.2146	21.691	1.61124	1.15151	1
23	30.1869	32.7407	0.269673	0.47814	1
23	25.2633	32.0477	-0.712263	1.21155	1
23	25.4977	23.3613	-0.122257	0.26868	1
23	35.073	24.3083	0.864854	-0.309807	1
23	22.0452	17.5371	-0.409797	1.10908	1
23	38.552	21.2711	-0.189759	1.27718	1
23	27.0293	26.2135	0.240022	0.717803	1
23	33.8189	28.7961	-0.156737	0.44375	1
23	39.2827	20.2677	-1.16036	-1.02658	1
23	5.79033	23.642	1.95315	0.231971	1
23	39.5536	23.2138	-0.677447	0.28972	1
23	1.62567	10.2004	-0.223037	0.285585	1
23	28.6567	11.1323	-0.0920477	0.516298	1
23	0.0231204	19.4012	-1.44361	0.452954	1
23	33.1899	16.1063	-1.78293	-0.649112	1
23	8.24157	21.2221	-0.0603468	-0.363297	1
23	6.1019	25.9548	0.307241	0.0993067	1
23	13.5223	7.28932	0.275112	0.268535	1
23	1.37282	20.0715	-0.591874	-1.51418	1
23	37.8382	22.3129	-0.988366	0.21127	1
23	3.4685	26.0581	0.466297	-0.374191	1
23	0.892026	17.0242	0.360805	1.44721	1
23	17.4729	19.4053	-0.443454	2.06529	1
23	8.19829	23.6264	-0.0707543	0.939904	1
23	28.4927	24.5691	-0.551645	1.37863	1
23	15.682	23.5555	-1.10643	0.360236	1
23	23.8865	14.946	-0.253005	1.29986	1
23	22.2665	20.0658	-0.153732	0.529915	1
23	21.5289	29.0857	-0.444044	0.507497	1
23	18.8995	21.9652	1.53799	-1.09884	1
23	20.2773	29.2979	0.926784	0.877299	1
23	22.1677	23.4823	-0.718571	-1.02004	1
23	14.2557	26.6043	0.43627	1.36121	1
23	27.3287	19.8186	0.154868	-1.27698	1
23	24.8914	25.555	-0.316317	0.745758	1
23	23.3333	22.4748	0.639849	-0.416757	1
23	32.8122	4.11984	-0.126003	1.74543	1
23	26.8498	13.9824	-0.357404	1.05807	1
23	36.2045	30.5629	0.87322	1.07378	1
23	31.6603	29.1751	0.647226	-0.71566	1
23	33.7738	22.4127	0.910411	0.737564	1
23	1.52532	25.5993	-0.734811	-0.287016	1
23	1.68826	34.5378	-0.47429	0.302941	1
23	10.5094	20.6045	-0.226583	0.0269986	1
23	4.7813	23.8449	0.649992	0.227311	1
23	32.1994	30.0142	0.563706	0.404454	1
23	37.0595	23.1172	-0.37415	-1.0103	1
23	9.1294	19.1752	2.19004	-1.45388	1
23	1.58487	27.6933	0.724939	0.849011	1
23	10.6746	22.728	-0.333053	-0.657469	1
23	13.3406	15.4905	0.350134	-0.212005	1
23	7.09293	20.9567	0.782692	0.768431	1
23	13.5393	24.2409	0.0511873	-1.20838	1
23	13.7573	23.0498	-1.28648	-1.66785	1
23	4.22531	22.924	0.0559618	-1.32999	1
23	12.7983	30.5048	0.797092	-1.36962	1
23	10.1255	17.444	0.874953	-0.0210269	1
23	32.092	13.7953	-0.152838	-0.484205	1
23	28.1546	18.4986	1.37568	1.86436	1
23	17.0957	18.3073	-0.585281	-0.078152	1
23	21.1463	27.3691	0.607112	0.254887	1
23	18.5669	26.5941	-0.697082	1.52487	1
23	18.0006	15.7792	-1.2076	-0.34189	1
23	27.7822	17.4318	-0.441644	0.958662	1
23	26.9097	18.4649	0.578371	-1.68622	1
23	20.5946	21.3889	-0.765229	0.202742	1
23	26.6336	29.9521	0.521124	-0.331207	1
23	29.4799	34.3322	0.825143	-1.16488	1
23	17.7834	25.6803	-1.25405	0.9824	1
23	39.9596	30.033	0.0681944	1.6782	1
23	24.4727	22.8076	-0.110716	-0.0462039	1
23	0.97514	31.7642	-1.20602	0.977805	1
23	23.2213	23.6348	0.88386	-0.189815	1
23	30.2191	22.9918	-0.653838	-0.780908	1
23	37.6776	33.6164	1.37087	-0.696746	1
23	36.3734	24.2782	-0.328534	0.341874	1
23	34.6845	25.5665	-0.23748	2.33282	1
23	38.0416	25.9169	1.16023	0.0560826	1
23	2.77449	33.9505	-0.227327	0.342952	1
23	11.1077	19.4565	-0.708882	0.162368	1
23	37.4245	36.147	-1.45831	-0.395807	1
23	8.43197	31.2127	-1.68195	1.32172	1
23	13.6131	20.5843	-0.760433	0.389011	1
23	3.56342	24.307	-0.0969317	-1.49539	1
23	23.3509	19.5063	-1.05584	1.77697	1
23	6.62315	27.5495	-0.659572	1.56413	1
23	6.26861	19.0901	0.95891	-0.952691	1
23	12.951	19.3632	0.424923	0.252863	1
23	12.0793	26.4785	-0.445235	0.845302	1
23	19.2963	15.6866	-0.633183	0.839439	1
23	9.20722	21.5087	-1.37599	-1.43624	1
23	24.7248	12.6244	-0.994556	-1.8765	1
23	8.74473	27.8028	0.46332	0.236107	1
23	10.6129	34.4659	0.849904	-0.605765	1
23	22.1938	16.1739	-0.112395	-0.80175	1
23	23.0288	16.8893	0.145063	0.516923	1
23	26.794	23.4958	0.825911	0.241873	1
23	22.1263	22.1866	2.0535	0.770873	1
23	23.2311	27.1686	0.658523	-2.23955	1
23	19.5749	25.8373	0.144442	-0.0022987	1
23	25.6005	20.0039	-0.233707	-0.610742	1
23	24.5389	29.128	-0.322405	1.35661	1
23	24.9935	33.8619	1.10512	0.0459693	1
23	37.2491	32.4756	1.20616	0.810292	1
23	2.2344	38.2324	0.565273	-0.621603	1
23	37.1077	28.9004	0.695833	1.19167	1
23	3.14687	19.5711	0.628078	-1.64328	1
23	0.831197	34.0325	0.173285	1.01195	1
23	37.2085	31.2369	-0.942471	-1.50321	1
23	28.0527	33.7469	0.100131	-0.87597	1
23	8.25375	17.4637	-0.67465	0.00627407	1
23	5.70791	19.9977	0.129487	-0.669827	1
23	38.3032	28.7972	-0.0873879	0.593662	1
23	1.00472	35.3743	0.384486	-0.0620778	1
23	9.97004	31.6783	1.99774	1.34757	1
23	9.53459	23.9745	-0.0378581	0.998275	1
23	3.23953	31.9527	1.57208	-0.201626	1
23	8.80205	24.8697	-1.99276	1.28432	1
23	11.7241	13.8192	0.835824	1.18477	1
23	16.6745	20.3062	0.216794	-0.5732	1
23	20.9159	23.5892	-1.45628	-0.648162	1
23	11.1575	25.2028	-0.380883	-1.49141	1
23	14.3545	30.0482	-0.226481	-1.75159	1
23	24.6609	23.9485	0.529405	0.282692	1
23	19.1955	23.5029	0.979868	-0.0094931	1
23	7.94974	22.6378	-1.93142	-1.55649	1
23	27.8108	13.7841	-0.501851	-1.78026	1
23	22.1118	26.975	0.153876	-0.869226	1
23	24.4441	17.6662	0.883635	0.161744	1
23	20.7086	26.2975	-0.0633867	0.54298	1
23	24.5328	30.1228	-0.26696	-2.49183	1
23	31.1981	38.6322	-1.03264	-1.53473	1
23	37.739	29.9693	1.69608	0.54123	1
23	35.8559	32.9009	0.961264	-0.163845	1
23	30.8014	24.3116	0.228843	0.875781	1
23	1.94819	35.7784	-1.25809	0.757676	1
23	28.0405	25.8641	0.856295	-0.0675681	1
23	35.7943	25.2338	0.65059	-1.00394	1
23	34.9481	37.5553	-0.990323	-0.844688	1
23	37.3909	24.9	-1.44456	0.374187	1
23	1.01218	32.7301	0.408051	1.64847	1
23	31.226	18.61	0.392692	1.60277	1
23	2.90486	32.9427	-0.0278434	0.268694	1
23	25.6032	29.7815	0.190775	-0.360378	1
23	1.78461	26.6109	-1.85118	1.4879	1
23	8.2049	1.36825	0.153498	-0.289647	1
23	39.9787	35.8565	1.42594	-0.602781	1
23	5.28187	22.0851	-0.476561	1.12923	1
23	9.81232	39.0193	-0.587354	1.44321	1
23	6.72098	39.7377	1.36195	-0.503451	1
23	39.3808	25.9918	2.26606	1.3909	1
23	6.86884	3.53659	0.30815	-0.900385	1
23	14.7939	22.9562	-2.50437	-0.331962	1
23	8.45126	25.9011	-1.17434	0.957499	1
23	9.79008	28.4997	-1.11664	1.71483	1
23	9.50676	30.6868	0.443889	-0.24442	1
23	21.5109	24.9597	-0.00720715	0.770009	1
23	16.1863	30.9237	-0.104213	1.03852	1
23	12.7711	23.6226	-0.72629	-0.225582	1
23	27.6652	22.4946	-0.53052	1.87438	1
23	12.6252	27.8411	0.36302	-0.173121	1
23	13.6622	27.6573	0.157981	0.24022	1
23	25.2991	26.6019	-1.2192	-0.0837264	1
23	13.3453	29.5551	0.546812	1.04832	1
23	32.7949	28.9349	0.356504	-0.712643	1
23	22.6908	30.3363	-1.16588	1.88689	1
23	33.328	29.7923	-1.40705	-0.965641	1
23	25.9812	37.0535	0.439917	0.722776	1
23	26.1193	33.2163	-0.342825	0.791545	1
23	19.8156	27.2379	-1.10226	0.0419001	1
23	32.4022	32.7656	0.13599	0.271673	1
23	27.8637	27.0763	1.55433	-0.384702	1
23	29.3301	31.5265	0.313996	0.298126	1
23	39.3327	31.8216	1.08005	-0.896856	1
23	6.58988	24.9918	-0.893975	-0.0300067	1
23	2.22515	30.1209	-2.28192	0.125957	1
23	3.42532	28.1053	-0.398824	-2.56222	1
23	32.5744	35.4205	0.0404251	-0.00474814	1
23	4.47477	26.9279	0.100949	0.198572	1
23	36.077	27.1445	-0.18845	-0.460407	1
23	3.26478	23.3186	0.202246	0.870983	1
23	8.06693	37.7137	0.612156	1.9297	1
23	5.90367	28.3948	-0.97488	0.108911	1
23	27.1077	21.1905	0.89347	0.136583	1
23	10.1787	16.1636	-0.441424	-0.700792	1
23	11.4285	27.5957	-1.61593	0.397046	1
23	14.2543	25.1605	-0.735231	-0.353439	1
23	15.6414	16.6534	2.48659	-0.918668	1
23	18.8006	39.0445	-1.30942	-1.53913	1
23	11.1904	21.5526	1.01687	-0.625187	1
23	10.9836	31.8709	-1.06916	-2.11936	1
23	18.5746	33.6715	0.685722	0.263335	1
23	15.2328	27.1288	1.02451	-1.57221	1
23	19.422	20.7854	-1.38938	1.83315	1
23	16.5706	24.3343	1.30022	-2.34969	1
23	18.1356	24.578	-0.270793	-0.591773	1
23	23.1217	31.9415	0.0291199	-2.348	1
23	15.4797	30.1452	0.00122663	-0.108851	1
23	18.3517	16.783	0.43136	-2.9867	1
23	35.2581	35.9715	0.805694	-0.303455	1
23	28.8318	16.3605	-0.435077	-0.0195359	1
23	35.7606	31.648	-2.07721	-1.32275	1
23	29.9185	26.3536	-1.79841	0.302636	1
23	30.2825	27.3452	0.360006	-0.446489	1
23	17.3174	26.6511	-0.785805	0.571754	1
23	33.9579	34.8574	-0.133959	1.06581	1
23	38.4199	27.1394	1.10716	0.84	1
23	7.35543	28.2251	1.08391	0.479624	1
23	7.77608	35.2874	-0.388807	0.624128	1
23	32.6234	24.7693	-1.16503	1.40349	1
23	3.90971	33.4127	-0.622296	-1.71759	1
23	4.33484	29.8767	-0.111485	0.747956	1
23	3.5241	38.5516	-0.628642	-1.82451	1
23	9.16579	36.6997	0.466369	1.59994	1
23	30.6694	1.16729	-1.14152	0.226654	1
23	3.87594	35.7264	-0.406328	-1.07763	1
23	38.4022	23.5885	-1.79296	0.0975095	1
23	9.31915	26.5062	-1.09979	-1.49118	1
23	2.83842	27.1102	0.579299	-0.309065	1
23	19.9133	34.0264	0.252978	-0.190359	1
23	16.4893	27.3065	0.701787	1.5403	1
23	10.407	29.8172	0.595001	-1.42865	1
23	20.144	22.7951	-1.50601	0.0660195	1
23	18.0142	27.7524	0.860963	2.33506	1
23	21.0296	33.9701	0.395817	-0.643647	1
23	22.8947	33.2351	0.160322	-0.0464103	1
23	11.6335	23.2041	0.734783	0.130651	1
23	16.7222	25.4772	-1.10084	0.395779	1
23	28.4411	29.0693	0.285137	0.381769	1
23	21.6441	30.1581	0.432342	0.356415	1
23	27.1709	34.5448	-0.823023	-0.794516	1
23	27.6976	30.1117	1.98364	-1.32523	1
23	30.5316	28.734	-0.532943	0.0468307	1
23	23.6219	29.6378	-0.24043	-0.866887	1
23	31.3172	32.428	1.54028	1.14165	1
23	3.3934	37.3079	-0.297211	1.81887	1
23	31.3508	35.3979	1.33431	0.108707	1
23	38.3105	31.3622	0.647629	0.412336	1
23	3.84539	34.449	1.51933	0.238378	1
23	39.2445	34.1337	1.97658	-0.435462	1
23	38.4727	24.7748	0.170285	-0.304813	1
23	4.89084	34.9193	1.51321	1.51675	1
23	11.1	38.0598	-0.451336	0.0778618	1
23	30.8306	29.9546	0.808297	0.388856	1
23	0.872086	30.8239	-0.600352	1.86073	1
23	3.10755	29.3424	0.844062	1.33399	1
23	9.37638	29.5802	1.33499	0.853655	1
23	12.0496	18.5853	-0.513101	-1.51873	1
23	12.157	21.5359	-0.705455	-2.0821	1
23	3.05024	3.42419	-0.0194777	-1.11945	1
23	10.3054	18.5394	0.60773	-1.55117	1
23	10.0191	15.1541	-0.842639	-1.02688	1
23	14.5229	15.1895	0.817626	-0.478362	1
23	13.4471	14.4112	0.163434	-1.27133	1
23	23.517	28.4058	0.585026	0.170908	1
23	5.30519	31.8785	0.24339	-0.706407	1
23	2.11203	32.2239	-1.82716	0.689506	1
23	13.8896	33.294	0.893266	-1.08228	1
23	19.1463	6.54982	-1.89872	1.45037	1
23	9.77808	33.5241	0.696872	-0.55493	1
23	16.2959	29.2587	2.01136	-0.982115	1
23	23.8128	35.021	-0.864982	-1.05589	1
23	38.8382	32.8473	0.739383	-1.02073	1
23	26.6322	17.5099	0.605375	-1.12033	1
23	31.5439	31.1483	0.217822	-0.145843	1
23	28.1315	23.5762	-0.110978	-1.43492	1
23	30.4199	33.8018	-2.81397	-0.0787462	1
23	33.3221	27.8617	1.14258	1.59262	1
23	30.4763	31.0444	-0.364869	1.81354	1
23	32.7681	33.7968	-2.59097	1.38859	1
23	35.0651	34.9421	0.477292	0.775772	1
23	2.43704	31.2531	-0.215365	-0.259278	1
23	34.2549	31.8336	-0.153103	-0.112769	1
23	39.8253	33.2754	3.08184	0.21022	1
23	7.35784	33.6146	-2.02695	1.3285	1
23	10.8457	32.9173	-0.700718	1.79017	1
23	7.51335	38.8794	0.795851	0.809639	1
23	2.25932	22.8121	-1.08107	-0.210123	1
23	16.206	35.5126	0.379724	-0.111829	1
23	8.85667	35.4594	-2.42158	-0.387692	1
23	15.9619	32.8445	-2.87381	-0.966406	1
23	0.50143	28.5368	-0.249433	0.182461	1
23	7.82945	24.6449	0.509886	-0.184667	1
23	7.96073	36.4586	-0.140088	-0.18134	1
23	13.219	34.0512	0.675824	1.11449	1
23	4.3556	4.38956	0.669411	0.366398	1
23	17.2448	2.82333	-1.98582	0.108585	1
23	20.5699	28.2214	-0.441441	0.137203	1
23	18.106	32.6585	-1.26226	-0.956893	1
23	22.2584	8.93501	-0.800966	2.26966	1
23	29.3462	29.7881	0.164536	2.29981	1
23	20.5014	32.9752	0.879282	0.512024	1
23	10.8972	24.0249	1.17581	-0.456894	1
23	34.0423	36.0785	0.861827	0.718305	1
23	27.1455	32.3934	0.927556	-1.02691	1
23	25.5592	30.9049	-0.624343	-0.238369	1
23	16.1582	26.3424	-0.643236	-0.235822	1
23	5.23698	1.03431	-0.160685	-0.00498554	1
23	15.8025	28.1367	-0.221471	0.513742	1
23	37.2681	38.2201	-0.381982	0.817201	1
23	29.3198	37.9763	0.0412024	-0.291074	1
23	28.8265	26.7727	-0.495901	-0.554252	1
23	32.9594	31.0561	-0.711222	0.225225	1
23	35.6305	29.5452	-0.44915	0.541676	1
23	34.0145	20.3037	-1.34116	0.286839	1
23	30.3123	35.9327	0.866128	-0.847848	1
23	39.6957	27.0475	-1.13588	-1.38431	1
23	32.4766	2.90157	0.29011	-1.03085	1
23	36.4935	35.5706	0.345847	-1.4045	1
23	7.06805	31.5786	-0.790087	-1.14268	1
23	6.83976	37.6361	0.57325	0.783469	1
23	1.79294	29.0739	-0.464715	0.754993	1
23	9.19388	32.515	-0.964138	-1.285	1
23	15.1444	31.6852	0.101283	1.86753	1
23	14.1511	39.9459	-0.207142	-0.881999	1
23	7.58478	32.5128	-0.639246	-0.147032	1
23	12.4423	37.9655	0.380498	-0.443667	1
23	4.27382	28.6281	-0.785496	-0.411055	1
23	17.0712	32.5218	0.436348	1.20735	1
23	14.0474	28.713	2.03519	-0.345636	1
23	10.8833	28.6625	0.446349	0.862362	1
23	6.25944	30.8177	0.448272	0.216387	1
23	15.0425	29.1176	1.24133	1.23034	1
23	17.6525	31.5522	-0.0691069	-0.317102	1
23	24.2405	32.9117	-1.05056	-0.887764	1
23	22.5729	29.2549	-0.685875	-1.2058	1
23	20.5062	34.8284	0.516853	1.85905	1
23	26.9533	25.0289	1.60129	-0.710151	1
23	19.9883	39.6233	-0.326598	0.81374	1
23	26.2221	31.6739	0.113993	-0.681475	1
23	32.6678	27.0416	-0.529993	-0.928254	1
23	31.4429	28.2286	-0.746936	-0.781055	1
23	28.1318	36.1509	0.571994	-1.04013	1
23	34.4352	38.54	-1.90371	-0.837464	1
23	4.13388	39.4477	-0.957706	-0.767316	1
23	39.5665	39.8269	0.843117	0.754067	1
23	6.5103	32.876	-0.0969485	1.08122	1
23	4.0067	1.26808	-0.587138	0.790032	1
23	26.0226	39.5395	1.15323	-0.94633	1
23	35.0791	30.5431	-0.132505	0.63295	1
23	4.93656	38.8368	0.387714	-0.581578	1
23	28.6579	37.0814	-0.280094	0.590968	1
23	35.7916	38.2461	1.33979	1.70296	1
23	6.13478	0.716046	0.331857	-1.48736	1
23	8.83811	38.4737	1.05212	-0.390673	1
23	11.0105	35.7249	1.30431	-0.420774	1
23	9.83739	6.28722	-0.156623	-0.653276	1
23	12.0042	4.54269	0.730261	-0.762755	1
23	7.90689	26.7229	-1.33301	0.329365	1
23	14.9369	24.3325	0.187252	-0.148528	1
23	7.3229	25.8946	0.115913	-1.03323	1
23	13.0247	32.6559	-0.937211	0.176884	1
23	18.8905	35.0014	-1.68064	-0.448884	1
23	18.0933	5.7462	1.48116	0.886468	1
23	15.9832	21.0849	0.199012	0.781303	1
23	26.4786	35.2237	-1.14295	0.630283	1
23	22.2708	34.2682	-3.15481	-0.0454525	1
23	23.2363	38.2497	-0.386334	-0.350796	1
23	24.8788	37.3992	1.33945	0.779871	1
23	18.8895	37.9377	-1.50962	-0.030673	1
23	28.4903	27.9217	0.0559204	0.227849	1
23	32.1859	38.3261	-1.1768	0.332174	1
23	29.119	33.3301	-0.353376	1.633	1
23	18.3358	3.25415	-1.20467	-0.615645	1
23	33.1924	39.1097	0.361998	0.272477	1
23	35.4439	19.377	0.392009	-0.917724	1
23	28.1656	34.7105	1.36883	-0.0711116	1
23	32.3094	39.7206	1.16426	0.0468702	1
23	34.2537	39.7063	0.48062	0.396169	1
23	34.8295	33.0752	-0.452047	-0.74897	1
23	6.95417	6.62198	-0.256814	0.650666	1
23	8.12655	3.09089	-1.95406	-0.107833	1
23	2.96993	36.1203	-0.650322	-1.65603	1
23	36.2803	1.39534	-0.960596	0.902879	1
23	2.05881	0.557687	1.42844	1.62269	1
23	38.8969	35.7082	-0.959384	-0.424089	1
23	7.03671	8.26756	0.713757	0.206233	1
23	8.94173	34.3623	-1.04628	-1.13298	1
23	8.3538	33.5436	-1.1713	2.13252	1
23	17.9568	30.4881	-0.548217	-1.04827	1
23	14.7139	37.2626	0.578647	0.728884	1
23	19.6893	9.78262	-0.729624	-0.211384	1
23	15.1074	25.9959	0.971603	0.518513	1
23	17.2088	28.4511	0.940735	-2.19044	1
23	9.49467	1.65653	1.14253	0.887968	1
23	39.2917	28.216	0.772769	-0.544621	1
23	15.3959	6.64037	1.30029	-1.2182	1
23	6.76229	5.61752	-0.443629	-0.621336	1
23	23.5494	30.9004	1.14055	0.60378	1
23	20.0883	1.91745	0.23225	-2.07448	1
23	20.3585	3.07506	0.216859	0.105321	1
23	25.7173	24.4727	0.388091	-0.515888	1
23	12.2116	31.9834	-0.787411	-1.64649	1
23	39.5229	37.0959	0.500427	-1.79296	1
23	24.1171	26.2722	-2.19874	-0.541171	1
23	23.7129	34.0195	0.017989	-0.479277	1
23	30.3736	3.60522	-1.03194	1.26791	1
23	0.992781	37.5658	0.308581	-0.529561	1
23	31.294	39.8487	1.86881	-1.92721	1
23	26.6801	28.1652	-0.474989	1.66239	1
23	35.8485	3.61181	-0.0943489	0.357133	1
23	33.2905	37.679	0.515434	0.679515	1
23	30.1194	38.935	0.603911	0.152121	1
23	2.65496	35.0141	0.865966	1.49561	1
23	34.4847	27.8284	0.065351	0.725179	1
23	5.88052	7.58431	-0.000609546	0.546278	1
23	27.3761	1.60293	0.292637	-1.72443	1
23	6.21652	34.9415	0.0798918	-0.552201	1
23	36.8116	12.6485	0.724629	-1.29571	1
23	37.9854	10.1433	-0.71435	-0.458154	1
23	8.01881	7.7546	-0.949889	-0.46002	1
23	10.7479	0.894741	0.0898209	-2.08505	1
23	7.79677	11.4366	0.523135	-1.0586	1
23	38.9637	2.25852	0.615363	-0.718439	1
23	12.2372	33.3439	0.281945	0.710331	1
23	20.7195	37.2626	-1.52809	0.105519	1
23	5.8629	8.824	-0.0204475	-0.278187	1
23	5.52405	37.9042	-0.220329	-1.24748	1
23	17.9407	38.2101	-0.328155	-0.893007	1
23	7.79236	5.96794	0.695665	0.466795	1
23	14.3391	34.9269	-0.749363	0.217503	1
23	16.922	30.1916	0.832849	-0.0828607	1
23	26.999	36.3056	0.358891	-0.500272	1
23	39.9858	0.806389	1.2327	0.485521	1
23	12.7383	25.2838	0.049853	1.28747	1
23	37.7248	1.58319	-0.637976	-0.594852	1
23	21.5295	33.0086	0.349683	-0.0427719	1
23	29.2581	1.00396	-0.0276946	0.122924	1
23	30.262	37.1422	0.593338	-1.02955	1
23	25.6045	38.5103	0.170715	0.44391	1
23	32.526	0.780989	-0.836028	0.0433622	1
23	33.8746	11.1176	1.39202	-0.902883	1
23	31.7443	36.442	0.399928	-0.457725	1
23	37.0979	0.247104	0.894608	1.45197	1
23	38.9126	0.953345	-0.639438	-0.70721	1
23	18.9138	29.7541	0.0619397	-0.28728	1
23	35.2894	8.37248	1.02639	0.632167	1
23	0.935704	0.191457	-0.371115	0.883172	1
23	5.50529	35.9621	-0.320204	0.032373	1
23	2.70876	5.22157	-0.364999	1.41461	1
23	10.5569	36.6996	0.636462	-1.42757	1
23	7.09878	1.08932	-0.238567	1.25467	1
23	10.7409	30.8181	2.18194	0.864944	1
23	5.05149	33.7625	-0.860428	-0.918087	1
23	8.10992	9.96739	-2.12735	-0.806084	1
23	36.7471	34.1618	0.0930697	-0.68037	1
23	21.2674	32.0495	-0.858777	-0.950912	1
23	13.0898	0.104686	0.881272	0.137795	1
23	5.40631	5.38646	-0.556581	-0.975745	1
23	2.03333	3.22801	1.06938	-0.146036	1
23	13.0625	38.888	0.507596	-1.56479	1
23	20.0582	31.5168	-0.36375	-0.726959	1
23	19.3145	36.5542	-0.304431	0.139317	1
23	10.8112	26.5379	-0.306173	-1.908	1
23	18.2444	39.969	-1.25456	-0.811179	1
23	21.8011	0.321003	1.18541	-0.738231	1
23	0.649713	38.8013	-0.339937	-0.242471	1
23	19.0591	0.606148	-0.797487	0.22548	1
23	24.8963	34.8728	0.0785464	0.792446	1
23	21.0233	22.3568	-0.401653	0.180781	1
23	28.2921	39.2452	-0.122726	-0.915661	1
23	28.2265	31.8975	-0.541499	-0.670975	1
23	29.5256	28.5817	0.42705	1.12213	1
23	37.1413	2.46356	-0.64803	-0.81887	1
23	34.101	1.34371	-1.00251	0.860913	1
23	35.7751	0.387919	0.227338	0.978973	1
23	38.2718	0.183582	0.650877	-1.32691	1
23	19.3126	30.6968	-0.637449	-0.418792	1
23	31.6408	4.22455	1.28627	-0.0840661	1
23	32.3569	1.84571	-1.63234	-0.231093	1
23	4.33202	3.28014	0.820651	-0.776247	1
23	4.49429	37.8099	-0.100612	0.815753	1
23	6.08072	36.7736	0.324586	-0.0802472	1
23	38.9035	5.67263	0.0953244	-0.72496	1
