4	39.3047	32.287	0.435907	-0.187052	1
4	11.4479	37.2487	2.12227	2.12869	1
4	37.3979	27.5368	1.82108	-1.38684	1
4	17.3859	35.7156	-1.21772	0.466829	1
4	12.3572	35.2433	-0.425107	1.72014	1
4	4.09118	0.311732	0.554789	-1.37937	1
4	1.93861	0.135574	1.22919	-0.474958	1
4	3.75474	3.41181	0.101782	-0.764914	1
4	17.425	39.4035	-0.110735	-0.868887	1
4	15.5343	10.7878	-0.21176	0.518097	1
4	21.5696	32.3675	1.47821	0.138541	1
4	13.6098	3.61636	-0.565189	-0.381701	1
4	10.5402	35.4249	-0.188568	1.30698	1
4	14.5709	34.5272	0.313515	-2.16664	1
4	26.1324	8.48892	-0.218472	-1.33985	1
4	18.0911	0.383373	1.49653	-1.21648	1
4	21.6229	1.94436	-0.243946	0.0598503	1
4	27.066	38.166	-1.19736	-0.00517389	1
4	31.3562	36.8918	-1.49093	0.503477	1
4	22.841	6.57902	-0.680285	0.154192	1
4	25.6734	36.7351	-1.47439	-0.746417	1
4	20.6454	6.11049	-0.679077	-0.842495	1
4	32.5767	3.78025	-1.34618	0.459004	1
4	31.1648	1.34665	-0.552161	0.441532	1
4	29.4306	39.0963	-0.444222	-1.2957	1
4	33.9597	6.61965	0.753708	0.80636	1
4	34.0716	4.97264	-1.20697	-0.341348	1
4	1.15092	39.0138	-1.63504	0.468132	1
4	29.0584	3.35812	-2.20586	0.345087	1
4	34.8199	17.8009	-2.26487	0.309507	1
4	39.9246	0.579485	0.491356	-0.263607	1
4	6.37542	2.46359	-0.684146	0.0809578	1
4	2.41422	36.1715	-0.319913	-1.44304	1
4	0.666247	7.13187	-0.597645	1.13142	1
4	34.6528	35.5798	1.36666	0.514953	1
4	36.9873	36.249	0.533435	-0.654518	1
4	37.5044	4.6453	-0.033298	1.88113	1
4	36.0071	34.9909	-1.75618	0.92974	1
4	15.795	4.16521	-0.56606	1.97618	1
4	9.12217	6.07776	-0.846282	0.657405	1
4	13.1322	31.1784	-0.44028	-0.588397	1
4	7.0868	11.1948	1.21757	0.83672	1
4	7.93854	37.1237	-1.09953	1.026	1
4	12.4034	37.8768	0.20806	-0.400969	1
4	13.2642	2.11018	-0.784974	-1.2906	1
4	13.3851	35.709	0.0745422	-1.44826	1
4	29.513	33.1563	-1.10655	0.483433	1
4	11.1897	2.24166	-0.0803422	-1.51905	1
4	16.3775	35.4011	0.0907049	0.0133573	1
4	24.9994	2.00662	1.07672	0.963028	1
4	16.7745	3.8212	0.190081	0.45743	1
4	20.2245	30.5952	-1.7682	1.33689	1
4	21.6892	6.26591	-0.000590112	2.83674	1
4	27.0561	0.543972	-0.118849	2.02459	1
4	27.1925	9.1514	-0.47366	-0.221681	1
4	34.1272	2.70593	0.96193	1.62414	1
4	26.7338	3.33768	0.170059	-0.240955	1
4	29.9927	13.9797	-0.461544	0.163049	1
4	28.1135	38.4672	-1.63842	1.14739	1
4	31.7297	0.313247	1.74447	1.27248	1
4	39.8075	30.9103	2.01627	0.193298	1
4	27.6507	39.3973	-1.06684	0.549495	1
4	27.8015	3.3406	0.0619538	-0.961504	1
4	39.7433	6.28323	1.05754	-1.16122	1
4	39.6808	35.5456	-1.47086	-0.825641	1
4	38.1733	5.67616	1.14005	-0.538287	1
4	0.618423	2.52592	0.735039	-2.35245	1
4	9.29121	3.48938	0.342693	0.288573	1
4	5.96201	1.23611	0.728396	-0.569804	1
4	0.43515	9.10339	0.0705704	-0.73776	1
4	36.3406	3.95137	-0.820079	-1.69452	1
4	12.7177	9.31345	-1.86211	1.52985	1
4	39.7282	14.628	0.572513	0.3948	1
4	1.78504	4.95556	-0.756504	0.515967	1
4	13.1526	6.70218	0.285153	0.179097	1
4	14.5215	0.924536	-0.145509	2.09787	1
4	17.4439	2.80959	-0.0805982	0.676758	1
4	15.8586	37.9069	0.756239	-0.0123895	1
4	7.47579	38.5187	-0.571035	0.0701052	1
4	14.4857	11.3936	0.700135	1.18083	1
4	19.6314	38.7569	1.42705	0.969782	1
4	23.3822	39.0497	-0.241382	0.678807	1
4	27.2544	33.9947	0.846837	-2.91087	1
4	26.1232	6.21379	-0.902151	1.29353	1
4	11.4725	36.0985	0.449512	0.381213	1
4	25.1247	39.4655	0.512927	-1.03496	1
4	22.0508	8.89418	0.971433	-1.33634	1
4	19.3224	5.61957	1.78395	0.930494	1
4	30.3294	5.28192	0.985316	-1.83404	1
4	29.1044	1.53497	-0.388854	-0.00249912	1
4	36.058	14.1213	-0.0542232	-0.214397	1
4	22.9322	9.4927	1.07314	-0.956593	1
4	37.1647	33.1808	-0.14623	0.870697	1
4	38.5801	3.75286	-1.78052	0.0733962	1
4	35.7485	5.12592	1.24052	-1.52105	1
4	36.647	7.36934	-1.91277	2.45423	1
4	28.7213	35.4471	-0.0229255	0.0327728	1
4	38.2462	34.7829	1.09673	0.350599	1
4	8.98703	7.06965	0.501819	1.016	1
4	1.05091	12.5157	0.0537016	-0.162274	1
4	38.7342	14.6661	2.77853	-0.209935	1
4	7.43569	0.462776	-0.95359	-1.38508	1
4	3.10013	5.25058	0.667286	-2.21118	1
4	7.34396	1.87395	-1.99078	1.18704	1
4	2.92045	38.5106	-0.0623966	-0.394245	1
4	9.65511	1.50502	2.48784	0.853922	1
4	13.7119	12.6866	0.475865	-0.261455	1
4	3.7189	37.2332	-0.478274	-2.40476	1
4	8.82564	2.50942	1.10201	0.197108	1
4	16.6009	7.03943	-0.251286	1.06088	1
4	11.3021	3.30362	0.987808	1.34008	1
4	16.084	2.99707	-0.486022	-0.206684	1
4	13.448	37.4375	-0.0266827	-0.252511	1
4	24.1002	3.58854	-0.624782	-1.00564	1
4	25.5027	3.37705	0.116287	1.08715	1
4	15.1317	1.74778	0.954742	-0.17154	1
4	23.0032	32.7084	1.05872	-1.70476	1
4	17.5107	8.00731	0.699072	-1.58604	1
4	29.7329	0.638951	0.692456	-1.4039	1
4	33.9238	1.47234	0.189204	0.437722	1
4	19.6333	0.567777	-1.10491	-0.793491	1
4	27.7218	7.80953	2.48911	-0.190058	1
4	32.3748	9.65989	0.693449	-0.0665159	1
4	27.7157	36.0244	0.46738	0.667374	1
4	28.4551	2.47563	1.70189	-0.398565	1
4	35.3542	39.9591	-0.809825	-2.19798	1
4	0.465191	32.1196	-1.49512	1.38735	1
4	35.0105	7.6286	-0.0588671	0.108346	1
4	0.726326	5.3805	-0.0388693	0.0458353	1
4	38.0143	7.8603	1.96466	1.26457	1
4	27.2695	5.62267	1.45565	-0.324844	1
4	0.759874	35.8089	0.432882	0.0265549	1
4	36.9098	16.3572	0.0127628	-0.271955	1
4	3.5054	13.0091	-0.308052	1.78722	1
4	4.56847	8.11947	-0.884482	-0.825055	1
4	2.36362	6.22625	-0.31682	0.822664	1
4	5.76728	7.10387	0.426202	0.635124	1
4	0.121427	13.3817	-0.364351	0.236367	1
4	7.19748	39.483	-0.661159	3.15087	1
4	8.36788	1.36808	0.268711	0.0416687	1
4	3.78784	34.3495	-0.377733	-0.327632	1
4	16.2242	1.49953	0.961386	-0.569571	1
4	20.2536	39.6835	0.488333	-0.307932	1
4	10.7052	38.0923	-0.462102	0.415853	1
4	15.7709	33.5719	0.140791	0.179183	1
4	9.97583	10.0195	0.501696	-0.850543	1
4	12.9867	0.86095	0.326573	-2.02893	1
4	12.2298	2.53391	1.0927	0.808015	1
4	19.7221	6.95629	-1.31273	0.105699	1
4	24.4622	38.2893	2.17048	0.93875	1
4	24.9069	5.56451	0.898409	0.161497	1
4	26.9253	10.1467	-0.0749129	-0.509987	1
4	29.4711	9.90403	0.38204	-0.857952	1
4	16.9315	9.03631	-0.955955	-0.22054	1
4	18.5468	10.9104	0.0505847	-0.321602	1
4	20.2973	1.40147	0.511974	-0.23948	1
4	18.5207	4.68613	0.652404	1.81999	1
4	37.4221	0.391591	0.808408	-0.0792011	1
4	25.7357	38.4189	0.269764	0.386628	1
4	26.5644	4.35098	1.04513	-1.08518	1
4	2.97102	0.848588	-0.395223	0.288112	1
4	27.2016	2.26899	0.464549	0.0211633	1
4	7.42157	34.3569	-0.626107	0.40611	1
4	32.7954	8.59813	0.859717	0.720632	1
4	2.23118	1.60343	1.42392	1.34407	1
4	29.7549	15.145	-0.59617	1.98972	1
4	32.5378	6.26886	0.288404	-0.943827	1
4	1.92909	3.56883	0.320164	-0.544277	1
4	36.5941	9.48249	-1.9412	-0.432104	1
4	3.1417	39.7948	-0.788157	-1.00784	1
4	39.624	2.95718	0.414022	0.837593	1
4	5.31128	2.10467	0.541987	0.601988	1
4	6.02291	10.6606	-0.161257	-0.983583	1
4	10.2115	5.89372	-0.281771	-0.371706	1
4	16.2664	32.5661	0.436453	0.846103	1
4	10.044	7.74654	-0.720393	-0.359794	1
4	15.3776	35.4364	0.887712	-0.123788	1
4	16.828	31.6933	1.28279	2.13362	1
4	13.0588	7.76789	0.41294	-1.15888	1
4	14.5786	4.06067	-0.4162	0.498765	1
4	14.4276	10.1587	-0.639767	1.49119	1
4	22.5995	1.34884	-1.46589	-1.79568	1
4	18.4278	12.0265	0.333979	0.405128	1
4	15.9046	6.10319	0.466432	-0.235269	1
4	30.8875	15.6587	0.174861	0.0888536	1
4	28.9285	20.0389	-0.963999	-0.0024851	1
4	20.7923	3.92731	-0.585071	0.155915	1
4	24.8141	10.8187	-0.921676	-1.99449	1
4	28.4893	19.1457	-0.32597	0.802568	1
4	31.6346	4.34543	0.167293	0.273208	1
4	26.5954	35.3574	-0.229909	0.483383	1
4	25.959	5.21119	-0.879535	-0.314492	1
4	37.5556	2.122	0.971961	-1.52818	1
4	34.7908	8.81747	-0.0108397	-0.183824	1
4	3.40966	1.94389	-1.33942	1.87119	1
4	35.0495	38.0401	0.1243	-0.702862	1
4	35.8547	12.1336	0.847058	0.649213	1
4	36.1147	17.4477	1.06956	-0.911472	1
4	2.1249	8.36794	-0.39902	0.966752	1
4	3.19449	9.76615	-0.283226	-0.744615	1
4	4.46875	18.1932	-0.156099	0.917909	1
4	5.02429	3.21111	0.392599	0.422377	1
4	11.0615	7.4053	-1.4584	0.723054	1
4	20.746	15.1822	-0.908725	-0.797682	1
4	11.366	5.86796	-0.594143	2.23107	1
4	12.0106	7.92574	-0.596554	-0.156672	1
4	13.7534	9.21979	-1.45465	-0.481973	1
4	16.7443	38.4451	-1.02423	0.920926	1
4	11.5389	0.120334	0.592583	-0.518385	1
4	23.7817	36.4252	-0.433978	-1.58536	1
4	11.8883	6.77372	-0.9625	1.80051	1
4	18.9083	7.91975	1.18753	-1.35621	1
4	11.849	9.92753	-0.611927	-1.28097	1
4	23.7578	6.019	-0.134763	-2.33657	1
4	17.2859	1.68826	-1.4247	-0.367025	1
4	15.5895	38.9104	0.0382608	-1.02588	1
4	32.674	16.9497	0.594464	1.73049	1
4	25.2638	7.1547	-0.846861	-1.56153	1
4	31.6154	3.20004	0.534917	0.0481276	1
4	18.9184	15.6373	0.00279078	0.632979	1
4	29.2776	8.81096	-2.3641	-0.0324576	1
4	21.8746	11.2657	-0.486137	-0.770123	1
4	34.0121	18.5719	0.208771	-0.990197	1
4	31.4717	6.79125	1.67135	0.357273	1
4	31.7042	8.74073	0.206053	-0.0893898	1
4	1.68998	7.34111	1.09092	-0.763349	1
4	33.4887	9.40172	0.651555	0.587674	1
4	32.9729	5.08227	1.11749	0.582112	1
4	32.7706	14.881	0.996783	0.733033	1
4	34.4961	11.6625	-1.59566	-0.312615	1
4	37.8723	10.3408	-0.452414	-0.464456	1
4	38.6273	23.2959	-0.594565	-1.15944	1
4	36.0151	8.37538	-0.847853	0.0192548	1
4	3.63065	14.938	0.389349	-0.0862927	1
4	3.61761	6.60579	-0.677907	-0.954715	1
4	4.67289	7.07468	-0.42021	0.980552	1
4	39.6627	12.3569	-0.850537	0.907857	1
4	19.5563	12.2979	-0.690847	2.1148	1
4	1.14307	8.26562	0.488317	-0.787616	1
4	13.1087	4.77532	-0.128312	-0.666967	1
4	7.72579	8.7143	1.2035	-0.368035	1
4	8.8093	11.0756	-0.238923	-0.840706	1
4	17.9371	33.8277	0.612671	-2.53533	1
4	15.5672	0.656543	-1.8149	-1.24895	1
4	11.7944	38.6796	-0.192935	1.65673	1
4	14.928	2.92563	-0.352356	-0.124603	1
4	19.7197	3.89844	-0.2596	-0.295065	1
4	22.0313	39.028	0.962913	0.163933	1
4	14.7674	12.7152	-0.293053	-0.262459	1
4	22.8075	3.81682	0.508033	0.913536	1
4	23.9838	7.51385	0.344234	0.76456	1
4	25.9904	14.3216	0.811203	-0.211383	1
4	25.1907	14.8732	-0.323651	-1.02674	1
4	27.9829	13.2751	0.0649775	-0.217654	1
4	30.9155	19.3568	2.12976	-0.86141	1
4	27.9298	16.6012	-0.0198896	-1.02119	1
4	36.523	11.1761	-0.430582	0.0976478	1
4	33.5753	36.1893	-0.329912	-0.035354	1
4	37.3795	3.29834	0.317301	0.285554	1
4	29.4096	5.91105	0.586398	-0.732738	1
4	33.526	11.9065	-0.562578	-0.316786	1
4	26.5099	7.35162	0.797176	0.268167	1
4	33.9087	34.6441	0.830603	0.803717	1
4	30.395	6.41302	-0.898412	1.44463	1
4	33.271	19.9624	-1.62385	0.126068	1
4	3.46692	25.6078	-0.479322	-0.735988	1
4	4.26022	2.42676	-0.113342	0.51989	1
4	0.571326	10.268	-0.631456	-0.239806	1
4	10.2299	22.0533	1.21208	-1.02264	1
4	3.11232	11.9441	-0.360941	1.15054	1
4	16.2638	39.7814	-1.0529	0.182844	1
4	20.8902	13.0979	1.98024	0.14859	1
4	4.46886	10.4247	1.15855	0.535462	1
4	9.76184	15.1061	0.771679	-0.328704	1
4	16.9986	6.1089	-1.06857	1.21887	1
4	13.3029	39.7146	-0.180953	-0.378876	1
4	14.2289	7.9236	-1.08294	1.20602	1
4	13.6969	13.8457	0.207814	1.61362	1
4	12.4741	5.85357	1.18712	-1.25847	1
4	23.9365	4.89853	-0.314429	0.966881	1
4	21.9822	3.14078	0.194472	-0.0739019	1
4	29.351	7.38283	-0.0930836	0.811522	1
4	18.4997	6.46014	-1.41363	-0.529556	1
4	22.0425	10.0558	0.113859	0.149466	1
4	33.7115	7.87163	1.2975	-0.423923	1
4	19.8602	11.0401	-1.5157	-1.39646	1
4	19.1147	16.6475	-0.688328	-0.188157	1
4	15.784	12.4833	-1.42517	-0.885989	1
4	29.6034	12.8909	2.19057	0.656649	1
4	19.9662	8.42766	0.684152	1.40082	1
4	35.0981	5.90779	-1.14862	-0.583874	1
4	30.2718	10.6119	0.502338	-1.32149	1
4	25.4313	18.5022	-0.711747	-1.06311	1
4	34.8002	20.33	0.967212	0.387922	1
4	5.03355	12.8521	0.552323	-2.10419	1
4	1.85913	14.5264	0.835099	2.12306	1
4	1.63472	20.6582	-0.683958	-1.46003	1
4	7.92029	16.9274	0.954218	1.61331	1
4	4.35683	9.13749	-0.143599	0.340157	1
4	38.7034	6.56433	-0.0910114	0.883847	1
4	9.44915	37.3935	-0.269449	2.26762	1
4	13.2489	11.7986	-0.0304647	0.507625	1
4	8.54352	9.86116	-0.201733	-1.6901	1
4	3.31347	8.63265	-0.651957	-1.04592	1
4	8.23885	3.85422	-0.920216	-1.72561	1
4	2.98865	10.7995	-0.799218	-1.51249	1
4	6.39271	23.4489	2.14001	-0.295528	1
4	16.4317	5.14124	-0.639191	0.10038	1
4	10.5818	12.961	-2.00602	0.19915	1
4	11.5907	13.3791	0.484293	-0.112756	1
4	17.4691	11.3164	-0.502624	-0.800576	1
4	9.31557	38.9844	1.72864	-0.883496	1
4	29.8973	11.6573	0.724183	0.980447	1
4	18.3676	3.62049	-0.190459	0.17011	1
4	22.9282	8.05233	-0.932987	2.583	1
4	11.9267	4.95505	-0.61768	0.439144	1
4	18.5601	2.47154	1.73501	-1.48807	1
4	25.9769	13.2226	0.485875	0.00883944	1
4	24.9673	17.5706	0.0450049	-0.188562	1
4	15.8704	15.4267	-0.449824	-1.39244	1
4	31.2637	9.76609	-0.968358	0.249512	1
4	21.8068	12.3753	-0.878608	-0.723688	1
4	24.2771	21.3728	-0.961852	0.655146	1
4	31.4088	17.2326	0.624744	1.02862	1
4	39.4378	7.36101	-0.0459698	2.7684	1
4	23.7369	11.4019	-2.96602	0.530625	1
4	34.8139	12.6312	-0.9879	-0.336282	1
4	31.9279	13.9355	0.30249	-0.426544	1
4	30.9327	13.1118	-0.374963	-1.73793	1
4	5.1818	21.2247	-0.734978	-1.47025	1
4	37.1469	20.0491	0.0829644	-0.0246888	1
4	0.0271635	16.0237	-0.64648	0.409289	1
4	7.2177	3.5464	2.10136	0.568873	1
4	2.80764	7.50514	1.79994	-0.00350403	1
4	1.77799	9.41067	-0.282984	1.06489	1
4	8.41313	12.8044	0.848385	-0.364874	1
4	11.8823	14.4667	-0.192492	-0.315253	1
4	10.3078	16.0455	-0.899385	-0.0933389	1
4	12.6827	13.5586	0.560389	2.14594	1
4	8.50721	8.03619	1.05126	1.49859	1
4	12.8415	16.2818	-1.09998	1.32863	1
4	18.6301	39.1669	-0.65864	0.606922	1
4	18.8286	14.0542	0.453915	-1.02125	1
4	17.8104	13.659	-0.79642	-2.05185	1
4	20.9826	7.13704	1.80494	-0.554503	1
4	24.4023	12.6899	-0.0931515	0.643051	1
4	16.0895	8.12785	-1.27391	-0.55424	1
4	32.3921	7.43568	0.766246	0.874242	1
4	23.9634	10.1665	0.112039	0.864679	1
4	23.8985	17.7264	-1.39177	0.616886	1
4	24.9732	9.79825	0.108546	-0.465576	1
4	27.5352	19.8972	1.35085	-1.37316	1
4	28.8422	16.0967	0.10758	0.428434	1
4	27.2201	21.025	-0.156086	0.429798	1
4	29.9006	17.5658	-1.02396	-0.772277	1
4	36.4696	21.147	1.66486	-1.48183	1
4	34.4612	10.2336	-1.90794	1.00103	1
4	28.3543	6.53262	0.784253	-0.27051	1
4	31.8251	12.5946	-1.85798	-0.706149	1
4	32.8145	13.2878	0.321944	0.563691	1
4	37.4821	6.78565	0.110423	-0.257034	1
4	29.1654	10.9033	1.20916	0.155529	1
4	39.5363	8.44009	0.171729	0.0826234	1
4	32.6424	24.8903	-0.289478	-0.932647	1
4	0.666749	16.8872	0.592918	0.443911	1
4	11.9053	1.43391	-0.750676	0.926966	1
4	2.61171	13.7862	1.65865	-0.328153	1
4	4.99842	11.3816	0.217492	2.23403	1
4	35.8898	16.4576	0.658358	0.369893	1
4	9.70912	17.7954	0.578641	0.689439	1
4	9.9688	11.1221	1.67729	0.20685	1
4	11.6538	12.2539	1.44323	1.74778	1
4	13.0153	19.0545	-1.74879	-1.86044	1
4	18.6915	12.9928	-2.08373	0.56823	1
4	9.46188	12.3194	0.464423	-0.393458	1
4	9.5945	13.8852	0.139555	-0.352791	1
4	11.7017	18.9748	-0.0882717	-1.52331	1
4	12.9194	14.9043	1.10353	-0.941074	1
4	13.8283	15.5504	-0.759915	-0.58855	1
4	9.41502	8.87331	-0.638343	-0.900623	1
4	15.7592	14.3833	0.759557	0.61624	1
4	20.6366	14.1529	1.37981	-0.0957781	1
4	26.8251	12.3041	1.15099	0.108667	1
4	15.0312	8.66736	1.60168	-0.67955	1
4	26.4655	19.4736	0.819637	0.310701	1
4	22.9857	10.5489	0.932344	-0.949318	1
4	38.2611	9.08623	1.45991	-1.59262	1
4	28.5539	12.2218	1.18568	-0.181379	1
4	31.7291	22.7664	-0.811403	-0.707809	1
4	28.082	10.7917	0.0513195	0.476576	1
4	2.75417	19.5924	0.109878	0.349586	1
4	37.9428	16.6258	0.173847	0.322591	1
4	0.929005	14.9435	-0.0505983	-0.0368418	1
4	22.4531	37.8942	0.00753464	-0.329804	1
4	4.61038	19.2373	0.708222	0.480416	1
4	17.5543	21.9834	-0.438962	-0.074566	1
4	32.0615	21.8115	-0.0765919	-0.212906	1
4	1.79732	11.449	-0.599722	1.35099	1
4	0.573153	3.89085	-0.106854	0.293227	1
4	5.09626	23.3925	-0.252377	-0.243495	1
4	14.2509	19.7775	1.50747	-1.28097	1
4	5.74179	19.2098	-2.23709	0.273868	1
4	7.77871	13.841	0.819151	-0.452444	1
4	6.54332	21.2851	1.04214	-1.83923	1
4	38.9379	9.95855	0.791512	0.857675	1
4	27.5123	15.5316	0.846732	-0.326426	1
4	6.26793	12.9222	-2.31939	0.203967	1
4	12.1314	15.4795	0.592072	1.30515	1
4	11.3218	8.94556	0.453793	-1.21248	1
4	12.0985	22.8059	0.284921	0.0307655	1
4	23.9009	8.88375	0.593231	-0.0130631	1
4	5.29013	9.73128	-0.0398178	0.631258	1
4	12.0203	30.2502	0.389466	0.333477	1
4	13.4401	10.5884	1.08214	1.09737	1
4	21.6259	27.5351	0.926785	2.23641	1
4	15.442	20.2017	0.829261	-0.540656	1
4	22.9266	17.0253	0.30449	0.596143	1
4	24.1701	18.899	-1.51663	-0.831647	1
4	33.6524	25.239	0.563104	1.35119	1
4	31.7292	15.1167	-0.808306	-0.193559	1
4	32.2871	18.0967	1.31193	-0.4061	1
4	32.4516	11.7582	0.289161	-1.01196	1
4	26.045	17.099	-0.0595499	0.620458	1
4	24.2746	27.3098	0.013752	1.49554	1
4	31.8314	16.1559	-0.0374394	-0.0698535	1
4	1.27064	13.5628	-0.21215	-0.440565	1
4	30.6571	24.3584	-0.804451	1.95219	1
4	32.4729	20.6388	0.794826	0.653931	1
4	1.74188	19.5465	0.498092	0.739109	1
4	14.7519	16.1697	0.708655	0.241151	1
4	6.6354	14.0286	0.0254947	-0.657102	1
4	3.98151	13.9579	-1.29169	-0.966509	1
4	14.7986	15.0005	1.05833	1.29482	1
4	0.836947	25.1683	-0.118102	0.0101982	1
4	6.75607	19.6909	-0.210866	0.889189	1
4	39.8663	23.0396	-1.05656	0.259768	1
4	8.59713	18.118	0.680729	-0.331842	1
4	6.56006	9.29331	-0.170109	-0.28051	1
4	2.71585	16.3563	-0.0252395	0.189112	1
4	13.3408	22.1762	-1.7654	-1.9617	1
4	5.64438	20.2407	-2.80666	1.20957	1
4	17.6576	18.5629	-0.445712	1.8791	1
4	18.3913	21.1596	-0.156483	-0.421603	1
4	17.1324	17.482	-3.35825	0.703622	1
4	13.8346	5.72848	-0.118555	-0.617245	1
4	17.833	15.559	0.513528	0.834378	1
4	27.1525	17.5722	-0.60119	-1.19715	1
4	23.1956	16.0011	-0.642336	-1.63885	1
4	22.0041	7.57055	-0.83798	1.50661	1
4	15.964	16.9417	-0.679705	1.30029	1
4	21.4223	22.0555	-0.502428	2.833	1
4	25.8701	25.3075	0.849471	0.586418	1
4	21.2623	24.6298	-0.543429	0.590264	1
4	24.7655	23.542	1.67473	0.115327	1
4	32.8929	2.49116	-1.31587	-0.995142	1
4	27.4171	26.3313	1.18216	-0.762047	1
4	33.1163	22.6988	-0.911344	-1.32752	1
4	38.6413	2.63142	0.78756	0.00885108	1
4	30.9348	14.3388	0.457296	-0.741986	1
4	34.4616	13.8121	-0.302622	0.0546948	1
4	33.9148	15.0401	-0.387809	-0.608998	1
4	3.00365	21.8982	-0.481924	1.26645	1
4	4.80615	17.1495	-0.718276	-0.386243	1
4	9.08045	19.1963	-1.41983	-0.64819	1
4	9.95339	23.1009	-0.152687	-1.32062	1
4	2.32866	12.7358	-1.76744	0.0921948	1
4	11.0673	20.118	-1.34413	-1.22313	1
4	6.96667	26.5789	-1.83735	2.27095	1
4	1.63622	17.1618	0.341296	-0.696211	1
4	6.91523	16.2915	1.39639	0.572861	1
4	6.07809	11.6596	1.13235	-0.566348	1
4	14.5411	18.4905	-0.110257	1.25143	1
4	7.62797	22.7659	0.14032	-0.244141	1
4	11.6552	25.3323	0.230178	-1.79325	1
4	10.8781	17.634	1.20669	0.0613284	1
4	15.7062	9.65371	-0.160188	1.55636	1
4	16.5017	19.0987	-0.734338	-0.0854098	1
4	4.9995	22.316	0.820357	-0.478273	1
4	9.01127	27.9799	-0.437859	0.0378971	1
4	33.5772	10.7866	0.448373	1.32774	1
4	14.8446	17.3749	1.6348	0.889722	1
4	17.5769	9.94846	-1.28397	1.29561	1
4	31.4709	5.60064	-1.32774	0.340155	1
4	20.7034	9.3333	-0.503114	0.874736	1
4	17.9806	16.6723	-0.0456902	0.0489016	1
4	20.2379	27.9465	-0.773173	0.880414	1
4	30.7918	7.94102	-0.426738	-1.36802	1
4	26.1451	21.6969	-1.29288	-0.280363	1
4	31.4141	20.2592	-0.643054	1.07127	1
4	34.9165	28.062	-0.483764	0.454355	1
4	5.60108	16.3604	-0.91889	0.671253	1
4	37.9386	21.6177	1.22107	-0.128571	1
4	33.4275	15.9786	-1.28131	-0.546395	1
4	1.80191	15.6979	-0.991886	1.13266	1
4	38.64	15.7415	-0.971668	-1.79029	1
4	30.0131	18.6388	0.532611	0.136603	1
4	3.60086	17.3868	-0.79516	0.353754	1
4	8.80252	16.1743	1.10845	-0.445469	1
4	0.461809	21.3379	-0.758885	0.358596	1
4	7.33544	25.3652	1.14821	3.63743	1
4	3.39073	23.7045	-3.94768	0.931581	1
4	10.6733	0.853096	0.312928	-0.031061	1
4	11.9903	11.0874	1.66742	-0.232252	1
4	11.0863	15.4029	1.01244	-0.281143	1
4	7.51613	10.0038	-0.0266121	-0.035629	1
4	14.738	13.9588	0.858387	-0.139988	1
4	16.6022	10.6358	-0.142715	0.525681	1
4	20.9967	16.231	1.21927	-0.87502	1
4	10.0871	20.1658	-2.83228	0.184308	1
4	19.818	13.4251	-0.356198	1.08632	1
4	9.02984	21.112	-0.553498	0.783313	1
4	19.4664	18.086	0.881815	-0.379215	1
4	18.4295	17.737	-0.586324	-1.71901	1
4	26.2945	26.5175	0.0197443	-0.359668	1
4	28.7877	14.9646	1.65394	0.234553	1
4	21.8299	20.3374	1.39606	0.371991	1
4	21.8866	26.5382	1.12195	-0.1397	1
4	16.7993	13.9268	-0.516047	-0.571083	1
4	32.219	19.2102	-0.424682	0.205258	1
4	32.4703	23.4382	0.0568381	0.176558	1
4	37.0397	12.8179	0.486445	-0.177229	1
4	35.2122	19.0256	0.289618	-0.873077	1
4	32.8257	30.9524	0.0822389	-0.173451	1
4	27.4209	18.7815	0.957563	0.142277	1
4	35.9713	19.9414	0.481062	-1.21831	1
4	30.0936	20.1642	-0.269147	1.10699	1
4	35.981	26.0234	-1.29186	-0.905625	1
4	31.7956	10.8079	-0.915327	1.7932	1
4	39.3309	21.3477	0.342308	-0.442805	1
4	7.28074	18.3384	0.580669	1.55886	1
4	0.7051	20.0306	-0.8326	0.571722	1
4	34.9477	25.0257	-0.507659	0.22041	1
4	36.397	15.3122	0.540304	1.65759	1
4	10.7209	14.271	0.728698	-1.16129	1
4	1.68731	21.7046	0.125778	1.38035	1
4	3.4144	18.6226	1.21792	-0.295337	1
4	6.92803	6.82734	2.33513	-0.686849	1
4	8.32222	19.9166	1.64644	0.601048	1
4	12.2291	17.6061	0.157599	-0.51023	1
4	18.695	18.9346	0.849805	-0.85765	1
4	19.6357	14.8495	0.0181135	1.27749	1
4	21.0606	10.4826	0.334263	-1.34209	1
4	25.404	12.1687	1.45378	1.20132	1
4	20.1845	17.149	0.178666	0.213238	1
4	17.8767	23.6518	0.17117	1.03519	1
4	15.638	27.5152	-0.504508	-0.607005	1
4	25.7937	11.0533	0.698635	-1.72636	1
4	27.0388	11.1913	0.540307	-0.593473	1
4	31.6979	24.0582	-0.921024	0.379735	1
4	28.1034	22.2806	-0.129935	-0.639393	1
4	28.1266	29.1889	0.26915	0.827891	1
4	27.765	30.4832	-0.137458	-0.713675	1
4	28.0962	25.5044	-0.853804	2.15868	1
4	34.0524	21.7366	-0.570488	0.165719	1
4	20.5997	18.386	0.169778	-0.622431	1
4	0.628119	18.4609	1.70862	0.374868	1
4	30.9125	23.3206	0.556602	-1.02293	1
4	34.6003	27.0523	1.05534	-0.256027	1
4	38.173	18.2521	0.133936	-0.309029	1
4	2.16583	23.2103	0.198937	-0.327053	1
4	5.50903	17.9293	-0.341636	1.59868	1
4	3.90665	11.3098	0.0955645	-0.14391	1
4	28.3551	17.8395	0.507659	-0.0314532	1
4	39.6192	16.9866	0.14804	-0.455251	1
4	37.676	15.0213	1.30066	0.320558	1
4	10.4422	25.2511	1.21955	-2.02409	1
4	6.24138	25.2705	-0.743182	0.259882	1
4	11.0098	11.3136	0.557086	0.507766	1
4	3.72193	19.6983	-1.63094	0.918328	1
4	39.1587	19.2462	-0.485447	-0.190842	1
4	4.47559	26.3343	0.879216	1.15268	1
4	3.88412	16.3294	-1.17567	-0.940474	1
4	15.8005	18.0125	0.139589	-0.579451	1
4	9.45944	26.8493	0.299028	-1.04985	1
4	29.6092	21.3693	0.729384	-1.41255	1
4	16.6851	22.6792	0.82968	0.959928	1
4	24.1379	13.8401	-0.810479	1.07653	1
4	20.9478	20.9292	1.11124	-1.82567	1
4	20.2227	25.0096	0.227947	-0.379557	1
4	21.1344	23.1972	0.342588	-0.758588	1
4	20.5832	26.8599	0.532547	0.270294	1
4	24.423	25.3138	1.4131	-0.310021	1
4	17.4629	29.4601	-0.289295	-2.35515	1
4	25.3709	21.0377	-0.478846	-0.0305774	1
4	25.1186	26.4133	-1.70128	0.20188	1
4	28.308	24.4937	1.12004	0.987632	1
4	30.1046	3.57508	0.264031	-1.32023	1
4	24.15	16.6673	-1.72126	-1.55475	1
4	34.8308	26.0575	0.093624	0.927195	1
4	29.8122	23.3214	1.1926	0.438168	1
4	37.2033	17.6112	-0.251328	0.503055	1
4	39.2162	24.1774	-1.7669	-1.0489	1
4	35.2351	29.2827	2.04058	1.10481	1
4	6.0463	15.4588	0.460264	1.01801	1
4	5.45601	24.5552	-0.213417	0.189634	1
4	35.4785	22.9061	-1.04098	0.0699741	1
4	0.971245	22.5436	0.0208816	-1.10862	1
4	10.6366	21.0945	0.00546949	-0.743531	1
4	1.68806	23.9973	0.987509	-0.293238	1
4	7.89392	21.6275	0.848341	-0.587446	1
4	12.5009	24.1544	-0.283134	0.137538	1
4	6.10212	22.2873	-0.446658	0.670295	1
4	13.366	20.1599	-0.115489	0.886458	1
4	15.892	23.5365	-0.144162	0.272211	1
4	7.4073	20.6354	-2.35282	-0.0465781	1
4	11.501	32.8612	1.19926	-0.336096	1
4	13.3917	17.9817	-0.304598	-2.2951	1
4	27.0338	13.6638	0.709305	-1.3529	1
4	22.9554	20.8323	0.415536	0.299536	1
4	16.8093	16.2168	-1.90982	0.622491	1
4	21.3076	25.6844	1.07738	0.640737	1
4	19.5961	23.5685	0.422049	0.464886	1
4	22.7098	13.5586	0.92535	2.51317	1
4	22.5957	21.8346	-1.21129	-0.532094	1
4	26.2734	20.562	0.24236	0.130031	1
4	22.2412	22.8344	1.12712	0.336364	1
4	24.6254	28.3188	-0.848823	-1.54756	1
4	30.9219	30.9086	-1.1175	-1.35685	1
4	17.3802	25.1154	0.885432	-0.0919409	1
4	38.5026	27.7377	-0.348623	-0.583686	1
4	22.3865	24.9781	-0.257341	0.333078	1
4	38.6611	29.0654	0.935623	0.777272	1
4	24.1023	22.7739	-0.278965	-0.899131	1
4	29.9417	16.1489	-0.0166959	-0.235586	1
4	36.0765	33.5161	0.870231	1.559	1
4	36.7301	22.1071	0.0793819	1.62138	1
4	34.3897	22.7454	-1.02614	0.865344	1
4	33.5249	24.1625	0.104044	0.483344	1
4	3.33902	29.8428	-0.175998	1.16098	1
4	10.6801	24.0622	0.280989	-0.57253	1
4	4.04697	30.649	-0.119746	1.27671	1
4	10.6494	28.5964	-1.68587	-0.258113	1
4	17.6398	19.8263	1.37901	-1.02755	1
4	3.81706	27.223	0.857982	-0.17159	1
4	19.5336	21.3823	0.00215915	-1.15206	1
4	10.1411	27.714	-0.157349	1.70022	1
4	7.55744	23.9146	-0.0798167	-0.358642	1
4	14.6807	21.8466	-0.387384	-0.169177	1
4	14.6792	24.3682	-1.02207	1.9795	1
4	16.8323	15.1626	1.32879	-1.60977	1
4	12.8388	25.195	-0.922551	-0.588377	1
4	22.116	16.1712	0.849042	-0.182724	1
4	16.7134	27.6653	-0.359397	-0.445496	1
4	12.9368	34.3797	-0.565763	2.2947	1
4	22.9465	12.3607	-0.422402	0.738413	1
4	21.5205	17.1831	1.1164	0.0287571	1
4	26.1348	23.1727	0.375357	0.449664	1
4	19.7614	19.2056	1.14808	-0.994714	1
4	25.5399	29.6622	0.245133	-0.00680145	1
4	21.8592	28.5764	0.595936	-0.0512008	1
4	23.0917	18.7581	-0.262749	0.168403	1
4	26.7186	29.3258	-0.703454	-0.389122	1
4	27.6068	31.7447	0.943202	-0.234684	1
4	33.9365	31.2433	-0.696536	-0.528095	1
4	39.1119	29.9816	0.570838	2.34219	1
4	33.0182	28.826	-1.44522	0.138773	1
4	4.02959	21.7699	-0.228086	1.28917	1
4	39.8886	27.1992	-1.14225	-0.840132	1
4	37.067	26.3521	-1.0116	-0.0736689	1
4	30.4705	34.9348	0.90288	0.762357	1
4	4.62684	15.6432	1.24936	-0.341323	1
4	8.88425	22.1987	0.752933	-1.32699	1
4	39.6858	25.1407	-1.73544	0.50532	1
4	39.6436	28.2386	0.152873	1.32291	1
4	10.8753	29.7086	1.46538	-0.023789	1
4	9.61818	24.4497	-1.22188	-0.221752	1
4	3.21537	33.2132	-0.0461521	1.01664	1
4	10.4813	26.2918	0.618024	0.906449	1
4	7.54993	15.2296	-0.330333	2.25486	1
4	14.1094	20.8667	-0.669468	0.784053	1
4	18.758	20.1336	-0.490269	0.267923	1
4	14.9248	25.4402	-2.14819	-0.7673	1
4	16.2627	29.5789	0.79979	0.892026	1
4	23.6496	25.9525	1.04787	1.20706	1
4	16.8645	24.0423	0.537143	-1.5662	1
4	8.25508	24.7459	-0.143282	0.160015	1
4	22.7465	19.8196	-2.89533	-1.10726	1
4	25.1167	22.4866	0.129332	-0.170183	1
4	22.5911	14.6662	-1.70531	-0.491754	1
4	18.8793	24.343	-1.05778	0.50222	1
4	26.3783	32.0828	0.148385	-0.43736	1
4	33.3906	33.6717	0.948352	0.193312	1
4	32.0639	29.1878	0.404081	-1.04854	1
4	34.1522	28.8004	0.49508	0.887057	1
4	28.5524	21.0973	0.1742	0.470069	1
4	39.9678	29.3259	1.6916	-0.0681073	1
4	28.6007	23.4922	-0.578657	-1.77956	1
4	35.164	21.4414	0.315057	0.526598	1
4	36.6	29.9941	-0.537253	0.523018	1
4	36.6426	23.1569	-1.65931	0.667096	1
4	3.27275	28.8525	-0.189192	2.40619	1
4	34.9027	15.5698	-1.03598	0.0157918	1
4	1.50891	27.4347	0.561768	-0.0553221	1
4	24.0901	31.3689	-1.72455	0.203696	1
4	2.51152	27.5754	1.14653	2.49427	1
4	5.50917	39.1415	-0.434659	1.20319	1
4	0.727697	30.3458	0.0257672	0.958695	1
4	0.641351	23.832	-0.0411295	-0.220679	1
4	10.3146	36.4766	-1.14714	-1.04316	1
4	8.77617	36.3376	0.015113	-0.477009	1
4	37.5481	23.9859	1.83866	0.497687	1
4	4.22622	39.1825	0.125022	0.606761	1
4	16.8667	26.4093	0.99265	-1.96817	1
4	13.4275	28.5585	-0.552609	-0.32512	1
4	11.1688	30.8378	-0.389131	-0.382755	1
4	8.27603	29.9977	-0.8785	0.0905991	1
4	23.3878	23.7532	-0.626928	-0.137612	1
4	19.0959	31.041	1.08719	1.02223	1
4	13.6358	24.2749	-0.0679064	0.455489	1
4	21.9514	18.5612	0.573037	-0.392154	1
4	12.4263	32.3847	-0.215752	-0.673336	1
4	13.5556	27.3801	1.74138	0.178154	1
4	25.4536	27.5508	-0.488415	-0.777649	1
4	19.4184	29.8826	-0.791625	1.37252	1
4	30.5686	28.5631	2.18842	-0.958907	1
4	24.1451	30.3288	0.825946	-1.52951	1
4	35.0006	23.7788	1.00395	0.514817	1
4	27.5299	37.1717	-0.167712	-0.0535457	1
4	26.7247	36.5333	-0.6632	-0.317401	1
4	20.6814	29.0098	0.168808	-0.397004	1
4	29.9223	29.9918	-0.401549	-0.135498	1
4	27.2727	23.4654	0.217567	2.25001	1
4	28.788	30.0504	0.250532	0.426495	1
4	36.9012	31.1037	1.13993	-0.379798	1
4	4.64125	25.3396	-0.17405	-0.764665	1
4	5.65405	28.46	0.0952305	-0.631711	1
4	7.85729	28.7469	-0.475139	-1.33682	1
4	31.9254	31.4868	0.133327	0.0497436	1
4	2.71362	24.8154	0.365265	-0.13267	1
4	36.1419	25.0308	-0.224445	2.71858	1
4	3.98021	24.5702	-0.0449654	-0.0258021	1
4	2.69235	34.237	1.14765	0.257445	1
4	5.23564	27.1883	1.00131	-2.10041	1
4	20.729	19.6622	-1.4767	-0.133753	1
4	10.0938	18.8184	2.11471	-0.0257254	1
4	13.562	26.2834	0.548824	0.476503	1
4	16.1571	24.9337	-0.553243	0.386635	1
4	13.8755	17.0645	-0.416116	-0.170757	1
4	17.8573	38.2459	0.161075	0.396292	1
4	15.6094	21.2196	-1.26621	1.49572	1
4	9.14369	31.8876	-0.998558	-0.345561	1
4	20.2655	36.5467	0.328333	-1.23511	1
4	15.4761	29.0098	-0.617067	0.137067	1
4	19.9964	20.4917	0.0437695	-0.413261	1
4	18.1253	25.8653	0.879437	-0.567432	1
4	15.9404	25.9539	-0.110407	-0.320108	1
4	25.435	32.5826	-1.05733	1.17726	1
4	20.2714	34.5328	-0.0167739	-1.72086	1
4	19.9562	15.9555	-1.18106	0.191445	1
4	35.3025	32.8562	0.854261	1.57089	1
4	25.2729	19.6872	0.253713	0.252472	1
4	31.5249	32.3938	-0.053556	0.965551	1
4	30.0353	25.4513	0.521612	-1.48086	1
4	29.6025	27.6957	0.558397	-1.03135	1
4	18.6092	28.2087	0.127013	0.0993794	1
4	31.9293	30.3115	-0.781766	-0.66406	1
4	38.2153	26.3143	0.436983	-0.535745	1
4	9.26974	25.5055	-0.515703	-0.017031	1
4	4.38319	33.0953	0.0773351	0.943563	1
4	39.5476	18.0876	-0.288353	0.303579	1
4	5.7928	30.85	-0.486295	0.138446	1
4	6.00507	29.5814	0.256736	-0.86035	1
4	0.40936	37.1107	-0.392955	1.90932	1
4	4.36018	36.3347	0.81881	-0.363119	1
4	32.9767	0.448403	0.044887	0.478167	1
4	2.18168	33.4058	0.583776	-0.296101	1
4	2.6723	17.8075	-0.178547	-0.0620179	1
4	11.9172	29.1613	0.772112	0.0799949	1
4	5.50493	26.1473	0.545979	-0.52316	1
4	18.771	34.6852	-0.91523	-0.0460421	1
4	15.7251	30.7993	-0.496352	-0.929868	1
4	12.0612	28.0067	0.634294	-0.924854	1
4	15.5919	22.5213	0.0849153	0.421713	1
4	18.5599	29.4099	-0.465006	-0.178634	1
4	23.7621	33.993	2.14776	0.318508	1
4	22.1419	33.4705	-0.129026	-1.51286	1
4	16.6537	20.7693	-1.2004	0.557487	1
4	17.7525	27.0611	-0.952978	0.0753124	1
4	27.2922	28.512	0.670514	1.16674	1
4	23.2556	28.3884	0.738139	0.0207647	1
4	26.8291	33.0234	-0.454766	1.05269	1
4	25.5594	28.6625	-0.83749	0.746031	1
4	31.0068	29.4599	-0.0406124	1.52708	1
4	22.5407	29.3241	-1.01141	-0.210623	1
4	30.282	33.9809	-0.355804	1.05471	1
4	1.83754	30.8844	-0.971607	0.41077	1
4	30.8634	36.0365	-0.0142347	-0.123494	1
4	35.8316	27.0867	0.501336	-0.0538199	1
4	2.85295	31.46	0.538463	-0.42208	1
4	37.2452	28.9431	-0.587846	0.329193	1
4	38.4322	24.9287	-0.863238	-0.199317	1
4	2.29417	29.7589	0.827859	2.73407	1
4	11.4501	34.6859	1.0509	0.624314	1
4	32.6128	25.9915	-1.60926	0.110649	1
4	4.27331	29.3166	0.786242	0.649433	1
4	1.83496	28.5819	-0.874013	-1.09045	1
4	10.0226	30.6899	-0.122872	0.0363663	1
4	12.8812	21.3003	-0.944161	-0.153847	1
4	13.1326	23.2436	0.499583	-1.9344	1
4	4.36081	1.42453	-2.18781	1.42257	1
4	11.7805	20.9795	0.166621	-0.0422152	1
4	11.7232	16.4429	1.07521	-0.637992	1
4	12.2799	19.9515	1.07466	-0.732895	1
4	11.2957	21.9788	4.37875e-005	0.835544	1
4	21.0947	31.4545	1.06595	0.258359	1
4	7.99175	26.2946	-0.654794	-0.652198	1
4	7.34245	29.6011	-1.48744	1.02428	1
4	14.6789	37.9554	1.79896	-1.45173	1
4	21.5435	0.771368	0.139959	1.03848	1
4	7.81277	35.5702	-1.11861	-0.0357013	1
4	17.949	31.7759	-0.474982	0.189598	1
4	25.9733	0.108748	1.5844	0.0172308	1
4	36.4365	32.3812	-0.559337	-0.53682	1
4	23.9361	20.3209	-0.638802	0.391152	1
4	33.085	29.9887	-0.665918	0.112885	1
4	29.1136	22.4506	-0.365562	1.39733	1
4	28.9419	34.3628	0.0717546	-0.101865	1
4	31.3502	25.2258	-0.390295	1.14067	1
4	29.4429	28.9535	0.837505	-0.676581	1
4	33.8201	26.2681	0.0812951	0.784045	1
4	33.7401	32.5152	-0.440823	-0.426891	1
4	0.666213	28.3565	-0.0195647	-1.05142	1
4	35.9075	28.2749	-0.407336	0.0772471	1
4	37.2697	25.0754	-0.146842	2.16801	1
4	4.99192	30.2658	1.24699	-0.559525	1
4	10.2257	34.4088	-0.451074	-0.791197	1
4	5.90426	35.9121	0.175706	0.77531	1
4	3.29124	20.6309	-0.856694	0.352154	1
4	14.7386	33.3051	-0.100382	-0.112342	1
4	4.57432	35.0764	-0.0624708	2.01532	1
4	14.0727	36.4812	-0.794247	1.23717	1
4	4.40384	28.2934	-0.866312	-1.08224	1
4	6.20301	27.5445	0.325989	-1.69577	1
4	4.86588	31.83	-0.532519	0.608263	1
4	9.18394	33.9556	-1.29502	-0.378477	1
4	4.0739	5.62468	0.178163	0.42646	1
4	19.1879	37.077	0.388849	1.08109	1
4	19.1715	25.4033	-0.457432	-0.0430821	1
4	16.1841	36.895	-0.0534748	-1.73681	1
4	22.8811	5.12122	1.57515	0.298459	1
4	28.0344	33.1843	0.846227	-1.00794	1
4	21.7454	34.437	1.07283	0.281874	1
4	13.9694	25.3005	-0.0875162	0.357647	1
4	31.3883	33.6252	-0.333329	1.49956	1
4	28.6514	31.1626	-0.154556	-0.0574673	1
4	26.6864	31.0401	1.27381	-0.919482	1
4	21.2787	29.7914	-1.38882	-0.425468	1
4	1.52261	36.7357	0.711451	2.04742	1
4	19.6078	28.8482	0.337019	0.671728	1
4	38.5088	33.5799	0.442182	-2.69213	1
4	29.732	35.6231	-1.55774	-1.33532	1
4	28.9877	26.0532	-1.0068	-0.41896	1
4	33.5734	27.3351	1.09967	0.000882251	1
4	34.1766	29.8347	0.169928	-0.663131	1
4	36.9495	18.9819	1.66839	-1.80918	1
4	32.2664	34.1978	-1.10956	-1.05367	1
4	2.16003	26.6113	-1.11358	-0.0193902	1
4	35.8728	1.6815	-0.126379	1.91235	1
4	37.2631	34.2909	-0.321199	-0.0789496	1
4	8.02382	32.1139	0.0170922	0.369928	1
4	6.40716	37.0311	-0.764078	0.123502	1
4	1.18945	29.3434	0.856954	-1.44478	1
4	6.53988	31.7015	-0.891534	0.687245	1
4	14.2695	30.8876	-0.126356	-0.0721872	1
4	8.53334	38.0325	0.0868969	-1.18933	1
4	6.99379	32.8853	-1.09681	-0.256967	1
4	12.4785	36.5996	0.0964539	0.971459	1
4	6.87241	28.3549	-0.510558	-0.474916	1
4	21.1568	35.4502	-1.30744	0.795545	1
4	14.6808	29.613	-0.208749	0.410156	1
4	9.41719	32.9271	0.462364	1.18232	1
4	7.99141	27.3363	0.0888724	-1.8181	1
4	17.1218	34.5129	0.443576	-2.04541	1
4	18.8616	32.2297	-1.33223	0.694145	1
4	23.4586	37.8054	0.240724	0.0905933	1
4	23.0845	30.7772	-0.841212	0.526409	1
4	24.8907	35.8853	-0.697724	-0.43459	1
4	27.0089	22.3895	0.0390255	-1.0872	1
4	22.6889	36.6696	-0.090261	-0.796511	1
4	25.3205	31.3297	-0.630985	0.476542	1
4	30.459	21.992	1.30539	1.30109	1
4	30.1243	26.6249	0.187871	-0.650737	1
4	25.8381	33.5294	1.90587	-0.469665	1
4	32.7573	35.567	-0.974992	-1.44432	1
4	39.1253	36.8678	0.187557	-1.42314	1
4	38.3178	38.3321	0.242168	0.240399	1
4	3.81355	32.1948	-0.0443335	1.24502	1
4	37.9695	1.22278	1.27112	0.0049217	1
4	28.5882	0.174598	1.94993	0.714274	1
4	32.8259	32.0347	0.756204	-0.0793623	1
4	1.1254	37.9396	-0.0653626	-0.262698	1
4	29.1263	36.8998	0.152364	-0.600411	1
4	34.1314	39.3152	0.00117494	-1.66068	1
4	6.3204	0.145851	-0.00264664	0.772631	1
4	5.58886	37.7098	-0.673535	0.0026666	1
4	5.49807	33.806	1.51317	0.758845	1
4	8.12275	5.5335	0.882976	2.07626	1
4	7.84818	7.29516	1.15273	-1.75144	1
4	9.43437	29.0329	0.564456	-1.028	1
4	14.6681	28.2472	0.697665	-1.57956	1
4	11.7758	26.3029	-1.05251	0.881491	1
4	13.153	33.2517	1.43589	-0.321711	1
4	14.2494	39.2952	1.11113	-1.18827	1
4	18.8605	1.36572	-0.162575	-0.585519	1
4	18.7746	22.6823	1.80089	-0.52003	1
4	25.4617	34.6327	0.316994	-0.932204	1
4	21.5713	36.4466	0.596796	0.649766	1
4	25.0815	4.36148	1.44233	0.0814284	1
4	24.9698	0.815857	-0.12574	-0.824827	1
4	18.4334	36.1697	-0.75646	-0.774607	1
4	28.2964	27.1107	-0.450651	0.913676	1
4	28.0336	1.42514	-0.0242595	-1.71743	1
4	28.727	32.2573	0.244617	1.12412	1
4	20.6062	4.99134	-0.62482	-0.594999	1
4	32.2112	33.0734	0.0428915	-0.672145	1
4	35.9848	18.424	0.814838	0.636224	1
4	29.7471	31.1411	0.253695	1.27939	1
4	38.3233	32.5693	-2.79774	0.648208	1
4	32.3748	1.30334	0.551444	0.777712	1
4	35.1566	30.4193	-0.114949	0.131919	1
4	5.89892	5.90274	1.30472	1.08216	1
4	7.14757	36.4178	-0.180972	-0.954133	1
4	39.5322	34.4904	0.072191	0.773195	1
4	35.1947	34.1998	-0.631765	-0.624841	1
4	39.4978	1.71333	1.33376	0.738153	1
4	37.9496	29.9011	-1.52085	0.458729	1
4	7.37956	4.80357	-0.319795	-1.17634	1
4	9.4976	35.4064	-0.730055	-0.66907	1
4	7.18243	30.696	-1.34809	-0.339005	1
4	19.9095	32.8881	1.52144	-1.19061	1
4	13.2818	38.4195	-0.929393	0.545014	1
4	14.9717	7.06448	0.471073	1.36347	1
4	13.0352	29.6134	0.492115	-1.48631	1
4	18.059	30.4795	-0.947703	0.232984	1
4	10.0937	2.66759	0.726065	-0.59503	1
4	0.720553	26.445	1.41178	0.180885	1
4	12.2999	3.85186	0.04741	0.146846	1
4	6.11499	3.52034	0.323073	2.27557	1
4	24.2707	32.7449	-0.641746	-0.646615	1
4	21.8194	5.12428	-0.670758	1.07236	1
4	22.8005	2.38598	0.278017	0.993774	1
4	22.8003	27.2931	-1.66641	1.92998	1
4	16.8521	30.5845	0.70985	-0.17728	1
4	38.7244	31.321	-1.31164	1.70102	1
4	23.6947	29.3712	1.77472	0.701195	1
4	23.074	34.8955	-1.21169	0.897188	1
4	29.3859	4.80191	1.82145	-0.111574	1
4	37.1283	38.132	1.24885	0.155633	1
4	32.2596	37.9068	0.366713	-1.64917	1
4	29.5563	24.508	0.294058	-1.25652	1
4	31.8296	2.20015	0.713902	-0.203871	1
4	35.0047	31.5363	1.38393	-1.58858	1
4	31.7725	39.1725	-1.05747	-0.281455	1
4	0.39717	33.4051	0.35771	-2.81914	1
4	31.7869	27.3191	-0.872622	0.024284	1
4	4.40397	4.39482	0.654495	0.384913	1
4	29.0437	37.9317	-0.339835	-1.17168	1
4	1.77352	31.9942	0.0865924	0.924942	1
4	35.521	10.8388	0.763015	1.91158	1
4	2.51276	2.7163	2.10962	0.617356	1
4	5.19147	4.9362	-1.4921	-0.479237	1
4	8.28949	39.4777	1.62015	0.469707	1
4	5.73219	8.70867	0.418611	-0.143219	1
4	35.1394	4.06974	-1.72286	-1.32341	1
4	8.28716	33.1455	0.17933	2.16396	1
4	19.4832	35.6348	-0.838151	0.250469	1
4	6.35196	4.97214	-0.191595	-0.217773	1
4	2.39559	37.6812	-0.385794	-1.25074	1
4	17.5772	37.1153	-0.960761	-1.02967	1
4	9.03288	4.58338	-0.0485118	1.92658	1
4	14.9324	31.6883	-0.337421	0.345673	1
4	19.8936	31.6428	0.0590455	0.451337	1
4	27.8425	34.97	-0.239169	-2.64265	1
4	35.9733	38.4186	-0.319317	-0.161166	1
4	14.281	22.946	1.57012	-0.957589	1
4	36.5032	2.52847	-0.270496	0.831525	1
4	24.6451	37.1337	-0.62479	0.867874	1
4	30.5431	39.6456	0.362402	-0.270042	1
4	31.7333	35.6052	1.48675	0.881031	1
4	26.18	1.61818	-0.19537	0.321692	1
4	31.2426	38.1819	-0.834553	-0.188964	1
4	37.2802	8.52128	-2.14387	0.838749	1
4	30.2975	32.1805	-0.843939	-0.0652184	1
4	33.9361	37.5561	-0.746707	0.463867	1
4	36.7018	39.2153	-0.113007	-1.04905	1
4	21.9382	30.5553	1.74814	-1.08074	1
4	30.4204	9.01844	0.384515	0.775097	1
4	39.3788	39.2466	-1.80859	1.10643	1
4	1.56367	34.2504	-2.13476	0.332382	1
4	1.0674	0.95187	-1.18024	1.8303	1
4	8.44361	34.7022	0.791508	-0.725912	1
4	6.61788	35.0167	-0.0332213	-0.934472	1
4	8.25811	31.1424	2.07529	-0.0733398	1
4	5.83806	32.7179	0.866333	-0.798884	1
4	6.68276	8.02021	-0.357326	-0.139642	1
4	34.4727	33.531	1.80772	1.01198	1
4	22.139	35.5943	2.03374	1.37859	1
4	9.95114	0.0395671	-1.46843	0.679704	1
4	5.10824	0.449417	-0.939254	-0.340328	1
4	36.3522	0.658844	0.536421	1.69828	1
4	10.7456	39.1299	-0.0457721	-0.248884	1
4	21.0728	33.596	-0.273131	1.42322	1
4	16.8553	0.651268	-1.19588	-1.00366	1
4	11.1929	27.1188	0.506436	0.0686279	1
4	21.0555	38.5184	1.52615	-0.182214	1
4	23.8757	0.177845	-0.512647	1.21495	1
4	35.0251	1.13021	0.663839	0.411204	1
4	19.5738	2.33585	-0.299444	2.85828	1
4	24.0564	1.29229	-0.563465	-0.15572	1
4	22.1038	23.8442	-0.712805	0.239571	1
4	26.5709	39.1401	-0.333434	-1.19513	1
4	27.2265	24.9236	-1.26895	1.81944	1
4	28.5878	28.0968	0.381826	0.154551	1
4	33.7348	3.91944	0.91309	-1.3499	1
4	35.3426	2.91602	0.148638	-0.295916	1
4	36.1505	37.3466	-0.134804	-0.425579	1
4	34.2263	0.378025	-0.989453	-0.480764	1
4	22.335	31.5578	-1.58123	1.31188	1
4	29.7407	2.54518	1.28324	-0.520404	1
4	32.9921	39.1863	0.22243	-0.0484283	1
4	39.8123	38.0647	-0.588006	1.07005	1
4	1.96361	35.2747	0.0133598	0.493301	1
4	3.31577	35.381	-0.03538	-0.37762	1
4	38.6107	39.934	-0.166039	0.0812341	1
