25	1.90877	36.4246	-0.634873	-0.777512	1
25	12.447	38.8313	0.996103	1.63926	1
25	3.30635	33.1461	0.141437	-0.451257	1
25	19.5345	32.0247	-0.161888	-0.785027	1
25	11.72	33.6903	-1.05082	-1.07966	1
25	7.48391	4.74424	2.32403	0.761338	1
25	5.41541	0.936602	-0.413158	-0.0986796	1
25	39.6906	6.48808	-0.629507	-1.5578	1
25	16.0658	0.115301	0.571106	1.61081	1
25	14.867	5.59988	0.757543	-0.12295	1
25	20.0365	29.9599	-0.697939	-0.485504	1
25	12.3648	3.85611	-0.109579	-0.728068	1
25	11.3522	0.282883	-1.46723	1.46862	1
25	13.7417	32.2689	0.187186	-0.449514	1
25	28.3841	3.57409	1.05084	0.556157	1
25	15.6736	4.73327	-0.312581	-0.871547	1
25	20.4013	39.4665	-1.40221	-1.7472	1
25	29.5619	0.629013	2.02977	-0.74816	1
25	31.3642	3.29192	1.09401	-1.09686	1
25	22.0002	2.08286	-0.545943	-0.797384	1
25	21.7968	31.3553	0.820183	0.470546	1
25	19.1126	7.35945	0.827616	0.229943	1
25	33.4672	1.06801	0.384588	0.143043	1
25	30.4323	3.97091	-0.0364002	0.944812	1
25	28.5019	0.785541	1.02678	1.98169	1
25	37.7918	4.7062	-0.568561	0.315152	1
25	37.0553	3.91847	0.722085	-1.10988	1
25	1.57825	38.57	-0.90617	-0.971833	1
25	25.0482	1.34657	-1.39783	-0.470133	1
25	33.7091	20.8042	-0.861764	-0.848521	1
25	2.15982	4.60418	-0.181365	0.40594	1
25	8.99141	8.1452	-1.88597	-0.973476	1
25	4.04606	1.09478	-0.237394	-1.0542	1
25	38.4774	8.44036	1.4456	-0.099962	1
25	39.5529	38.6441	-0.013195	-0.717209	1
25	2.22058	0.935782	0.171039	0.253868	1
25	39.4172	9.1174	-0.302223	-0.205101	1
25	2.39306	39.2999	-0.0543539	-1.09017	1
25	13.4155	3.6719	-1.35706	-0.791633	1
25	5.5742	9.92597	1.36052	0.714943	1
25	11.1856	27.8439	-1.29495	-0.447768	1
25	5.75186	11.8092	0.896389	0.704917	1
25	10.4592	1.24172	0.762174	0.55472	1
25	10.7694	37.6117	-1.48742	0.505637	1
25	13.3004	1.4089	1.89737	0.684745	1
25	13.1259	36.0942	0.386979	-0.128132	1
25	30.9637	34.8707	-0.911234	2.41893	1
25	11.0033	4.34904	2.04622	2.18363	1
25	13.6364	29.9828	0.581861	-1.19273	1
25	24.7413	35.6774	-0.839148	-0.0934414	1
25	15.0475	3.52938	-0.697845	0.724232	1
25	17.9798	27.6512	0.666701	-0.879025	1
25	20.0509	4.02547	-0.31798	0.0855126	1
25	25.4972	36.4099	-0.970175	-1.62587	1
25	30.0738	9.64233	-0.426185	0.39392	1
25	36.53	6.50478	0.534359	1.16164	1
25	25.6934	0.57013	-0.338451	-1.90878	1
25	27.4934	13.5282	-1.03745	-0.294833	1
25	30.716	0.225622	-1.79841	0.500932	1
25	29.1432	2.67517	-1.34399	0.354823	1
25	0.0306991	36.9675	0.224742	-1.21455	1
25	26.7782	1.03413	-0.66531	0.290884	1
25	23.6392	36.202	0.0218814	-1.0374	1
25	1.62312	10.346	-0.353187	-0.177002	1
25	36.6818	36.3417	0.254265	-0.633741	1
25	36.6186	7.8344	-1.355	0.15513	1
25	38.7128	6.83143	-0.532128	-0.277079	1
25	10.585	8.03778	0.737536	0.921698	1
25	6.17686	6.30657	0.576266	0.376378	1
25	1.1032	13.064	1.62217	0.691898	1
25	39.6355	3.39456	-0.385963	-1.27082	1
25	21.4674	13.173	1.46302	-1.74964	1
25	38.4232	14.26	-0.44282	-1.0254	1
25	0.683038	7.30612	-0.8843	-0.497939	1
25	15.5268	11.1486	-0.637073	0.457797	1
25	14.8436	38.8437	-1.01659	-0.502198	1
25	17.4633	5.47325	0.966322	-1.14778	1
25	17.7992	35.1848	1.51817	-0.812284	1
25	9.89978	38.3387	-0.804376	2.74447	1
25	13.8968	10.8228	0.0572069	-0.80174	1
25	20.106	38.5235	-0.296165	1.09047	1
25	25.5283	33.48	-1.58611	-0.841805	1
25	29.0521	35.8705	-0.619022	0.506498	1
25	21.3648	38.8545	1.12153	0.143032	1
25	8.95451	1.82864	2.28999	-0.482994	1
25	28.5816	37.0459	0.540587	-1.40693	1
25	22.7081	13.6043	0.952067	0.220587	1
25	22.1831	6.64989	0.625193	0.219211	1
25	34.0945	5.29547	1.12148	-0.962009	1
25	25.6085	38.6139	0.508186	1.57464	1
25	36.7298	15.7695	0.770323	0.755312	1
25	19.9875	5.1862	-1.81222	-1.06354	1
25	0.624294	38.0575	-1.09361	-0.0436169	1
25	39.3947	8.01415	0.0950326	-0.659218	1
25	35.714	7.24955	0.620704	0.349156	1
25	32.2591	8.60597	-0.394543	-0.362959	1
25	31.8384	36.9476	-0.0974776	-1.51572	1
25	38.8533	37.3305	0.487042	2.32701	1
25	19.6058	9.72418	0.428631	0.98488	1
25	37.586	19.4959	-0.325049	1.31128	1
25	35.8255	21.4446	0.170388	-0.314983	1
25	9.53829	0.500247	-0.872552	-0.0343449	1
25	5.05186	8.69228	-1.06606	2.10238	1
25	7.33382	5.86051	-1.40151	1.53279	1
25	3.4035	0.0864179	-0.149472	-0.804802	1
25	8.5971	4.07371	0.890857	1.70543	1
25	15.1186	13.294	0.629169	-1.97986	1
25	6.84986	39.3863	-0.622195	-1.20142	1
25	9.39382	4.79038	0.0414559	-1.40882	1
25	20.9878	10.836	0.526969	1.37477	1
25	6.90489	9.48152	0.402616	0.647435	1
25	16.4812	3.79156	0.654083	0.198272	1
25	15.138	35.4988	0.43572	-2.16112	1
25	27.5548	39.9181	-0.643908	0.720353	1
25	25.7618	7.21619	0.465933	0.158101	1
25	17.0192	39.2376	-0.406107	1.53905	1
25	21.2515	30.2051	1.80353	-0.365758	1
25	22.1383	4.75542	0.600274	-0.299644	1
25	22.2744	3.29281	-0.0145262	-0.424095	1
25	35.0593	2.22446	0.496377	1.4413	1
25	21.077	4.98374	0.754456	-0.553411	1
25	26.0038	3.28987	0.0411232	0.892138	1
25	31.3303	8.11076	-1.86567	-1.00398	1
25	27.8479	38.1213	-0.857634	-0.634121	1
25	28.1781	2.41832	-1.21305	-1.56226	1
25	35.8753	0.898657	-1.7324	-0.124227	1
25	5.99199	36.0062	-0.783771	1.06319	1
25	34.5549	11.8043	-0.222632	-0.0698721	1
25	38.8559	12.4602	0.672199	-1.21858	1
25	34.5138	10.3646	-1.20909	-1.47592	1
25	31.4016	4.56528	-0.933113	-1.26959	1
25	5.47226	37.8125	1.25638	0.960747	1
25	31.6209	16.9859	-0.781913	-0.400252	1
25	0.593134	14.2811	0.121351	-1.08027	1
25	4.09694	9.14046	0.0198126	0.425821	1
25	38.8418	10.1055	-0.078548	-1.59274	1
25	3.91424	10.1841	0.0684159	-1.43018	1
25	37.823	16.5867	0.256468	0.0714278	1
25	5.45085	1.90604	-0.787113	1.58409	1
25	9.23455	2.89976	-0.46442	1.89387	1
25	5.07289	31.4746	-0.0254088	0.015594	1
25	19.3296	36.5435	1.26585	0.238264	1
25	18.8583	3.64032	0.670615	0.706784	1
25	11.8148	36.2431	0.146942	0.104622	1
25	12.2977	30.4129	0.170918	-0.270569	1
25	9.09937	6.06987	1.14371	-0.837531	1
25	16.938	37.0505	-0.113556	0.961667	1
25	15.781	1.59182	0.48053	0.686775	1
25	23.1102	2.64414	-1.92653	-2.01797	1
25	22.6975	34.3962	-0.330469	-1.8553	1
25	22.0081	0.87686	-0.32829	0.833858	1
25	26.9018	6.97258	1.49651	-0.829346	1
25	29.8067	5.95484	0.983976	-0.245968	1
25	18.85	13.5752	-0.0578968	1.04249	1
25	21.5317	11.7311	0.699225	0.883597	1
25	12.6324	2.76337	-0.455579	0.144198	1
25	20.6401	9.59779	-0.511884	-0.545174	1
25	36.2392	2.90635	0.734055	0.639526	1
25	22.6996	35.6429	-0.190258	1.36326	1
25	35.3693	4.82194	0.993843	-1.0032	1
25	1.63869	1.83319	0.425674	1.2569	1
25	21.8105	37.5314	0.504606	-0.031467	1
25	10.2526	29.6837	0.803664	1.57283	1
25	34.1626	13.5085	0.583184	2.09324	1
25	0.978305	4.59901	-0.594422	0.686687	1
25	30.3889	17.0324	-1.38011	0.572549	1
25	36.3247	5.11096	0.418409	0.098873	1
25	39.9183	4.42448	-1.9729	0.0371196	1
25	35.6294	11.5706	0.670526	-0.636089	1
25	3.76537	3.16996	0.50734	-0.35087	1
25	0.629996	3.44822	0.256757	-0.718161	1
25	3.94661	6.83569	1.04587	1.8226	1
25	2.42965	10.8901	0.92182	0.131995	1
25	10.2888	5.3163	-0.769418	-0.814156	1
25	17.1705	34.3587	2.26915	0.723481	1
25	12.5346	5.62721	0.253947	-0.43188	1
25	16.9586	35.9103	-1.45784	0.163206	1
25	14.1097	33.434	-0.41452	-0.972431	1
25	18.1679	11.8017	0.558147	-0.533147	1
25	17.0554	0.934112	1.0828	-0.214227	1
25	18.3973	9.33661	1.68208	0.0579259	1
25	22.5977	38.2262	-0.656821	0.695212	1
25	24.138	13.0417	0.093416	-1.56665	1
25	23.4322	6.53865	0.0389067	-0.855421	1
25	28.673	22.5719	-2.04373	-1.18115	1
25	29.8508	17.9438	-0.186648	0.254082	1
25	21.1455	3.61496	-0.277874	0.0378031	1
25	24.6436	10.9046	0.50403	-0.770295	1
25	30.2881	19.2021	-0.438036	0.463237	1
25	33.3565	6.46272	0.573057	-0.126823	1
25	26.922	37.4221	-0.301503	-0.443974	1
25	24.8953	4.79276	-2.38823	1.69527	1
25	38.7047	5.68509	1.08981	0.135199	1
25	34.8717	6.19114	0.85576	-0.381919	1
25	2.79971	6.66952	0.604034	0.465022	1
25	38.1259	38.6741	-0.453644	0.236292	1
25	37.7495	12.3737	-1.69902	-0.465015	1
25	35.396	19.4194	-1.5658	-0.687762	1
25	37.4541	13.5692	-0.360838	0.581024	1
25	2.07621	13.49	-1.09096	0.725308	1
25	4.38012	16.5257	0.183695	0.375921	1
25	5.55895	4.33998	-0.11602	0.243326	1
25	14.6648	6.92636	0.491248	-0.154205	1
25	23.3238	16.35	1.38083	-0.129509	1
25	14.3853	4.51169	-0.194729	-0.465241	1
25	20.0423	13.3941	-0.49185	0.357502	1
25	15.5375	12.3289	-1.50203	1.1557	1
25	22.8511	37.0902	0.73336	-1.31483	1
25	12.9085	37.1514	-0.273702	0.74128	1
25	23.7285	34.9825	0.543641	0.0167424	1
25	19.8864	8.69927	-0.905877	-0.951216	1
25	17.2335	8.30182	-0.0875497	-0.485632	1
25	12.1015	7.74194	0.145415	-0.996034	1
25	20.9574	0.991068	0.739288	-1.31483	1
25	15.9653	38.8553	0.850434	-0.382362	1
25	21.5166	36.396	0.809965	0.263293	1
25	29.5488	20.7931	0.173591	-0.335741	1
25	23.547	37.7721	-0.883663	-1.26112	1
25	35.5868	3.71776	-1.90463	-0.445419	1
25	19.1584	17.6264	-0.71911	-0.279966	1
25	31.2564	6.04604	0.646007	-1.17172	1
25	23.7212	17.4491	-0.286692	2.18875	1
25	32.8744	17.6997	-0.192262	0.708037	1
25	32.2339	6.13593	-0.828357	0.424914	1
25	35.5458	10.4589	0.363134	0.0590844	1
25	39.7507	10.5149	-0.382903	0.0226053	1
25	34.9608	9.39397	1.61756	1.08608	1
25	33.6428	2.39583	-0.279271	-1.98993	1
25	30.8315	15.8916	0.304884	0.585018	1
25	32.8042	10.2109	1.60301	0.0506103	1
25	34.842	8.21948	1.3121	0.483009	1
25	33.9969	22.8883	0.126286	0.966716	1
25	36.8127	14.3528	1.1184	-0.284006	1
25	4.30395	12.1367	-0.572141	0.211044	1
25	5.13626	7.68697	0.889693	0.605756	1
25	1.58722	7.83737	-0.291985	-0.383554	1
25	36.1649	18.0417	-1.85945	0.273565	1
25	21.3412	19.5635	-0.545492	0.104703	1
25	1.3038	15.6369	0.133169	0.763053	1
25	10.041	3.8011	-0.949409	1.26851	1
25	6.32437	12.9048	0.650044	-0.156776	1
25	9.88549	10.2224	0.189907	1.66284	1
25	18.0259	36.4885	1.86673	0.544184	1
25	14.8651	0.122976	-0.134629	0.601242	1
25	16.3692	33.6575	1.0027	-1.31548	1
25	13.1443	4.75808	0.263798	1.12447	1
25	24.2718	5.78142	-1.77584	1.83668	1
25	18.1901	0.37896	0.655671	0.414503	1
25	13.0435	11.7566	0.00740937	0.730888	1
25	23.9223	39.2262	-0.350776	-0.118574	1
25	26.1505	4.93173	1.04441	-0.337897	1
25	27.3324	8.32365	-0.11771	-0.0279739	1
25	25.0094	8.94429	-1.16358	1.03628	1
25	30.8186	10.3468	1.38683	-0.366132	1
25	29.3669	12.2049	-0.15353	-0.334698	1
25	25.9017	11.0889	0.11696	0.611966	1
25	36.2436	13.3757	-0.418576	0.727711	1
25	34.497	39.0359	0.055698	-0.438267	1
25	36.5504	10.9523	-0.718094	0.651897	1
25	27.0913	3.25253	-0.847577	-0.0705206	1
25	32.1151	15.0908	-0.0467636	0.285796	1
25	30.1756	4.91896	0.758655	0.436064	1
25	36.8896	38.6948	-1.95492	2.14078	1
25	24.3885	0.322853	-0.967053	0.0827954	1
25	34.004	23.9923	-0.745927	0.387247	1
25	5.42219	17.6892	-1.44678	-0.41187	1
25	2.88026	2.72152	-0.059539	0.285517	1
25	3.41508	16.0706	-0.838737	0.236531	1
25	5.47358	16.1409	-0.49421	-1.49395	1
25	39.9379	12.6296	-0.308641	0.91802	1
25	20.2829	35.954	-0.901152	-0.0558845	1
25	19.6124	18.6532	0.289771	0.943793	1
25	3.00128	9.45435	-1.82334	-1.4049	1
25	9.62293	14.4753	-0.162859	-1.78197	1
25	22.3514	8.7266	1.61381	0.536114	1
25	15.8683	36.4363	0.691954	1.17629	1
25	16.6561	11.1898	-0.644608	-0.218899	1
25	13.0402	18.3551	0.392275	-0.970606	1
25	16.7406	9.23714	0.852006	0.788141	1
25	28.8683	6.59805	-0.351301	1.31559	1
25	19.062	2.31245	-1.64777	1.34809	1
25	30.0086	8.60449	-0.27098	-1.26477	1
25	23.6516	8.90829	-0.101484	0.145402	1
25	26.139	8.65889	-0.20264	0.0406202	1
25	34.2271	7.09614	-0.538185	-0.742595	1
25	21.729	14.1148	-0.871401	-0.911706	1
25	25.2697	17.6751	-0.101808	-0.992193	1
25	17.2305	12.4047	-0.187338	-1.69835	1
25	30.6736	13.121	-0.545735	-0.256001	1
25	21.5534	7.55437	-0.130743	-0.377765	1
25	37.3875	5.66586	-0.797409	-0.31014	1
25	31.8734	9.91553	0.936126	-0.143836	1
25	27.1595	16.7099	-1.59584	-1.23703	1
25	32.9936	22.2067	0.653222	0.717194	1
25	6.69479	18.1881	0.338578	-0.355033	1
25	2.04723	17.5067	-0.231707	-0.178997	1
25	0.185245	25.4969	-1.07017	0.350591	1
25	10.2247	17.4073	1.05169	-0.979548	1
25	5.05176	10.8168	-0.206587	-0.180414	1
25	37.567	6.80126	-1.15496	1.2137	1
25	14.2781	37.9172	0.890833	0.337468	1
25	12.5819	9.49521	-1.20322	0.269801	1
25	9.72697	9.11637	-1.08427	1.85534	1
25	2.91873	8.32239	0.16079	0.114728	1
25	11.3465	6.63762	0.143917	-0.558676	1
25	0.957079	11.937	-1.49375	-0.206871	1
25	6.41525	22.1261	-1.42757	0.230235	1
25	17.621	10.5119	-0.186311	-2.13152	1
25	10.9629	10.3528	1.2125	-2.0869	1
25	12.0061	11.5913	0.86083	0.00160563	1
25	20.9653	16.2539	-0.112065	0.524096	1
25	11.1741	2.46854	0.445543	1.40501	1
25	33.004	13.2055	-0.720505	-0.801763	1
25	14.129	2.86687	-0.656552	-0.190594	1
25	23.971	1.84548	-0.308025	-0.923705	1
25	13.7204	5.93305	-0.37757	1.32912	1
25	17.475	4.2994	0.384632	0.727622	1
25	23.6473	14.0424	-1.07519	0.472465	1
25	24.3529	8.12286	0.329206	-1.68007	1
25	15.2117	17.9955	-0.630695	-0.27455	1
25	29.4055	14.5052	-1.16194	0.993432	1
25	23.1072	10.0073	-0.833213	0.944589	1
25	29.3086	19.6628	0.326094	-0.54905	1
25	30.5078	23.0803	0.151677	-0.696438	1
25	36.674	9.82747	0.429473	-0.787341	1
25	22.4378	14.9839	0.281796	1.00079	1
25	34.4554	17.4778	-1.06063	-0.171671	1
25	33.4875	14.2465	0.725527	-0.32132	1
25	33.6282	18.8808	0.930256	1.22206	1
25	3.85118	20.9554	-1.64652	1.71754	1
25	34.8871	22.3357	-0.643093	1.23683	1
25	38.6243	18.5776	-1.15478	1.08373	1
25	6.8428	1.70002	-0.169849	0.110936	1
25	2.07643	12.312	0.845633	-1.0361	1
25	39.3287	11.5711	-0.968751	-2.33893	1
25	8.17358	14.8575	-0.619073	0.800217	1
25	15.5339	9.09697	3.0119	0.662708	1
25	8.253	18.1129	0.740276	0.740531	1
25	13.6155	7.47843	0.379129	0.496202	1
25	12.6509	6.83624	-0.662691	1.19214	1
25	13.114	13.3918	-1.90134	-0.962588	1
25	17.8571	1.53006	0.805911	1.30287	1
25	17.3763	16.2669	1.35325	-1.19543	1
25	21.9724	16.1844	1.06564	0.241843	1
25	23.0538	5.52103	1.11662	-1.26158	1
25	27.0091	11.2142	-0.408259	0.410089	1
25	22.9216	7.7531	0.316071	-0.102095	1
25	30.7021	6.97106	-0.81852	-0.175082	1
25	28.1391	4.58632	0.216298	-0.559295	1
25	25.0166	13.8814	0.74833	1.48078	1
25	29.6419	7.58511	0.330585	-0.984126	1
25	32.2912	25.4034	-0.94745	-0.232497	1
25	29.7204	15.7445	-0.610879	0.528699	1
25	26.5083	13.7342	-0.783414	-0.0893739	1
25	26.3438	12.0424	-1.12269	-0.400193	1
25	35.0387	23.5891	0.69949	-0.390921	1
25	35.2932	13.6993	-1.36347	0.667411	1
25	24.5064	2.86059	-1.27724	-1.17409	1
25	34.2472	16.0469	1.18738	0.183646	1
25	30.7365	14.3989	-1.37144	-0.336024	1
25	38.4708	3.21952	1.00155	-1.07289	1
25	27.6635	10.4074	-0.195504	0.702073	1
25	1.78284	14.6222	0.143787	0.338912	1
25	35.6934	28.9399	-1.78638	-0.648844	1
25	39.046	19.6136	-1.54656	0.640369	1
25	15.2329	37.501	-0.716278	-0.599278	1
25	1.19731	19.231	-0.466075	-1.39696	1
25	12.0836	15.371	0.269106	0.0520473	1
25	35.3443	16.5753	-0.284705	1.0175	1
25	7.63625	18.8917	0.255756	-1.34873	1
25	13.0134	8.42593	-0.947027	-0.76961	1
25	10.8027	11.595	0.497045	0.738453	1
25	15.2343	15.574	-0.329231	-0.4133	1
25	16.6529	17.0629	0.131881	-0.354176	1
25	7.90159	12.7029	-0.134854	-0.415409	1
25	7.58763	15.894	0.563728	0.321133	1
25	10.1523	19.497	-0.361162	-0.47677	1
25	9.21475	12.9661	-1.62994	0.391054	1
25	12.9433	14.4889	-0.481261	1.12775	1
25	11.6424	8.78016	0.088774	-1.02813	1
25	16.6453	18.5826	-1.7801	1.42187	1
25	20.3767	17.372	0.0676707	-0.823168	1
25	27.9099	5.81912	-1.42048	0.603756	1
25	21.1325	8.54869	1.15084	-0.303521	1
25	28.3327	12.7826	0.784432	-0.339994	1
25	28.4074	8.10514	-0.0180729	1.26597	1
25	37.6748	11.2876	-0.254152	1.37497	1
25	29.0904	9.28879	0.399754	0.404278	1
25	35.2679	27.2774	0.744574	1.55961	1
25	33.6735	9.35485	-0.111765	0.63713	1
25	38.9275	25.0968	-0.474512	0.349409	1
25	32.2215	23.0453	-1.45731	3.16461	1
25	39.6689	18.1116	0.884578	0.055579	1
25	16.9225	2.31461	-0.0596257	-1.37926	1
25	6.80121	16.4557	0.0881062	-0.259018	1
25	17.606	23.3488	-1.05112	-0.913491	1
25	31.3145	27.4637	0.267913	1.76299	1
25	1.37623	16.6854	-0.0126639	0.480846	1
25	0.457604	9.34283	0.971022	1.46166	1
25	4.655	26.897	0.216468	-1.4174	1
25	12.429	19.6942	0.572164	1.04962	1
25	6.98882	13.8036	0.660879	2.05117	1
25	10.7889	14.7041	0.339646	-0.396228	1
25	39.2757	21.9485	0.28297	1.50865	1
25	39.2606	13.4889	-0.216782	0.043115	1
25	25.747	9.66298	-0.347132	-1.26475	1
25	38.8556	17.4585	-0.462691	0.32777	1
25	13.7336	12.5128	0.692124	2.36551	1
25	14.7351	8.44371	0.579485	-0.821464	1
25	14.6068	17.0881	1.84676	-0.57832	1
25	22.8746	1.54193	-0.0598992	1.29426	1
25	4.09453	8.05344	0.718373	0.771405	1
25	9.20417	28.2749	-0.220355	0.14539	1
25	14.6971	9.77638	0.118439	0.160769	1
25	23.2393	24.3765	0.204937	0.18172	1
25	11.5288	21.8531	-0.418344	-0.727847	1
25	26.2786	18.7423	-3.31799	-0.949943	1
25	24.352	16.5717	0.335779	0.513461	1
25	37.1735	28.534	-0.513434	1.05702	1
25	32.5031	18.6988	1.19776	-0.32523	1
25	32.1655	20.6583	0.599331	-1.28923	1
25	31.1541	9.13235	0.985087	1.25439	1
25	24.9574	12.2067	1.3586	-0.310376	1
25	25.316	27.3587	1.07802	0.697966	1
25	31.123	17.915	2.83326	0.285761	1
25	36.6927	16.7642	0.696155	0.321921	1
25	30.5603	25.9345	-1.32085	0.322023	1
25	30.8201	24.5168	0.25404	-0.0521966	1
25	36.6545	20.3451	0.259232	0.932906	1
25	12.116	12.6343	1.02716	0.231048	1
25	4.25115	15.4169	-0.687497	-1.20067	1
25	3.25693	14.8754	1.77023	-0.83894	1
25	14.0719	13.628	0.372293	2.46834	1
25	2.05779	24.7209	-0.10267	0.235427	1
25	2.68254	20.6566	0.845295	0.425151	1
25	35.9126	22.676	1.14856	-0.409384	1
25	38.9825	20.9112	-0.340965	0.405324	1
25	5.94008	15.0577	1.74386	0.329285	1
25	2.41869	15.4907	-0.112903	0.419668	1
25	13.4752	17.1362	-0.671062	-0.326959	1
25	3.38856	17.121	0.923885	0.361995	1
25	15.4505	21.3149	-0.959119	1.57993	1
25	16.6929	20.5763	-1.05693	-0.591996	1
25	12.9263	21.4592	-0.0646989	-0.255871	1
25	16.7474	6.43189	-1.12316	-0.446653	1
25	17.6254	13.4041	-1.0543	-0.645115	1
25	22.3333	12.6066	-0.428391	1.15238	1
25	26.7166	15.0636	1.03123	-1.11926	1
25	24.7064	6.96377	0.518598	-1.75793	1
25	14.5482	20.4596	1.36492	-0.214741	1
25	20.9527	24.4125	0.871412	-0.994723	1
25	26.4474	27.0795	0.852938	-0.24081	1
25	22.1293	24.7634	-2.06361	0.651794	1
25	28.2021	20.2341	-0.936266	-0.104713	1
25	32.5768	39.9455	-0.424425	-0.78592	1
25	27.1692	28.0749	-0.764769	-0.358381	1
25	33.9626	21.8779	-1.09688	0.465985	1
25	0.228502	2.43033	-1.29899	0.399886	1
25	27.5871	15.7867	-0.928779	-0.72864	1
25	36.0244	15.0189	-0.194171	0.0530049	1
25	32.7333	19.8641	-2.09278	-0.936636	1
25	1.17673	23.9784	0.129858	-1.3175	1
25	8.85995	20.0019	-1.40439	0.238893	1
25	4.04609	18.1192	-1.69298	0.210107	1
25	11.3638	19.6107	0.442674	-1.69726	1
25	2.39127	16.5412	0.118135	-0.203358	1
25	3.35455	13.4861	0.633068	-0.025351	1
25	2.88543	30.4565	-1.27851	-0.456797	1
25	37.4498	17.8315	1.45462	-0.514354	1
25	3.41577	19.5496	0.725238	-0.818701	1
25	4.80346	13.0478	-0.592606	-0.132936	1
25	14.1835	18.1639	1.62774	-0.373145	1
25	7.66608	23.7712	0.695898	-0.0604978	1
25	12.1191	25.9385	0.664388	1.10321	1
25	14.1542	14.977	1.47581	-0.0208064	1
25	18.6313	10.3252	0.346604	-1.19028	1
25	14.2636	21.4825	0.174646	-0.757801	1
25	2.4338	19.1614	0.39986	0.378353	1
25	7.17751	29.8148	1.04639	0.0504047	1
25	35.3863	12.5258	-2.61205	-0.533708	1
25	15.5355	19.0865	1.23809	-1.75561	1
25	20.367	14.9276	0.418989	0.892584	1
25	32.1347	7.46336	-0.687261	0.232974	1
25	24.4017	9.8583	-1.86053	1.42667	1
25	17.8996	18.1829	1.67638	-0.436988	1
25	19.7864	28.9924	1.46576	-0.393904	1
25	33.3104	8.19525	1.2073	0.318407	1
25	24.7978	20.7108	0.199927	-1.9079	1
25	29.675	24.5632	0.945192	-1.49291	1
25	39.7136	35.2705	-0.61315	-0.314643	1
25	4.66774	19.3169	2.02358	-0.542983	1
25	32.1561	24.3607	-0.525132	1.86106	1
25	28.5437	21.4805	1.16973	2.21831	1
25	0.99425	21.2667	1.04704	-0.919277	1
25	39.8975	15.3944	1.60378	0.428759	1
25	28.6879	15.7612	-1.11822	2.36726	1
25	0.0482199	19.1713	1.49128	-0.185807	1
25	3.20745	11.7	-0.24863	1.45943	1
25	3.36699	24.7344	0.181422	0.520179	1
25	8.16723	30.0218	0.0223025	0.818839	1
25	3.36287	25.7393	-0.179728	-1.31179	1
25	14.6775	1.76802	1.0889	1.85007	1
25	13.5321	9.57028	0.982604	-0.265178	1
25	10.7334	9.35783	1.13186	-0.101655	1
25	6.20364	10.7068	-0.205796	0.35971	1
25	16.3062	13.0495	0.348329	0.437848	1
25	19.272	14.724	-0.200866	1.47961	1
25	21.5612	17.18	0.612253	1.31452	1
25	12.4356	16.4413	-0.0342779	1.81355	1
25	18.9465	16.0043	-0.67882	1.08343	1
25	4.4629	21.8562	-0.0869267	0.233786	1
25	21.8913	20.4427	0.275156	-0.227671	1
25	25.0457	18.7375	-1.0086	0.207173	1
25	25.7161	25.3831	-0.921509	-0.596982	1
25	28.3258	11.6971	0.491083	-0.300519	1
25	20.2997	19.551	0.847597	0.269965	1
25	21.559	28.3832	-1.22273	-0.910637	1
25	16.9927	14.2131	-0.262139	-0.716539	1
25	27.5899	22.1756	0.564997	-1.65045	1
25	36.4303	27.6632	-0.334221	1.64439	1
25	37.6222	14.9556	1.21303	1.7996	1
25	31.8809	21.9349	0.378788	-0.520478	1
25	34.0232	33.6674	-1.07714	-0.534397	1
25	29.5621	13.3189	0.730936	-0.482303	1
25	36.3456	19.058	0.662082	0.0513459	1
25	33.5459	26.4564	-0.377599	0.330539	1
25	39.8286	26.5805	1.09373	1.08681	1
25	32.2211	11.0191	-0.352989	1.1997	1
25	38.1302	22.7746	0.0650266	1.33421	1
25	5.89142	24.7561	0.366008	0.220378	1
25	34.6163	25.0241	-0.569065	-0.0880179	1
25	36.4774	26.6297	-1.57541	-2.02873	1
25	35.1057	18.3432	-1.2265	0.191864	1
25	9.65872	12.0203	1.12873	0.120428	1
25	2.10134	21.6168	0.390251	-0.163124	1
25	39.6044	22.9837	-1.04846	-0.06611	1
25	8.54881	9.15134	-1.62381	0.539444	1
25	7.93318	17.1306	0.863978	-0.398248	1
25	8.63718	16.1052	-1.99627	-0.840881	1
25	23.5448	21.0889	1.6061	-0.327469	1
25	20.9557	18.3832	-0.159233	1.68183	1
25	19.3634	12.1977	0.134383	-0.0751638	1
25	25.6116	5.71459	0.914594	-0.530682	1
25	19.0952	19.6514	0.252861	1.41578	1
25	18.422	22.4891	-1.24331	-1.77603	1
25	14.8616	26.4243	-0.996003	1.7729	1
25	26.7818	9.55062	-0.284747	-0.725886	1
25	30.7327	11.7017	0.572816	0.247891	1
25	34.6388	29.9867	0.607471	1.88758	1
25	30.8749	20.6702	0.254679	-0.779571	1
25	30.6853	33.4819	-0.556981	1.42743	1
25	24.5859	32.0377	2.19226	0.888483	1
25	26.6761	22.8136	0.244546	-0.261691	1
25	35.8224	24.4023	0.836796	0.754491	1
25	22.169	18.4	0.195684	1.4172	1
25	38.2711	21.6611	0.22988	1.07495	1
25	26.8739	26.1923	0.859834	-0.313409	1
25	33.4862	29.3116	0.512997	0.313212	1
25	37.9539	20.5307	-0.80182	-0.471572	1
25	5.45609	22.752	-0.421372	0.256774	1
25	0.0374393	24.3324	1.29442	-1.46716	1
25	1.66819	9.09593	1.5673	-0.400628	1
25	29.2071	10.5104	0.131989	0.131169	1
25	0.305644	20.219	2.43705	0.376879	1
25	33.1749	15.5636	0.486699	-0.859183	1
25	8.25568	20.97	0.664324	0.420986	1
25	6.38452	25.8292	0.416955	-0.598897	1
25	15.8223	7.65041	2.12323	1.39666	1
25	1.62381	20.5507	-0.759879	0.496519	1
25	37.278	22.2844	-0.250903	0.419222	1
25	2.37048	26.0123	1.10804	0.146216	1
25	1.09579	18.0057	-0.0867937	1.56411	1
25	17.88	20.7343	-0.312169	0.0950323	1
25	8.83907	23.5911	0.909652	-2.11605	1
25	28.6893	24.966	-0.366535	0.246055	1
25	15.4454	23.2196	-0.458418	0.840328	1
25	24.1745	15.2909	0.302933	0.846	1
25	21.3083	21.952	-0.485483	1.10763	1
25	20.1695	27.9518	-2.27476	0.407351	1
25	18.8835	21.405	0.79351	-2.11144	1
25	20.7963	29.1188	-1.15863	0.605544	1
25	22.3612	23.0733	-0.248487	0.337599	1
25	13.6315	26.5644	0.66415	0.786562	1
25	27.2783	19.4562	1.77559	1.31372	1
25	24.9803	24.506	-0.946883	1.44315	1
25	23.7982	22.2337	0.620656	1.53501	1
25	33.3623	3.6064	1.41002	0.38789	1
25	25.2834	15.2608	-0.751287	0.78075	1
25	35.5271	31.2142	-0.961924	0.285027	1
25	32.5158	29.2371	1.0971	-0.457582	1
25	33.1746	23.4447	0.445058	0.365832	1
25	1.14162	25.6453	1.36661	-1.05958	1
25	2.92169	34.0957	0.0652951	0.138252	1
25	10.9455	20.7158	1.17603	0.660485	1
25	5.39594	23.8142	0.337268	-1.91178	1
25	32.0298	30.8063	-0.952705	-0.0631756	1
25	36.4505	23.6031	2.77979	-2.46247	1
25	9.1931	18.9249	-1.5398	-1.63907	1
25	1.4484	28.5431	0.79221	1.03343	1
25	8.97862	22.0902	0.643238	0.333157	1
25	13.809	15.9927	0.354702	0.0103508	1
25	7.50903	20.103	-1.21107	-1.10751	1
25	13.6718	24.4191	-1.10928	-0.0226459	1
25	13.4486	22.427	-0.15774	0.629779	1
25	3.34739	21.8254	-0.67347	0.688775	1
25	11.5195	29.4109	-0.043154	0.433626	1
25	11.3043	17.3954	-0.109113	0.212027	1
25	31.6929	13.7358	-0.927584	0.0322751	1
25	28.2399	18.9559	-1.86753	-0.402543	1
25	18.06	19.2782	0.509443	0.686416	1
25	21.3273	27.3875	-1.15001	-1.31308	1
25	17.9432	26.6009	0.465009	0.476214	1
25	18.2377	15.2423	1.083	1.46887	1
25	28.9115	18.0371	-0.110745	0.803271	1
25	27.4678	17.8893	-0.821977	-0.838589	1
25	20.9588	20.9148	0.0525332	0.530405	1
25	27.2184	30.3065	0.242291	-0.466168	1
25	29.9864	35.2999	-0.137746	0.880433	1
25	17.1007	25.9437	1.82348	-0.579766	1
25	0.628932	31.8678	0.547114	0.888006	1
25	25.0058	22.3652	-0.515376	0.00813718	1
25	1.65832	32.3423	0.427333	0.462812	1
25	23.9158	23.554	-0.0720463	-0.1326	1
25	29.6125	22.3249	0.451131	-0.330328	1
25	37.2311	32.308	-0.555116	-1.5228	1
25	37.0853	24.5399	0.997853	-0.415225	1
25	34.5577	26.3074	0.257422	-0.764319	1
25	37.7037	25.4627	-0.0527394	-0.468334	1
25	4.03993	33.9962	0.956287	-0.533377	1
25	11.7072	18.493	-0.456602	1.20224	1
25	38.3466	35.2149	2.56959	-0.522639	1
25	7.42521	30.9675	-0.848791	-0.283254	1
25	13.3428	20.4081	-0.853005	-0.400359	1
25	4.31403	25.3515	1.05002	0.37083	1
25	23.3324	19.5811	-0.245468	-1.2027	1
25	5.85693	28.3928	-2.07018	1.61242	1
25	6.48907	19.2013	1.03093	0.633242	1
25	13.9581	19.3188	-0.0814899	0.0954027	1
25	11.0778	26.6827	-0.0435455	-0.0713587	1
25	19.962	16.3748	-0.129955	0.316969	1
25	9.51644	20.8469	-1.42343	0.503667	1
25	23.5817	11.3027	0.645113	-0.856804	1
25	7.79846	27.4915	-0.601585	-1.33997	1
25	10.4685	34.4283	-1.47874	0.133465	1
25	22.6291	17.1846	-1.90095	0.320798	1
25	23.2216	18.3031	-0.266338	0.108651	1
25	27.0955	23.8431	-0.440789	-0.947923	1
25	22.6255	21.9922	-0.814976	-1.17494	1
25	23.8263	26.218	-0.231904	-1.69111	1
25	18.5667	25.5159	-1.2855	1.44804	1
25	24.3878	19.8145	-0.484116	-0.931441	1
25	24.7167	28.3774	1.4076	0.777048	1
25	24.4135	33.0338	0.145235	-0.473038	1
25	38.2523	31.912	-0.414916	0.170848	1
25	2.67959	38.1498	0.500501	2.04551	1
25	36.6832	29.6349	0.862293	1.09967	1
25	2.86254	18.1362	1.03553	0.518212	1
25	0.187049	34.3225	-0.941864	-0.158803	1
25	37.2562	31.2089	1.26594	0.0709953	1
25	27.6275	33.2905	-1.65239	0.855827	1
25	9.2846	17.8108	1.86182	1.56643	1
25	5.67863	19.7882	0.242466	-0.654953	1
25	37.8466	29.7233	-0.0360468	-0.152323	1
25	0.869882	35.8666	0.527431	0.865271	1
25	9.73467	33.618	0.00822336	0.266079	1
25	9.88963	24.557	0.0146876	-1.28761	1
25	4.04245	31.0778	0.53551	-1.67253	1
25	9.13186	25.7054	0.535542	0.212856	1
25	10.7799	12.7209	-0.926846	-2.3458	1
25	16.9723	19.646	0.295101	-0.288081	1
25	21.1236	23.1637	1.4617	-0.750846	1
25	11.197	24.9062	0.707239	-0.202132	1
25	14.8457	29.908	-0.787483	2.24664	1
25	25.2795	23.4683	0.231378	-0.590508	1
25	18.994	24.5407	-1.12597	-0.718046	1
25	8.04985	22.836	0.722	0.313341	1
25	25.7744	12.9445	-1.53342	-0.0528034	1
25	22.4501	27.7192	-0.56265	1.00113	1
25	26.354	17.6503	2.38812	-0.985521	1
25	19.7473	25.1683	0.1642	-1.12122	1
25	25.5189	29.2179	-0.203835	0.228754	1
25	30.3603	38.2343	-1.54155	-0.197446	1
25	39.1327	30.0232	1.88473	0.45551	1
25	36.384	31.8018	-1.64649	0.729868	1
25	29.4008	23.3146	-1.49907	-0.466244	1
25	2.73649	35.4219	0.7508	-0.886766	1
25	28.188	25.8546	-1.40907	0.353313	1
25	35.4422	25.8214	-0.372957	0.546776	1
25	34.4323	37.091	0.931042	0.906739	1
25	36.6023	25.6303	-1.36295	0.88996	1
25	0.999252	33.6284	0.0683208	1.31634	1
25	31.4389	19.4594	0.416686	-0.19712	1
25	3.2191	32.0651	1.79613	-0.340485	1
25	25.8901	28.2929	-0.117554	0.309337	1
25	0.17094	28.012	-0.563835	0.943908	1
25	7.76247	2.21859	1.13445	0.402025	1
25	39.0248	36.059	0.419134	-1.2955	1
25	3.43697	22.8827	-1.39651	-0.4177	1
25	10.3125	39.497	0.682459	0.976871	1
25	7.83129	0.047361	-0.0480932	0.21459	1
25	38.799	26.5381	0.105756	0.266826	1
25	6.4137	3.54847	-1.02059	1.45345	1
25	14.4214	22.8095	-0.0844872	-1.00135	1
25	7.5527	26.3503	0.594938	-1.61129	1
25	8.14527	28.9235	-0.349431	-0.334912	1
25	9.40671	32.6938	1.21215	-0.50766	1
25	21.9781	25.8767	-0.498349	1.13682	1
25	16.6827	32.2187	-1.29498	-1.74492	1
25	12.2527	24.6865	-1.1602	-0.392307	1
25	26.0417	21.9664	-0.362177	-1.28877	1
25	12.2501	28.7632	1.06299	2.26515	1
25	13.6942	27.8952	-0.520321	0.449029	1
25	25.0737	26.2404	-0.134645	-0.180807	1
25	13.9174	28.9313	-1.81353	0.439332	1
25	33.7565	28.2583	1.38557	0.248401	1
25	23.4919	30.091	0.845159	-0.311156	1
25	33.2808	30.8762	2.00563	-0.163041	1
25	25.4951	37.3779	-0.898754	0.317793	1
25	25.6629	32.3088	-0.417693	0.0476918	1
25	19.0574	26.4437	-0.747337	0.657617	1
25	32.8634	32.986	-0.355827	0.360147	1
25	27.748	26.7901	-1.89177	-0.624068	1
25	29.4626	32.9525	0.580864	0.447892	1
25	39.6433	32.2719	-0.813265	0.702519	1
25	6.44985	23.7819	-0.960003	-1.16666	1
25	2.03928	29.7769	-0.137685	-0.0468895	1
25	2.74904	27.5988	0.154045	-1.50063	1
25	32.9914	33.9528	-0.356925	-1.28947	1
25	3.60288	26.8318	-0.284154	-1.28075	1
25	37.7752	26.524	1.04099	-0.942373	1
25	2.60384	23.763	1.34996	-0.650745	1
25	7.71961	37.4177	-0.271484	-1.09928	1
25	4.80485	28.4407	-0.42579	-1.01382	1
25	26.3616	20.8287	1.02936	1.00654	1
25	10.8196	15.7758	1.2507	2.50859	1
25	9.84155	26.5944	-1.06966	-0.627439	1
25	13.1219	25.3807	0.526906	0.0315329	1
25	15.7055	16.5595	-0.707589	1.25405	1
25	18.1145	39.2331	0.515466	-0.240473	1
25	10.1149	21.8796	-0.893406	0.507255	1
25	12.0885	31.704	-1.74935	-0.488019	1
25	19.4277	33.516	1.62788	0.918683	1
25	15.6837	25.3468	-0.810849	-0.109043	1
25	19.8242	20.63	0.0125094	-1	1
25	17.22	22.3348	2.33117	-1.29315	1
25	17.9188	24.5128	1.09815	0.39904	1
25	23.6975	31.3436	-1.81169	0.00848238	1
25	15.3574	31.1793	-0.0931279	-0.691664	1
25	18.355	16.9481	2.07048	-0.00687353	1
25	36.922	34.5943	1.92777	-0.874805	1
25	28.3067	17.0457	2.05137	0.978855	1
25	35.0086	33.275	0.393071	0.064396	1
25	30.303	26.9787	-0.0554868	0.688535	1
25	29.2032	27.3228	1.9324	-0.88409	1
25	16.9425	27.6124	-1.07448	-0.893587	1
25	33.5641	34.899	-0.407709	-1.08244	1
25	37.9264	27.757	-1.97727	-0.321334	1
25	6.93359	28.1613	-0.424476	0.610669	1
25	7.03883	34.6293	0.167125	2.07418	1
25	33.3842	25.1448	-0.780298	0.217831	1
25	4.31818	32.907	1.00471	0.90139	1
25	4.07173	29.274	-0.43556	1.10694	1
25	3.53003	38.8164	0.493654	-0.0416222	1
25	8.94781	37.1484	0.511774	1.35467	1
25	30.2143	2.92655	1.84437	-0.51248	1
25	4.79759	36.9072	-0.253891	0.294778	1
25	38.8618	23.6658	1.00406	0.0557479	1
25	8.77874	26.9511	-0.376447	-0.385857	1
25	1.57966	26.6499	-1.98356	2.44892	1
25	19.9168	34.8249	0.907757	-0.474947	1
25	16.2193	26.5947	-1.7351	-0.552489	1
25	9.10065	29.365	-1.141	-0.786231	1
25	19.7244	23.2517	1.06457	1.29043	1
25	19.0779	27.4829	1.51137	0.224375	1
25	21.5861	34.1547	-0.233067	0.868069	1
25	22.4981	32.1553	-0.946849	-0.589162	1
25	11.9827	23.3543	0.894324	1.13328	1
25	16.4703	23.5918	-1.89844	-0.725592	1
25	28.5253	29.7031	-0.0571801	0.929027	1
25	22.2754	30.077	0.558886	-0.157711	1
25	26.7996	32.7262	0.300517	1.1702	1
25	28.7653	30.8476	-0.707518	1.62287	1
25	30.9215	29.2086	-1.9527	-0.504129	1
25	24.4803	29.6129	-0.609883	0.249392	1
25	30.7089	32.2429	-0.516372	-0.274246	1
25	3.87265	37.7061	-0.153308	-0.178366	1
25	31.592	35.9802	-0.991103	0.972934	1
25	39.1017	31.2401	0.509735	0.332762	1
25	4.15394	35.0547	0.196544	0.482871	1
25	38.0608	33.8224	0.0712278	-0.137351	1
25	38.0473	24.3292	0.289161	0.803697	1
25	5.13094	34.3818	-0.315976	1.7362	1
25	11.063	38.7256	-0.304647	-0.327556	1
25	31.1292	30.3443	0.153144	0.23468	1
25	1.34585	30.8792	-0.93358	-0.24228	1
25	2.97478	28.9715	-0.996943	0.999774	1
25	8.65398	31.5635	1.02908	2.01853	1
25	12.3155	17.5437	1.32369	-1.1689	1
25	11.9615	20.8661	-0.083202	1.53909	1
25	3.28387	5.43217	-0.495211	-0.367467	1
25	10.6703	18.6509	0.725654	1.815	1
25	8.6028	13.829	-0.502828	-0.752299	1
25	16.5276	15.3517	0.113417	0.000815168	1
25	15.1687	14.4989	0.169657	-0.541519	1
25	23.6195	28.3038	-1.0318	0.262669	1
25	4.59767	30.1877	-0.791	-0.700672	1
25	2.25376	33.2731	0.373765	1.51582	1
25	13.001	33.8022	-0.4747	1.3768	1
25	20.0887	7.38163	0.499434	-0.797897	1
25	8.57934	34.5718	-1.57098	-0.268599	1
25	16.946	29.0414	-0.0201192	0.0998552	1
25	24.6641	34.2587	0.836931	-1.10754	1
25	38.8974	33.1268	-1.18405	-0.505416	1
25	25.8789	16.1894	-0.0279369	-0.984352	1
25	31.558	31.7021	0.0342606	1.00545	1
25	28.1746	23.5165	0.630367	-0.86003	1
25	29.0107	34.7639	0.316718	-0.17435	1
25	34.0562	27.2953	1.69017	0.863065	1
25	30.3442	31.1269	0.348891	-1.25733	1
25	31.7168	33.3945	0.525593	-0.854524	1
25	35.954	35.2454	1.40816	-0.299222	1
25	2.23485	31.4149	-0.973791	-1.52079	1
25	34.3664	32.4802	0.578502	1.42138	1
25	39.8676	33.2923	-0.739569	0.202502	1
25	6.17454	33.7767	-1.46416	-1.03714	1
25	10.9663	31.6869	-0.245302	-3.02356	1
25	9.12537	39.0071	-0.0370527	-0.103439	1
25	0.526094	22.5795	0.246719	-0.9327	1
25	16.3112	34.9711	1.57301	0.768641	1
25	8.65157	36.0787	-0.428013	1.18242	1
25	15.1587	32.3449	0.646379	0.432824	1
25	0.304907	29.4047	-1.77242	1.79436	1
25	8.36779	24.8561	1.03857	0.220414	1
25	7.13431	36.0302	-1.00014	-0.00658504	1
25	13.5429	35.0185	0.588961	-1.01628	1
25	4.26815	4.72127	-0.48357	0.198345	1
25	15.8561	2.76617	-0.861079	0.336028	1
25	20.2531	26.6138	-0.179631	-1.48975	1
25	18.4033	32.2534	0.85386	0.361856	1
25	22.5316	10.9886	0.395741	0.877788	1
25	29.4439	31.9517	0.336934	1.47759	1
25	20.6141	33.9172	1.02555	-0.814198	1
25	10.0562	23.307	-0.656013	0.506162	1
25	35.0609	35.9274	0.513154	-1.50697	1
25	27.8767	31.5286	0.668709	-0.250982	1
25	25.6931	31.0698	1.78283	-1.19356	1
25	16.8582	24.8941	0.37596	-1.69539	1
25	4.16751	2.19205	-0.970031	0.322608	1
25	15.5836	27.51	0.473187	0.207877	1
25	37.6686	37.5798	0.568345	-0.264443	1
25	29.212	38.4597	-0.425402	0.295795	1
25	29.5498	25.777	-1.16233	0.107596	1
25	32.8086	31.8669	-0.723873	0.818915	1
25	35.7213	30.1388	1.32953	0.7408	1
25	34.8285	21.1034	-0.319818	0.0739883	1
25	30.5845	36.1285	1.41193	1.98335	1
25	38.9287	27.7773	-0.0752911	-0.724266	1
25	32.3424	3.84188	0.0440742	0.344011	1
25	35.7682	34.1644	-1.45726	0.787043	1
25	6.26159	30.6381	-1.38633	-0.189712	1
25	7.76334	38.8989	2.33243	-0.0217143	1
25	0.0794922	30.4773	0.63681	-0.448829	1
25	8.56212	33.3389	0.162854	-0.105047	1
25	14.2814	30.8772	-0.317938	-1.06102	1
25	13.4832	0.281972	-0.409673	-0.407122	1
25	7.87742	32.2733	1.53941	-1.41748	1
25	11.9641	37.5341	1.43398	-0.539113	1
25	3.81798	28.0683	-0.0685893	-1.40968	1
25	17.7146	33.1232	0.863908	0.813075	1
25	15.0037	28.8212	-0.0616988	-0.0459775	1
25	10.2755	28.6091	-2.45077	-0.727484	1
25	5.50125	29.4481	-0.980937	-2.56092	1
25	15.924	29.7117	1.48798	0.648461	1
25	17.4509	31.3518	0.299737	1.31789	1
25	23.4341	32.5553	-0.786292	0.737804	1
25	22.4435	29.0231	-0.901881	-0.928847	1
25	21.5178	35.3459	-0.0337063	0.00945555	1
25	27.198	25.1115	-0.413957	-0.296442	1
25	19.2569	39.4172	0.65748	0.0495759	1
25	26.6184	31.6633	0.480927	-1.22034	1
25	31.6123	26.1316	0.594203	-0.443832	1
25	31.7035	28.3996	1.69991	0.000860627	1
25	27.8899	36.2516	0.620991	-1.36009	1
25	35.3645	38.0659	0.133175	0.0878457	1
25	4.52834	0.151098	-0.374573	0.0632417	1
25	39.1993	39.8252	-0.230563	-1.25859	1
25	6.82048	32.2215	0.496894	-2.08968	1
25	3.08833	1.51099	-0.0924939	-0.0588337	1
25	26.4688	39.8058	0.287979	-0.0254621	1
25	34.2852	31.3922	0.583981	0.613094	1
25	5.6807	39.7895	0.404849	-1.6535	1
25	29.7365	36.8874	1.6633	0.200586	1
25	35.7071	36.8651	-0.870435	-0.444522	1
25	6.71009	0.458249	-0.372499	0.60005	1
25	8.45958	38.2056	-0.0672118	0.296332	1
25	10.9678	35.7411	1.6775	-0.288739	1
25	10.1397	6.48086	-1.08765	1.90307	1
25	11.7067	5.06238	-2.21608	-1.03601	1
25	6.64845	27.1091	-2.20472	-0.749789	1
25	15.1302	24.397	0.427045	-0.232986	1
25	7.18935	24.6937	0.655718	1.21222	1
25	12.655	32.771	-0.204854	0.493344	1
25	18.6085	34.43	1.80273	1.10286	1
25	19.6686	6.3527	1.68369	-0.0857928	1
25	16.112	22.1944	0.449372	0.523661	1
25	26.799	34.8015	-0.244002	-0.516364	1
25	22.2623	33.1895	-0.0418702	-0.068173	1
25	22.7532	39.246	-1.10398	1.04611	1
25	24.4635	36.9286	0.0684849	-1.18582	1
25	18.9071	38.2458	0.169676	-0.0347349	1
25	28.1448	28.0249	1.27652	-1.2085	1
25	32.4932	38.7245	-1.36615	1.3245	1
25	28.7043	33.6245	0.780177	-0.446082	1
25	17.8693	2.71931	0.810806	-1.60786	1
25	33.5368	38.8074	0.377822	-1.71541	1
25	34.1835	19.7879	-1.53674	0.103137	1
25	27.7761	35.1569	0.0879248	1.29262	1
25	31.4562	39.489	-0.261012	-0.11763	1
25	33.8334	0.0237576	-0.136459	0.533289	1
25	34.9345	34.7457	1.10664	0.179119	1
25	7.11914	7.03404	-0.322571	0.0860035	1
25	7.53917	3.58972	1.84864	0.590395	1
25	2.91702	36.8136	-0.871329	-0.21448	1
25	36.8639	1.40593	0.39916	0.0589704	1
25	1.46593	0.134478	-0.580769	-0.55645	1
25	39.2446	34.1055	1.90126	-1.50182	1
25	7.41673	8.44733	0.202265	0.107529	1
25	9.77381	35.1344	0.268744	0.66312	1
25	7.428	33.3022	2.56121	0.363931	1
25	18.2339	30.1288	0.0723933	-0.222571	1
25	14.0168	36.746	-0.680449	0.329132	1
25	20.4734	11.7132	1.87345	1.68105	1
25	14.2444	25.4445	-0.912238	-0.575796	1
25	16.0844	28.4455	-1.041	-0.121228	1
25	10.0935	2.19302	0.142064	-0.934808	1
25	38.8754	28.8842	-1.37334	-0.90648	1
25	15.5655	6.49643	-0.586145	0.48399	1
25	5.26717	5.48592	-0.632194	0.736534	1
25	24.4987	30.6431	0.735854	0.930223	1
25	20.9316	2.60288	1.12537	1.71001	1
25	19.8263	3.02102	0.903337	0.201592	1
25	26.2165	24.4803	0.340378	0.152364	1
25	13.2135	31.037	0.782641	-0.941334	1
25	38.0917	36.5114	-0.191916	-0.309097	1
25	22.8195	26.7307	0.0516966	1.63315	1
25	23.5239	33.6982	-1.54332	0.975876	1
25	29.2907	3.89831	-0.0689283	2.04872	1
25	1.71867	37.469	2.63107	-1.16812	1
25	31.4445	38.1566	0.255186	-0.064417	1
25	26.751	29.143	0.962841	-0.174858	1
25	34.6199	3.33021	-0.216707	0.844171	1
25	33.0932	37.4351	-0.49265	1.20474	1
25	29.9788	39.5482	-1.02696	0.957862	1
25	3.76603	35.959	-0.368387	0.874077	1
25	34.6029	28.8718	-0.310918	0.05202	1
25	6.16715	7.63958	0.511234	-0.0319714	1
25	26.1413	2.0784	-0.513436	-1.51553	1
25	5.20819	35.4675	-0.857925	1.24462	1
25	36.8061	11.9571	0.67754	1.37248	1
25	37.6933	10.1704	0.322991	-0.0447658	1
25	8.28737	6.91895	0.196216	0.376715	1
25	11.5824	1.46238	0.560218	-1.86002	1
25	6.95623	11.9491	-0.52475	-1.08196	1
25	39.1185	2.2622	0.329195	0.633077	1
25	11.4379	32.6898	-0.800755	-0.535017	1
25	20.0512	37.3696	-0.370089	1.23027	1
25	6.11368	8.73323	0.820156	-0.487763	1
25	6.06631	38.7592	0.957897	0.755868	1
25	17.8053	37.8213	1.36996	0.867997	1
25	6.37267	5.1958	0.554002	-0.286462	1
25	15.2803	34.0184	0.0828087	-0.849331	1
25	16.7589	30.5721	-0.424265	-0.458925	1
25	26.6378	35.8582	0.0710488	0.163998	1
25	0.525688	1.34244	1.03774	0.215589	1
25	12.0946	26.989	-0.46801	-0.668246	1
25	38.3177	1.73557	-0.714985	1.20962	1
25	21.1437	32.8018	-1.17208	-0.0162045	1
25	28.9889	1.70076	-0.728057	0.806639	1
25	30.7837	37.2148	0.23852	1.15634	1
25	27.1314	38.9255	-0.074428	0.0932024	1
25	31.6765	1.00114	0.558456	0.19895	1
25	33.6295	12.4176	0.0511113	1.43924	1
25	33.465	36.3118	0.658801	-0.956519	1
25	37.269	39.9242	-0.665331	-1.54746	1
25	39.357	1.18537	0.917127	1.00995	1
25	18.0653	28.973	-0.572153	-0.639954	1
25	35.8694	8.72593	0.879154	-1.51059	1
25	0.248016	0.245521	-2.45148	0.817759	1
25	6.5404	37.0016	-0.168352	0.458984	1
25	1.97831	5.99238	-1.24406	1.39102	1
25	9.65022	36.3638	0.224389	-1.46663	1
25	7.81298	1.16628	0.551669	-0.464038	1
25	11.0666	30.4265	-0.110515	0.617717	1
25	5.42684	32.8009	1.34802	-0.679857	1
25	8.12216	10.2653	-2.18852	-0.0823753	1
25	36.2263	33.0354	-1.00338	-0.906839	1
25	20.779	31.7689	-1.06336	-0.819922	1
25	12.3574	39.869	-0.412276	-0.0714596	1
25	5.07559	6.59543	0.107119	-0.00874248	1
25	3.32735	4.01546	0.819631	1.74305	1
25	13.6073	39.0344	-1.15426	0.250359	1
25	19.8221	30.9906	0.299373	-1.22508	1
25	19.0197	35.4288	-1.91555	-1.21483	1
25	10.3836	25.6137	-0.31847	-0.465785	1
25	18.9293	1.16847	-0.92103	0.420177	1
25	21.5559	39.8876	0.122062	0.883899	1
25	0.803834	39.3142	-1.32761	0.597943	1
25	20.0066	1.71094	-0.247301	1.81318	1
25	25.767	34.6231	0.568721	-0.892789	1
25	20.2424	22.0536	-0.424724	-1.59878	1
25	28.6682	39.4215	-1.1635	-0.994615	1
25	28.4206	32.4787	-0.183957	1.6126	1
25	30.5909	28.2017	-0.420372	-1.06329	1
25	37.2887	2.6712	0.586208	0.717747	1
25	34.6228	1.29349	1.15129	-0.493365	1
25	34.9239	0.120161	-0.224401	-1.06159	1
25	38.4597	0.585503	0.685277	0.623645	1
25	18.66	31.2195	-0.57548	0.155334	1
25	32.6379	5.08397	0.0793975	-0.312827	1
25	31.8077	2.13805	-0.121219	0.439046	1
25	4.93299	3.01359	1.59063	0.471998	1
25	4.75876	38.863	1.88462	0.141373	1
25	7.04322	38.1716	-0.0745371	1.47048	1
25	38.6969	4.39272	0.608043	0.880796	1
