19	1.60474	35.2604	0.86932	0.0591334	1
19	10.9261	39.0329	0.215635	-0.946529	1
19	39.2882	30.6105	2.22176	-0.663574	1
19	19.5383	33.7368	-1.13602	-0.426315	1
19	10.1794	36.9343	0.811552	-0.770656	1
19	5.11888	4.06696	-0.385232	0.610463	1
19	5.413	0.194502	-0.0520569	-0.414434	1
19	1.82156	6.8971	0.908357	0.162717	1
19	16.0936	1.11749	0.831292	-0.161063	1
19	14.6967	7.77532	-0.865864	0.645969	1
19	20.2679	29.8078	0.540873	0.265076	1
19	14.0829	3.32569	-0.155797	-0.237693	1
19	10.2723	1.64942	-0.335214	0.424368	1
19	14.0721	34.2057	-0.155371	0.158047	1
19	29.1196	4.92103	1.56378	-0.734729	1
19	16.496	3.31043	-1.1724	1.13276	1
19	20.3719	0.977305	-1.08287	-0.302476	1
19	29.1684	38.8463	0.510884	-0.842486	1
19	32.774	0.555705	-1.25157	1.15008	1
19	21.9127	1.57013	-0.441512	-0.930473	1
19	22.3845	32.678	1.05069	0.913325	1
19	19.9299	6.47905	-0.611204	0.929309	1
19	34.4671	3.74602	-0.380562	-0.339747	1
19	33.139	2.35037	-0.618202	0.500466	1
19	29.0724	1.04723	-0.922819	-0.451059	1
19	36.9055	7.41524	-0.451419	-0.818025	1
19	37.5029	5.60111	1.11007	-0.669802	1
19	0.882281	39.404	-1.36011	0.467306	1
19	26.5213	3.5021	0.278014	-1.48703	1
19	33.0968	17.0867	-1.21368	0.510973	1
19	1.15343	3.46001	1.42383	0.40491	1
19	7.70459	4.93585	-0.461482	1.801	1
19	4.34462	0.06996	0.16368	0.234172	1
19	37.8847	10.6136	0.672092	1.03158	1
19	36.8619	37.9819	0.685375	0.0290972	1
19	0.704736	1.86509	1.24392	-1.71001	1
19	37.9482	7.4112	1.12966	0.336532	1
19	1.46884	0.563762	0.11378	0.684739	1
19	14.5185	5.4372	1.78706	0.656151	1
19	7.22181	7.91912	1.32059	0.0460143	1
19	12.9215	29.8291	-0.137027	-0.0645104	1
19	5.2682	11.012	0.460829	0.934281	1
19	8.4489	1.20787	0.0900498	0.12332	1
19	11.6384	37.3184	0.776242	-0.0443705	1
19	14.1414	39.9387	-1.1284	-0.141004	1
19	11.6931	34.158	0.77542	-0.573809	1
19	31.6681	32.5899	2.32885	0.717463	1
19	11.9257	4.04683	-0.410528	-1.64886	1
19	13.7055	30.5552	-0.0385523	0.0644279	1
19	25.9368	38.297	0.212404	-1.69224	1
19	15.9655	5.00109	0.401784	0.258503	1
19	18.4012	28.7887	-0.13996	-1.11378	1
19	21.1903	3.44504	0.111723	1.36748	1
19	25.1411	35.0819	1.52173	-0.589963	1
19	30.0707	8.4282	1.47565	1.97409	1
19	35.4189	5.06775	0.246129	-0.204789	1
19	28.289	1.87498	0.116048	-1.98934	1
19	28.7915	13.9122	0.511901	-1.4732	1
19	29.4045	39.9462	-0.691589	0.994465	1
19	32.1992	1.79258	-0.172099	-0.69084	1
19	0.688165	36.1567	0.819034	-1.11754	1
19	29.2281	2.46621	0.868344	0.713193	1
19	24.1286	37.7305	0.0505463	-1.43694	1
19	39.4961	9.54623	-0.626991	-1.08294	1
19	37.1613	35.7977	-1.23051	0.0585764	1
19	38.9208	8.45065	-1.70849	0.616435	1
19	39.5545	5.65717	0.991279	0.323189	1
19	9.10977	7.90166	0.928377	1.01082	1
19	5.6213	5.22572	-1.11359	1.23931	1
19	1.26673	12.0059	0.542749	0.967814	1
19	38.7652	3.16091	0.453759	1.60229	1
19	18.533	12.1362	0.671213	-0.654102	1
19	39.6401	15.7598	-1.07625	1.12209	1
19	0.265444	7.30435	-0.187594	0.952245	1
19	16.105	10.9441	-0.235813	0.156932	1
19	14.0993	38.0042	0.248756	-0.223866	1
19	16.9509	5.98438	-0.981396	-0.593613	1
19	18.0187	35.7864	0.852909	-0.16044	1
19	10.0485	0.419457	-2.3291	0.493402	1
19	15.1679	11.5799	0.0671979	-0.347565	1
19	21.6452	38.405	0.0490626	-0.312818	1
19	26.1846	34.3307	0.344412	-1.02199	1
19	27.569	36.0429	-0.0655644	1.22538	1
19	22.6825	39.8946	-0.981964	-0.0243707	1
19	9.09327	39.6837	0.237062	-1.15433	1
19	27.037	38.3089	0.483994	-0.723739	1
19	19.9141	11.1922	-0.663034	0.521264	1
19	21.7446	5.02964	-1.53306	1.14559	1
19	31.7988	4.93094	0.135259	0.963831	1
19	25.1613	1.6386	-0.96406	-0.645814	1
19	38.9753	14.4834	0.340677	-1.3375	1
19	22.96	5.62762	-2.45047	0.107891	1
19	39.0605	37.2879	1.74985	-1.3989	1
19	39.384	6.83779	-0.386457	-0.303709	1
19	36.6217	6.44445	-0.111445	0.224047	1
19	30.9972	10.0218	0.950763	0.605833	1
19	29.7492	37.3536	-0.747353	0.750415	1
19	38.1587	36.7146	0.0723698	2.10332	1
19	15.9213	7.66879	-0.149561	-1.35789	1
19	36.3041	17.1482	0.422669	0.0675632	1
19	37.411	20.7228	0.900864	-0.594557	1
19	8.98296	2.29142	1.29211	-1.54118	1
19	4.16654	7.52964	0.090895	-0.0175678	1
19	7.07088	3.30095	0.677591	-0.383563	1
19	2.50678	0.581908	1.03311	0.751242	1
19	8.92635	3.2816	0.30663	0.870985	1
19	14.1555	14.5223	-0.851123	-0.969881	1
19	5.12623	39.1899	1.60646	-1.00885	1
19	8.73735	4.41668	0.552571	0.743994	1
19	20.7029	10.3446	0.635009	0.389025	1
19	8.22214	7.32449	-0.0102359	0.838699	1
19	16.95	4.24845	-0.602666	0.330176	1
19	12.4853	35.274	0.701035	-1.04388	1
19	26.4021	0.321613	-0.221796	1.12806	1
19	25.3225	4.50722	0.396731	0.25471	1
19	15.7484	39.5371	1.70906	-1.63991	1
19	21.5594	31.7172	0.00698807	0.242673	1
19	23.1603	2.91818	-0.705549	-0.43634	1
19	25.8236	2.58263	0.680552	-0.512509	1
19	35.6061	1.88461	0.800283	0.80399	1
19	22.267	3.74166	0.284072	0.0183025	1
19	27.3945	4.32684	-0.411586	-1.30665	1
19	31.0536	8.88587	0.787857	-0.983558	1
19	28.0432	38.987	1.04736	0.270632	1
19	31.1442	1.95886	-1.53894	0.395691	1
19	37.4759	1.11791	0.246481	0.762347	1
19	5.91378	34.8333	1.16843	1.9035	1
19	35.8036	10.5723	-0.631181	0.527905	1
19	0.650153	10.8646	-1.55638	0.635161	1
19	35.7235	9.52618	0.476011	0.592809	1
19	30.6798	4.24134	0.326771	0.948971	1
19	3.62028	36.1093	-0.0756444	-0.486269	1
19	34.6804	14.4866	-0.19488	0.0324121	1
19	0.558351	13.3862	-0.140045	0.844102	1
19	4.74224	8.60983	0.0302959	0.645285	1
19	1.29356	7.82021	2.10909	1.13303	1
19	6.14901	8.0894	-0.61592	0.577465	1
19	37.9287	15.7148	0.610064	-0.278421	1
19	5.21218	2.13376	0.926802	-0.466836	1
19	7.8363	2.69067	2.05117	-1.4111	1
19	3.23427	32.2184	-0.203119	-0.544115	1
19	17.2208	39.1465	0.468798	-1.04486	1
19	20.1388	5.0259	-1.27138	-0.71846	1
19	12.5051	36.4954	-0.212487	0.00412105	1
19	11.1748	32.0547	-0.985782	-0.403343	1
19	8.97883	6.60323	0.286151	-0.0227487	1
19	17.4767	37.9244	-0.476915	0.592017	1
19	15.1504	3.67211	-0.153304	-0.609414	1
19	23.5202	6.69399	1.29021	0.0634444	1
19	22.0486	37.1084	-1.61765	0.0414611	1
19	24.5418	2.60888	-0.5846	0.259502	1
19	25.5366	6.67242	-1.09529	-0.242371	1
19	28.9211	8.4672	0.0847677	-0.117391	1
19	17.6964	10.9195	0.40549	-0.150647	1
19	19.7649	10.0656	-0.387572	-1.87109	1
19	14.1429	2.23738	-1.59579	-2.39081	1
19	17.8	8.09087	0.700892	-0.766152	1
19	36.5919	2.19665	0.813038	-0.464502	1
19	23.2287	37.2563	-0.466345	-1.61052	1
19	32.4475	3.93839	0.341819	1.07627	1
19	39.5873	1.36195	-0.308496	0.489761	1
19	24.1137	1.19401	-0.673688	-0.43081	1
19	12.4642	32.1338	1.38245	-0.846657	1
19	32.4786	11.6219	-1.99289	-0.917357	1
19	0.581546	5.28887	-1.17991	-0.442809	1
19	29.8097	16.1598	0.271682	2.08582	1
19	36.3505	5.4849	-0.547364	-0.997812	1
19	0.828533	6.27247	0.576495	-0.37663	1
19	36.804	9.79992	-0.376673	-0.0374956	1
19	1.81332	1.66829	-0.476472	0.636678	1
19	38.8319	2.06554	0.967933	-0.505628	1
19	3.07465	6.51865	1.04887	0.87934	1
19	4.91578	12.1853	-1.67351	0.45815	1
19	10.7799	4.67402	-1.43697	-0.17617	1
19	16.6337	33.648	0.425006	0.741947	1
19	12.2175	7.64039	-1.48521	1.11354	1
19	15.594	35.2468	0.15684	-0.191074	1
19	15.2618	34.0765	0.581063	0.0258917	1
19	16.1382	12.1359	0.942771	-0.653785	1
19	14.8889	1.39011	1.51939	-0.725651	1
19	15.1996	10.0831	-0.090915	1.36747	1
19	22.8	38.2308	0.160698	-0.213382	1
19	21.204	13.0138	0.890908	2.11883	1
19	21.1565	7.94492	0.405358	-0.322082	1
19	28.8106	23.0704	0.815615	2.55253	1
19	27.3854	19.8325	-0.886094	0.948214	1
19	22.2102	2.52032	0.402496	-1.08322	1
19	24.4196	11.3429	-1.86662	0.96361	1
19	30.7512	18.2002	0.415441	-0.451105	1
19	32.8524	5.08688	1.00542	0.473992	1
19	27.1179	39.5228	1.05013	-0.204195	1
19	27.5407	6.22186	-0.247614	-1.07962	1
19	38.5165	6.32196	0.300865	-0.349304	1
19	34.97	6.27758	-1.59423	-0.32032	1
19	2.03648	5.83634	0.787068	-1.10154	1
19	37.0924	36.9041	0.737398	-1.02689	1
19	37.7382	12.9567	0.464169	0.601363	1
19	35.3077	19.2041	-0.4242	-0.363747	1
19	38.7711	12.2915	0.184196	-0.573182	1
19	2.81495	13.357	0.65418	-0.554168	1
19	3.61473	15.6518	-0.37182	-0.136417	1
19	2.94743	3.14616	0.677868	0.172914	1
19	14.0889	6.74292	1.23492	-0.157945	1
19	21.3645	14.6632	0.639726	-2.59236	1
19	13.0121	5.18788	-0.728476	-0.0961093	1
19	17.7627	13.5966	-0.403603	-1.03745	1
19	15.3921	12.89	-0.788104	1.86311	1
19	21.0252	37.46	1.05044	1.5379	1
19	12.3802	39.7646	1.11488	0.785304	1
19	22.8884	36.1344	1.91377	-0.505643	1
19	17.5397	9.35016	-0.248482	-1.52999	1
19	20.0578	7.47381	0.343588	-0.435716	1
19	10.9757	10.273	-0.394535	0.440252	1
19	22.9673	1.69574	-0.180375	-0.168907	1
19	18.3089	0.013401	-1.18161	-1.02593	1
19	19.5969	36.9784	0.78624	0.330432	1
19	29.8387	19.1768	-0.841006	0.168248	1
19	24.7983	38.6623	-0.130181	0.739278	1
19	35.5156	3.92322	-0.953892	0.215581	1
19	19.2778	15.8654	1.60028	-0.829876	1
19	29.2736	7.46027	-0.00968843	-1.48911	1
19	22.3467	13.3771	-1.29019	-1.26521	1
19	32.4623	16.0081	0.0784429	0.292591	1
19	31.1948	6.24563	0.528489	-2.09093	1
19	32.3818	8.45324	0.325945	1.14658	1
19	1.85837	10.9663	-0.383768	0.777855	1
19	34.5174	9.1227	0.657529	0.223005	1
19	33.8822	4.65739	1.06326	0.180215	1
19	31.4346	15.4768	0.243638	-0.473853	1
19	31.5078	11.6867	-0.318724	0.926439	1
19	33.7704	9.90493	-0.959439	-0.880424	1
19	34.3954	23.4023	-2.26327	0.122136	1
19	36.8216	13.5517	1.62022	0.672245	1
19	5.1369	13.2249	-1.64029	-2.49561	1
19	4.77848	6.0358	0.500737	-0.307071	1
19	2.65375	7.86024	-1.257	-0.305801	1
19	35.5864	15.6535	0.470536	1.22771	1
19	21.3263	16.8839	0.249902	0.918741	1
19	0.0453139	14.3146	-1.18797	0.75565	1
19	13.7744	0.974295	0.237314	2.0122	1
19	7.20751	10.4891	0.814216	1.58504	1
19	8.93607	9.35642	0.840214	-0.794718	1
19	17.6115	34.5175	0.48705	-0.736829	1
19	15.4177	38.4181	1.29177	-0.59214	1
19	14.4464	36.848	0.860454	-0.141643	1
19	12.9939	3.34948	0.531334	-0.198994	1
19	22.105	6.30379	-1.10548	-0.41916	1
19	17.7314	2.08355	-1.71477	0.718632	1
19	14.4185	12.5038	0.234061	-0.185816	1
19	25.2546	0.144266	-0.411245	-0.284559	1
19	25.3089	5.56991	0.032276	1.23795	1
19	26.3613	8.80328	-1.36164	-1.59225	1
19	25.5981	9.62839	0.487314	-0.264169	1
19	29.1792	10.8756	-0.611905	-1.17336	1
19	28.4994	12.1197	0.699117	-1.59401	1
19	25.9655	10.5659	-0.543371	-0.976571	1
19	36.7249	12.1906	0.881006	-0.744501	1
19	34.5519	39.3866	1.11902	-0.686117	1
19	38.0541	9.31121	-0.920601	-0.362768	1
19	29.3324	3.48922	-0.877057	-0.813505	1
19	33.3448	13.8423	1.29665	0.00411392	1
19	29.9389	6.42669	0.456621	0.656203	1
19	34.2373	37.0608	-1.4854	-0.713973	1
19	27.2836	2.2043	-1.08448	-1.30083	1
19	33.8573	22.5293	-1.56696	1.51628	1
19	5.65681	16.4595	0.0112714	-0.0349076	1
19	39.9366	2.45089	0.127503	-0.194474	1
19	3.31051	14.5434	-0.205848	0.724837	1
19	5.93882	15.0776	0.207582	-1.62418	1
19	0.161225	12.1121	-0.842991	0.61809	1
19	18.2406	36.8629	0.478134	-0.582108	1
19	20.5191	17.6826	-0.352527	1.08441	1
19	4.28616	10.8518	1.7061	0.543596	1
19	7.86856	15.987	0.680199	-1.53483	1
19	18.9492	7.63691	1.14372	2.225	1
19	15.8272	37.3381	-0.0924038	0.0091782	1
19	18.4352	9.69056	-1.44826	1.07989	1
19	13.6336	16.5541	0.360739	-1.27902	1
19	16.3767	8.71846	-1.44669	-0.0377518	1
19	28.4294	6.8402	0.278233	-0.0894222	1
19	18.6712	2.83145	0.0113489	0.536336	1
19	30.3843	7.28017	-0.586899	-0.756437	1
19	23.0106	9.00655	0.751037	1.0475	1
19	24.0811	9.21494	-1.08983	-0.27436	1
19	33.2227	6.93953	-0.96922	0.854439	1
19	20.2988	12.5097	-1.32686	-0.0496781	1
19	22.8229	17.9351	-0.114816	0.433312	1
19	15.9814	14.1724	-0.508584	0.387408	1
19	29.4223	12.8978	-0.361342	0.289911	1
19	20.8492	6.1603	1.178	0.989387	1
19	35.5189	7.17965	0.742036	1.81948	1
19	29.9379	10.0773	1.12307	-0.111014	1
19	26.0648	16.0408	-0.880492	0.255959	1
19	33.0882	21.2844	-0.16415	-1.06731	1
19	4.82757	15.8657	-1.13168	0.833091	1
19	2.33107	16.4474	0.727025	2.54088	1
19	39.8276	24.1942	-0.133876	0.506908	1
19	10.2653	17.5049	-0.988942	0.0445929	1
19	5.42524	9.41364	-1.72858	-1.01078	1
19	37.4885	8.38619	0.473251	-0.137239	1
19	13.0252	37.5181	0.585518	-0.373558	1
19	11.2227	11.3602	-0.511633	-0.951552	1
19	10.193	8.85332	-0.407902	0.180269	1
19	2.71137	9.26826	-0.957486	-0.914115	1
19	8.62385	5.51136	1.68106	1.0651	1
19	2.34512	11.9641	1.37207	0.662342	1
19	7.40842	21.9897	1.57836	0.430892	1
19	16.4262	9.9577	-1.76036	-0.263797	1
19	9.31458	10.3917	0.0354634	1.13871	1
19	9.65185	12.4034	1.67056	-1.64538	1
19	20.4127	13.83	0.02573	0.43224	1
19	12.0808	2.19788	-0.838086	-2.15441	1
19	31.1921	13.1437	0.168897	-0.551072	1
19	15.244	6.61042	-0.0307327	1.75529	1
19	24.3647	6.00239	0.863949	-0.56055	1
19	13.7691	4.31384	-0.257592	-0.298964	1
19	18.1302	5.57624	-0.116177	-1.775	1
19	23.3593	11.9648	-1.76545	1.58558	1
19	24.1203	10.2361	-1.73952	-0.64302	1
19	17.1055	17.3493	-1.25107	-0.388716	1
19	31.1753	14.3582	0.905848	-0.0155135	1
19	21.8963	10.4576	-0.257424	-0.373527	1
19	27.2362	18.4805	1.23446	-0.543244	1
19	30.7849	21.4404	0.919886	0.239319	1
19	36.4976	8.6199	-0.535762	1.54584	1
19	22.3102	12.2939	-0.704918	-0.450186	1
19	34.3005	17.0824	-1.05123	-0.27301	1
19	32.6104	12.9732	-1.30004	-2.11175	1
19	30.8605	16.4	1.08171	0.870088	1
19	3.37082	21.4985	0.247817	-0.682793	1
19	36.2289	19.6261	0.116504	-0.91223	1
19	0.828855	18.0115	-0.725849	0.931889	1
19	6.0879	3.06278	0.333385	-0.566964	1
19	3.87758	11.7543	-1.35251	-0.0146489	1
19	39.3966	11.4439	1.75015	0.612814	1
19	7.95549	11.7552	-1.21916	1.80109	1
19	14.951	8.85777	1.79556	1.45123	1
19	9.14626	17.7634	-0.734076	2.06992	1
19	11.2418	9.057	0.18402	-0.489561	1
19	10.7995	6.54053	-1.52765	0.224511	1
19	11.6215	13.0947	-0.00377613	-0.0532616	1
19	18.487	1.12654	0.201222	0.343017	1
19	17.0074	16.2226	-0.85837	0.260402	1
19	20.4658	15.0114	0.374691	-1.02683	1
19	23.081	4.52925	2.42692	-1.66725	1
19	27.466	11.5333	-0.0513071	-1.16858	1
19	20.2902	8.63209	0.140967	0.304718	1
19	31.3295	7.72484	0.0552469	0.480891	1
19	26.8655	5.28183	-0.732069	-0.538413	1
19	25.5728	14.4709	0.90546	-1.25941	1
19	27.6567	8.06465	0.0529549	1.22987	1
19	30.6247	24.4492	-0.414692	-0.449964	1
19	30.364	15.2577	-0.186752	1.02786	1
19	26.619	17.1821	0.391206	-1.66362	1
19	27.9905	14.7473	0.715454	-1.81901	1
19	34.5284	21.5653	0.836757	0.320916	1
19	33.8216	12.2725	2.67318	0.709425	1
19	25.1741	3.44002	-1.39889	1.71899	1
19	33.5335	14.9238	1.57815	-0.215552	1
19	32.2183	14.3495	0.58054	-0.427384	1
19	38.5485	5.34968	-0.779906	-1.27177	1
19	28.0429	9.13695	0.80385	-0.112815	1
19	1.6377	13.0949	-0.234838	-0.658355	1
19	36.4449	26.8402	0.59787	0.0284136	1
19	38.8501	18.8686	0.629669	0.783552	1
19	16.5019	38.2313	0.147808	-0.264697	1
19	2.28308	15.3723	0.513495	1.26157	1
19	8.52911	12.8434	-0.214065	0.444201	1
19	35.5801	12.9827	-0.421849	-1.02783	1
19	6.97238	20.1835	-1.05947	-0.7962	1
19	12.0577	10.501	0.754285	-0.239568	1
19	8.23484	10.5317	1.23224	1.04496	1
19	12.8395	17.3523	0.69049	-0.457392	1
19	14.9731	16.0946	0.143814	1.00278	1
19	7.37922	12.9332	-1.1479	0.864075	1
19	9.51977	15.3236	-0.0198774	0.21833	1
19	7.72994	20.9839	-0.199096	-0.0193471	1
19	10.2251	13.4247	-0.556994	-0.496371	1
19	10.9998	14.1443	0.931337	-0.36144	1
19	9.9372	7.2645	0.151062	-0.437263	1
19	15.8012	16.8597	-0.235838	1.06316	1
19	19.2255	14.184	-0.40802	0.488312	1
19	26.7401	7.39852	0.595859	-0.377607	1
19	19.4258	9.13983	0.940858	0.23986	1
19	27.1584	15.7046	-0.0431752	1.23176	1
19	25.8251	7.81594	0.0498645	-0.649672	1
19	37.6307	11.6809	-1.98051	-0.113741	1
19	29.1117	9.45631	-0.338205	-0.223113	1
19	32.9614	25.6903	0.326234	-0.639298	1
19	32.0908	10.6423	2.12273	0.519182	1
19	39.8264	23.0626	0.417463	-1.10008	1
19	33.703	17.9086	-2.31106	0.628434	1
19	39.6088	17.2332	-0.237299	2.06067	1
19	15.6218	2.16583	0.597614	-2.51597	1
19	7.88442	17.8914	-0.492043	0.374734	1
19	17.618	23.3479	-0.6956	1.64786	1
19	30.3087	25.4316	0.918551	-0.840565	1
19	1.22199	14.5006	-0.947624	-1.42491	1
19	0.455746	8.73461	0.378761	1.37337	1
19	5.52156	26.6986	-1.91433	0.592388	1
19	13.8656	20.4299	0.590864	1.07529	1
19	7.16736	14.7657	1.26872	-1.63384	1
19	8.06195	13.7127	1.02637	-1.5583	1
19	1.45079	20.2163	0.0979281	1.30782	1
19	39.483	13.2527	-1.00013	1.06318	1
19	24.1517	12.6765	0.452198	-0.275121	1
19	37.5474	18.1717	0.881412	1.36145	1
19	12.734	12.7464	1.94223	-2.00206	1
19	12.3731	8.98618	1.31195	-0.616878	1
19	14.8211	17.7269	-1.89149	-0.0415249	1
19	23.8025	3.83362	0.433272	0.844943	1
19	3.5541	8.42882	-0.777654	-0.355573	1
19	11.6676	25.7816	0.178732	2.27604	1
19	14.2164	10.9392	-0.582858	2.51895	1
19	23.7911	26.5648	0.417674	-1.39396	1
19	15.0004	22.2095	-0.174774	-0.278232	1
19	24.1809	17.9315	1.19482	1.34569	1
19	24.9349	15.4347	0.928163	-0.782742	1
19	38.4292	28.198	-0.121736	0.185929	1
19	32.3261	18.1322	0.544175	0.968749	1
19	29.9813	20.2013	-0.364801	1.17752	1
19	32.7639	9.78326	-0.00150431	-0.401208	1
19	25.7776	13.3992	0.776157	1.03047	1
19	23.8126	29.5371	1.20845	0.744132	1
19	31.5756	17.2298	0.331205	-0.0884014	1
19	37.3667	16.6967	-0.124278	1.119	1
19	29.2935	24.5446	0.540259	0.0363855	1
19	31.6153	22.2237	-0.146177	0.287613	1
19	37.0829	21.7554	-0.27534	-0.209263	1
19	13.4729	11.7529	0.899143	-1.34249	1
19	6.5357	13.5978	1.33648	-0.270322	1
19	4.03883	12.9062	0.0997331	-0.226363	1
19	13.7497	13.422	1.25706	0.721595	1
19	0.9029	24.2408	0.389709	-0.308554	1
19	3.36499	19.1587	0.334192	-1.01075	1
19	37.61	24.5098	-0.946731	-0.898579	1
19	2.26943	18.4443	-1.24589	-1.04623	1
19	6.72954	11.6096	-0.576699	0.866597	1
19	4.14972	13.997	-1.27751	0.269709	1
19	12.6943	18.502	-1.14383	-2.56651	1
19	4.11931	16.7536	-0.194005	1.43102	1
19	17.1496	20.4616	-0.842292	-0.0352739	1
19	20.081	19.6845	0.354956	1.16222	1
19	15.0928	21.1515	-1.16522	0.933682	1
19	17.1059	7.12593	0.844734	0.594372	1
19	15.98	15.6071	0.897522	-0.283106	1
19	22.9743	10.8231	1.01128	0.476612	1
19	23.935	15.8484	1.29112	0.909582	1
19	23.4881	7.99513	0.369982	-0.859326	1
19	14.8327	19.958	-0.65787	-1.00852	1
19	21.3255	24.4908	-1.51414	1.20529	1
19	25.7924	27.41	-0.49985	0.891829	1
19	22.2407	25.1417	0.639592	-0.712032	1
19	26.667	20.5035	-1.2334	-1.28043	1
19	33.9478	0.274408	0.257698	0.352964	1
19	27.6885	28.4106	0.118093	0.604454	1
19	35.3154	20.2536	-1.0522	0.293949	1
19	38.4809	1.0459	-0.254932	-0.137871	1
19	28.6207	17.8513	0.467454	0.837264	1
19	34.5179	13.3887	-0.533809	0.686131	1
19	33.5255	16.1315	-0.405529	0.580873	1
19	1.30228	22.2684	-0.00182283	-0.493738	1
19	8.40734	20.1242	0.457429	0.877536	1
19	4.18051	17.8135	-1.07348	0.126417	1
19	9.17814	20.8952	0.480375	-2.3564	1
19	2.24892	14.3603	0.89189	0.609531	1
19	7.22232	17.1187	-0.852029	0.868837	1
19	4.45208	30.3733	0.363422	0.438685	1
19	39.6129	18.2949	-0.585124	-2.0526	1
19	2.9145	17.4454	-0.661793	-1.24693	1
19	6.21493	12.5601	0.703183	0.844414	1
19	14.1018	18.8612	0.78624	-1.86908	1
19	7.76173	23.0435	-0.767131	-1.42345	1
19	11.985	23.6827	0.626023	-0.304304	1
19	11.6777	15.4642	-1.32999	-1.22445	1
19	17.2757	12.487	0.807539	0.592424	1
19	16.2267	21.3367	0.650233	-0.527852	1
19	4.12622	19.9097	0.702863	0.237028	1
19	7.36753	28.7837	0.652002	1.34424	1
19	35.5478	11.68	0.494522	-1.5868	1
19	16.2431	18.6214	0.439894	-0.219259	1
19	19.205	13.1163	0.228155	0.646183	1
19	30.4062	5.51199	-1.27509	0.196017	1
19	25.0035	8.7206	1.77276	-0.580366	1
19	19.7001	18.4945	-1.24068	0.00586747	1
19	19.5612	27.1062	1.6029	-0.369642	1
19	32.201	6.10894	0.413856	1.53937	1
19	25.5101	20.7846	-0.891229	-1.02595	1
19	27.6901	25.0592	-0.505207	0.403047	1
19	38.2152	33.6652	-0.138471	-0.770251	1
19	5.67036	18.6011	0.200689	0.220847	1
19	31.9404	24.0288	1.88122	0.833845	1
19	28.7738	18.9975	-0.626761	-0.71364	1
19	1.34416	19.0156	-1.03139	1.86993	1
19	38.7712	16.4533	0.691133	-2.38912	1
19	28.7145	15.8229	1.22288	-0.800961	1
19	0.842434	16.8998	0.737224	1.45132	1
19	5.5294	14.1274	-0.41538	-2.30792	1
19	2.47832	24.3314	-0.110009	-0.804449	1
19	7.89464	27.1071	0.0630183	0.88896	1
19	4.75393	25.118	-0.252655	0.577569	1
19	14.4649	38.9463	1.16299	-0.402893	1
19	14.2831	9.59458	-0.523012	-0.672797	1
19	9.99682	11.3362	-2.18519	-1.72479	1
19	6.72866	9.38215	-0.0544304	-1.69584	1
19	14.957	13.9242	-1.4571	-1.97311	1
19	16.5589	13.2471	-0.182276	-0.571558	1
19	21.121	15.8852	0.0867063	0.250871	1
19	11.6041	17.8737	-0.497346	-0.0521511	1
19	16.9745	14.3897	0.172959	0.673288	1
19	5.70746	20.838	-0.673874	-1.04387	1
19	22.4044	16.8237	0.0521069	0.0904424	1
19	23.9041	18.9755	1.98118	0.699254	1
19	24.8747	26.9196	2.34039	0.565223	1
19	28.1051	10.246	-0.806298	-0.469918	1
19	21.9535	19.4283	1.35636	-0.282964	1
19	23.0041	27.5302	0.448212	-1.19127	1
19	15.1088	15.0283	-0.0251255	1.71336	1
19	30.6759	22.8597	-1.65102	-0.765181	1
19	33.8731	26.5449	0.346029	0.259593	1
19	38.4274	13.6743	0.320432	-0.232599	1
19	31.3677	20.2154	0.441966	-0.645841	1
19	32.9558	32.1546	-0.0451919	1.00052	1
19	29.2286	14.9769	-0.38888	-0.651224	1
19	37.469	19.2593	1.04288	-2.02533	1
19	33.2613	24.6017	-0.789962	0.144345	1
19	0.734464	26.2991	-0.872144	-0.213666	1
19	30.402	12.3875	0.155691	0.0331958	1
19	39.4561	20.7964	1.59535	-0.474926	1
19	6.73787	22.8501	-1.90378	0.697229	1
19	35.3646	23.8164	1.38935	-0.883309	1
19	37.2731	26.2139	-0.683923	-0.169019	1
19	36.1583	18.2619	-0.930982	1.16309	1
19	8.89863	11.6255	0.232484	1.06724	1
19	3.48105	23.2792	-0.0176176	-0.798321	1
19	2.78286	20.5371	1.00031	-0.18766	1
19	8.25082	8.62216	0.796436	0.167355	1
19	6.53336	17.981	-0.650539	-0.314671	1
19	10.0108	16.2639	-0.270032	0.660741	1
19	24.6138	21.3886	-1.14488	0.169813	1
19	20.1856	16.4504	-1.71581	0.860235	1
19	20.9918	11.8372	-0.701717	-1.39362	1
19	24.8218	7.53968	0.42982	-0.317603	1
19	20.9616	18.6708	-0.733211	0.672915	1
19	18.7515	20.9158	0.216248	-0.557576	1
19	13.4066	27.0721	-0.650279	1.1723	1
19	26.9131	9.85022	-0.357191	0.832044	1
19	30.492	11.1356	0.642927	1.39206	1
19	35.0764	26.9631	0.295662	0.693587	1
19	29.396	21.3979	0.296566	0.914813	1
19	29.5133	32.2054	0.77276	-0.184928	1
19	24.1401	31.5279	-0.375141	0.161849	1
19	25.251	22.2149	-0.0958133	1.14554	1
19	36.7667	23.3479	-0.132457	-0.400955	1
19	22.7781	15.8671	-0.710428	0.918811	1
19	38.4316	21.5383	0.161825	-1.26053	1
19	26.4842	25.4011	0.678561	-1.18385	1
19	35.421	29.1926	0.884209	2.14298	1
19	38.3113	20.0705	0.124574	1.01135	1
19	5.66132	22.053	0.977151	-1.85237	1
19	1.01763	21.1614	-0.65924	-0.0776901	1
19	2.9565	10.8951	0.868846	0.00739866	1
19	28.0481	13.0896	2.13988	0.080355	1
19	0.287905	19.4451	0.945531	-1.21803	1
19	37.5289	14.4482	-0.288959	0.593093	1
19	8.53094	21.8176	-0.506341	-0.141225	1
19	6.79961	25.1915	0.0183215	0.0819696	1
19	13.1634	7.91043	-0.360428	0.108841	1
19	1.83653	17.4296	-0.264618	0.373192	1
19	37.8245	22.7518	-0.0570863	0.648502	1
19	3.58823	25.7149	1.6343	-0.691172	1
19	0.834355	15.6352	-1.70314	1.02022	1
19	18.8859	19.2818	0.210338	-0.434258	1
19	8.27397	24.0376	-0.36801	0.861672	1
19	28.0165	24.0399	0.397166	1.83378	1
19	16.0699	22.5598	-0.198687	0.974453	1
19	23.4051	13.4469	-0.00603975	2.51018	1
19	23.0742	21.1561	0.242428	-0.939623	1
19	22.0667	28.1095	-1.20661	-0.391601	1
19	19.3086	21.8591	0.253421	-1.08323	1
19	21.1656	28.6761	-0.399566	-1.31619	1
19	22.6952	22.5901	-0.175359	-0.5484	1
19	14.0782	26.0599	0.849933	1.16607	1
19	28.3036	21.1755	1.58922	1.95109	1
19	23.4278	25.1521	-1.5896	1.05506	1
19	23.8133	22.2546	-1.40875	0.298032	1
19	33.4704	3.46669	0.253809	-2.64476	1
19	26.8993	14.5763	0.242045	-1.08678	1
19	37.2882	30.6353	-0.0783683	-0.485614	1
19	31.94	27.8015	-1.10235	0.530015	1
19	32.9854	19.1704	0.137366	1.25826	1
19	0.457769	25.2414	1.30118	0.0506604	1
19	39.133	33.1358	1.25713	0.625645	1
19	10.2786	20.4343	-0.0628474	1.40346	1
19	5.94952	24.2854	1.0397	0.690657	1
19	32.8656	28.4339	0.798536	0.672293	1
19	38.7694	25.056	-1.41693	-0.475104	1
19	9.26315	19.0669	-0.249699	0.279458	1
19	2.30345	27.1912	0.17882	-0.851346	1
19	12.039	21.6915	0.240286	1.6299	1
19	12.4418	16.4732	-0.0136836	-0.133375	1
19	6.69413	21.3429	-0.278998	2.21921	1
19	14.2007	22.845	-0.000259201	-0.600671	1
19	15.2353	23.3414	0.978558	0.84579	1
19	4.46072	23.9361	-0.390912	0.328494	1
19	13.7776	29.1192	-1.39488	0.878328	1
19	10.6186	18.9317	-0.211559	-0.826231	1
19	30.1404	14.0443	0.63148	-0.413444	1
19	26.026	19.6422	0.169861	0.447576	1
19	18.6879	17.9308	-0.410364	-0.575678	1
19	21.8279	26.6216	0.227795	-1.98325	1
19	18.8333	24.3593	-0.29955	1.13431	1
19	17.4128	15.3253	-0.845573	0.794343	1
19	25.521	17.1868	-1.46678	-0.606929	1
19	26.6639	22.4066	-1.11586	-0.795829	1
19	20.5445	21.3291	-0.462218	0.633661	1
19	26.1268	29.7753	0.52435	1.74924	1
19	31.3009	31.4015	-1.50889	-0.0520722	1
19	17.6552	24.436	1.02398	-2.00079	1
19	39.534	29.5734	-0.978832	0.450511	1
19	24.3227	23.1079	0.79626	-0.803757	1
19	0.124119	32.003	1.03167	1.20811	1
19	23.5727	23.7723	-0.852938	-1.5133	1
19	29.6874	22.4438	0.171788	1.38289	1
19	36.5409	34.8805	1.0864	1.04562	1
19	36.4437	24.3584	1.19005	0.091221	1
19	34.0611	25.4296	0.759678	0.0816375	1
19	39.332	27.1977	1.99032	0.191428	1
19	2.30463	33.0226	-0.713867	1.33499	1
19	11.7753	19.3559	0.364455	0.642159	1
19	39.485	36.0323	0.109374	0.908496	1
19	7.51578	30.646	0.235151	0.431289	1
19	15.9386	19.913	-2.17215	1.27608	1
19	3.50098	24.6319	1.20083	0.79991	1
19	22.9778	19.4914	-0.213409	-0.583375	1
19	7.22104	27.833	-0.537943	0.807563	1
19	6.76517	18.9915	-0.828038	-1.53276	1
19	13.094	19.7093	0.854375	-1.27288	1
19	12.4761	24.7749	-0.806503	-0.17819	1
19	18.1813	14.575	0.307782	0.596957	1
19	10.0328	23.1497	-0.602719	-2.27363	1
19	27.0574	13.3617	0.446773	-0.727403	1
19	10.9365	27.7531	0.311345	-0.277594	1
19	10.1034	35.7709	-0.684418	1.24545	1
19	22.6584	14.5934	-0.697233	-0.342559	1
19	23.4145	16.9937	-0.543463	0.0280888	1
19	25.572	24.1611	-0.521201	-0.9676	1
19	23.8503	20.4393	0.576057	-1.02446	1
19	24.3023	28.3993	1.03077	-1.35073	1
19	20.113	25.3171	0.253363	0.595369	1
19	24.6432	19.7431	1.95414	0.397906	1
19	24.998	29.4639	-1.10533	-0.465898	1
19	26.2068	32.6329	-0.587982	0.830251	1
19	36.0705	32.9211	1.32433	1.07599	1
19	1.62615	38.3926	0.370921	0.492323	1
19	37.5019	27.3465	-0.980178	0.62385	1
19	4.67726	21.2091	-0.58393	-0.374414	1
19	38.2619	32.6316	0.765352	0.258266	1
19	36.6373	31.7088	-0.265157	1.15739	1
19	29.1875	35.4211	-0.91243	2.28731	1
19	8.87808	16.3257	0.542086	-0.370136	1
19	5.20414	19.7397	-0.264236	0.0445963	1
19	38.6314	29.2809	-0.788871	-1.91758	1
19	39.9828	33.7569	-1.34074	2.62044	1
19	10.1308	31.4038	-0.624475	0.275271	1
19	9.3777	24.352	1.87623	-0.677832	1
19	2.47276	31.1622	-0.491498	-0.322815	1
19	10.4337	24.1356	-0.637868	0.190559	1
19	10.6726	15.0678	1.9638	-0.431121	1
19	18.2101	20.0562	-1.92342	0.28916	1
19	21.7557	22.2	-0.709253	3.12245	1
19	11.4531	24.6886	-0.339003	0.278973	1
19	15.4562	29.0419	-2.39008	-0.368734	1
19	24.4849	24.435	1.53056	1.01356	1
19	19.5797	23.4355	-0.178945	-1.64072	1
19	8.89292	22.8801	-1.97613	-1.11901	1
19	28.1174	16.9102	-0.685235	-0.672719	1
19	22.8366	26.0453	-0.573532	-1.11067	1
19	23.607	14.9374	-0.863235	0.603136	1
19	21.4026	25.6989	0.758699	1.29126	1
19	25.3195	31.7054	-0.467457	-1.70626	1
19	32.58	38.1616	-0.320977	2.05884	1
19	35.7881	27.9907	-2.03798	1.02181	1
19	35.3371	35.0479	0.06034	0.0361432	1
19	29.9603	23.6572	0.698449	-0.520467	1
19	1.15544	34.3657	0.493426	-1.49617	1
19	26.9736	24.2278	-0.58458	1.30128	1
19	34.6462	24.6043	-2.38125	0.32956	1
19	33.4784	35.9425	-0.375233	-0.131258	1
19	36.3031	25.4417	0.439541	0.309791	1
19	0.726784	32.9274	-0.721926	1.49344	1
19	31.2598	19.1763	-0.734571	0.608652	1
19	1.68625	31.8221	0.976631	-0.178465	1
19	25.2632	30.6185	-0.97733	-0.846668	1
19	2.20458	25.5767	-0.87382	0.371858	1
19	7.14116	0.905717	0.361517	0.302412	1
19	0.109604	35.0829	-1.25256	1.71729	1
19	4.18334	22.3847	0.660679	-0.737186	1
19	10.8029	37.9701	-0.743469	0.558107	1
19	6.71241	38.6253	0.647233	0.414942	1
19	38.7836	24.0122	-0.969563	-0.425089	1
19	4.12391	2.74713	-0.407694	0.0523343	1
19	17.4286	21.825	-0.265705	-0.184502	1
19	9.64769	26.2813	-0.177153	-1.39761	1
19	10.3706	28.8525	-2.21931	-0.595143	1
19	8.76262	30.6546	-0.308955	0.658825	1
19	21.8472	23.4236	-0.124081	1.30825	1
19	18.5889	32.613	-0.771104	1.37495	1
19	13.0348	22.3248	1.08829	0.743278	1
19	28.8734	19.9477	1.64217	0.533686	1
19	12.243	28.8744	-0.835058	0.553885	1
19	11.6006	26.8467	0.678485	1.6102	1
19	24.6525	25.7513	2.49626	0.723154	1
19	16.4837	29.3928	1.19834	-2.05334	1
19	33.6011	27.7754	-0.782917	0.861455	1
19	22.3554	30.6599	1.05626	0.400892	1
19	33.7894	28.9224	-0.634508	0.535163	1
19	26.6834	37.2154	0.241284	-0.0251139	1
19	27.2028	33.7298	-0.451304	-0.508468	1
19	20.4118	26.5029	0.141564	0.221037	1
19	31.2689	30.308	0.288929	0.415051	1
19	27.0981	26.2496	-0.76335	-1.05723	1
19	27.8484	30.4562	0.186758	1.60226	1
19	38.3076	30.276	-1.03691	0.900031	1
19	7.80666	25.9771	-0.543185	-0.0901665	1
19	3.64231	30.9819	0.0253769	1.65611	1
19	5.59969	29.4957	-2.03594	-0.536038	1
19	30.6654	32.2115	0.28972	1.82291	1
19	4.88989	27.6661	-1.74638	1.08567	1
19	35.1995	25.7048	-0.853072	0.55885	1
19	2.3348	22.8112	-0.115991	-0.410322	1
19	5.32282	36.8942	-0.159282	0.903156	1
19	6.74407	26.3949	-0.340817	-0.00930491	1
19	24.8484	18.7239	-1.25563	0.598643	1
19	11.0083	16.4784	-0.373957	-2.06861	1
19	12.7001	26.0004	0.618403	0.03981	1
19	13.5618	25.126	1.51492	0.317228	1
19	13.971	15.586	0.979408	-0.93909	1
19	20.5108	38.7589	-0.656371	-0.0181372	1
19	13.0687	21.1817	0.618224	-1.26629	1
19	10.1074	32.6164	-0.678283	0.635668	1
19	18.7452	34.7467	-0.397245	-0.814476	1
19	14.7562	26.9815	-0.685696	0.189658	1
19	21.7138	20.9073	0.376544	1.8043	1
19	17.3212	26.2435	-0.705298	-0.416723	1
19	16.5316	24.0012	1.00494	0.0260609	1
19	23.6931	32.5428	-1.15089	0.526253	1
19	17.5557	31.8786	-1.81736	-0.571225	1
19	18.0615	16.8647	0.0778112	-1.47113	1
19	32.3234	33.4939	2.66413	-1.68753	1
19	26.029	18.4319	0.826744	0.940733	1
19	34.1904	32.5929	0.645637	-0.254704	1
19	30.7624	26.6089	-0.148684	1.74359	1
19	29.1014	27.0545	0.319849	2.05726	1
19	18.4129	26.3774	0.379676	-1.10458	1
19	32.3784	30.7797	2.08319	3.29407	1
19	39.5523	28.3237	0.176888	0.46203	1
19	6.32163	27.4484	0.756001	-0.354293	1
19	6.92629	35.0831	-0.622689	-0.661972	1
19	32.0435	20.9933	-1.70017	2.03083	1
19	3.92054	33.215	0.487713	-0.231538	1
19	3.74746	28.5637	0.432474	2.40262	1
19	2.38436	39.2496	0.402752	0.221032	1
19	8.92647	38.0065	-1.77962	-0.304413	1
19	31.7192	0.355236	0.147466	1.52236	1
19	4.62582	35.0248	-0.407339	-0.290247	1
19	39.7197	21.9522	-1.0121	0.381127	1
19	10.7019	26.3308	-0.166523	0.820514	1
19	4.36991	26.3489	0.965109	1.13915	1
19	19.7946	34.8962	1.12653	-0.492798	1
19	17.4718	27.3992	-0.600594	-0.522011	1
19	9.89977	30.3236	1.02798	0.541202	1
19	20.1986	24.28	0.264449	0.0751327	1
19	18.4069	27.705	0.870381	-1.2608	1
19	21.4549	35.0986	0.204776	-0.747898	1
19	22.4912	34.9468	-1.25716	-0.0156246	1
19	14.0084	21.7399	0.239624	1.18949	1
19	16.7618	25.0953	-0.674892	1.42564	1
19	28.5419	27.8839	-0.153922	0.294821	1
19	21.1632	30.4743	1.39061	-0.414228	1
19	28.3121	33.8309	-0.822342	-0.668177	1
19	26.4505	28.5698	-1.31936	1.20026	1
19	29.8441	29.0627	-0.30109	-0.852196	1
19	23.632	30.6637	-0.381349	0.517459	1
19	29.7648	31.2994	0.323146	0.0698003	1
19	2.74766	37.945	-0.391717	0.93703	1
19	32.2813	34.78	0.976177	-0.0313916	1
19	37.7803	31.6915	0.549685	1.31778	1
19	2.78398	33.9146	-0.0961866	-0.26659	1
19	37.7429	34.6331	-0.779739	0.806211	1
19	39.2334	25.983	-0.33687	1.02648	1
19	3.85258	34.2953	0.610994	0.277182	1
19	12.2499	38.3276	0.279627	0.340497	1
19	30.7641	29.4825	-0.99825	1.42476	1
19	1.0519	30.1692	1.24712	1.76649	1
19	2.81962	28.0537	-1.08427	0.376144	1
19	8.07133	29.5772	-0.904719	-0.573894	1
19	13.7844	17.9104	-0.645905	-0.749361	1
19	10.743	21.3707	0.318232	0.473722	1
19	2.01401	2.68621	1.04399	1.18074	1
19	11.3615	20.3051	-1.52076	-1.66716	1
19	9.58545	14.2798	-0.273126	-0.792509	1
19	12.9919	15.4832	-0.878102	-0.543412	1
19	12.2033	14.0736	0.510644	-1.91049	1
19	23.0911	28.7092	0.784461	0.304671	1
19	5.2428	31.4335	0.647519	1.31566	1
19	3.10112	29.4451	0.852281	-0.390579	1
19	14.3464	35.3103	-0.194069	0.638711	1
19	19.1699	5.39349	0.896258	0.160593	1
19	9.06261	35.1767	1.39021	-0.198113	1
19	17.5336	33.051	-0.777713	-0.89271	1
19	24.661	36.237	-0.864381	-1.86099	1
19	37.0865	33.8383	0.410499	-1.37772	1
19	24.4892	16.8343	1.43483	-0.423142	1
19	31.8383	29.1272	-0.0185301	-0.445592	1
19	26.2391	23.3681	0.957552	0.332497	1
19	30.282	35.0463	-0.140818	-0.505838	1
19	32.7807	27.0162	0.439359	-0.159441	1
19	28.1829	31.8253	-0.0321386	0.233465	1
19	33.8377	30.108	-0.00293592	1.83974	1
19	34.1038	35.1224	0.142627	-1.03712	1
19	2.16692	29.8042	-1.63084	-0.666869	1
19	34.3373	33.9862	-1.97931	-1.18544	1
19	37.093	32.6154	1.06382	0.41244	1
19	6.96758	32.8992	0.402228	0.950879	1
19	10.3293	34.7284	-0.635171	0.675816	1
19	6.90505	37.5756	1.21532	-0.265152	1
19	2.19727	21.5112	0.469782	0.645711	1
19	17.0197	35.4204	0.119189	1.08032	1
19	7.61921	36.8397	2.14794	-0.603269	1
19	16.1373	36.2876	-0.93165	2.19725	1
19	1.6544	28.2072	0.978432	-0.0609381	1
19	7.2792	24.1817	-0.0952556	-0.303863	1
19	6.34136	36.4724	-1.51971	0.746712	1
19	10.8958	33.279	0.112216	1.24432	1
19	3.73633	5.40026	0.226239	0.452737	1
19	17.6113	3.23557	0.00117193	-2.5735	1
19	20.4438	27.7919	-0.58154	-0.84756	1
19	18.4794	33.6184	-0.772607	2.3773	1
19	22.3212	8.15945	0.0259226	0.780136	1
19	30.0956	30.2981	-0.712084	-0.124449	1
19	20.725	34.1246	-0.472393	0.179682	1
19	11.0315	22.587	0.133189	1.28194	1
19	33.2118	34.2472	-1.47117	0.577118	1
19	27.6526	32.8452	-0.224865	-0.262946	1
19	26.7047	30.7363	-1.02946	-0.180594	1
19	17.9181	25.3823	-0.936717	0.972225	1
19	4.7322	1.2487	0.354252	0.390295	1
19	16.2616	27.5345	-1.14092	1.37994	1
19	38.4188	35.5824	1.06013	-0.292118	1
19	28.587	37.9383	-1.88837	0.460356	1
19	29.4433	26.056	-0.10793	-1.32243	1
19	32.7125	29.8034	-1.08801	0.821929	1
19	36.0254	30.1623	-0.243714	0.193543	1
19	36.1504	21.0984	0.0414028	0.300028	1
19	31.0027	36.0355	0.652066	0.182032	1
19	0.436446	27.8213	-0.546292	-0.237691	1
19	34.358	2.17674	-0.225494	0.579437	1
19	36.0256	36.5281	-1.23388	-0.600023	1
19	7.31924	31.7931	0.575907	-1.64576	1
19	5.71494	37.986	-0.517691	0.469132	1
19	3.63266	27.1292	1.226	-0.197871	1
19	8.59259	33.3248	-1.48046	-1.66952	1
19	15.6088	33.0429	0.235962	-0.658649	1
19	11.4294	0.104808	1.05448	-1.67248	1
19	8.42453	31.7276	1.61181	0.125021	1
19	13.3083	38.9041	0.0289244	0.634713	1
19	7.01568	29.813	1.09652	-0.748268	1
19	19.6872	32.6585	0.749273	-1.08432	1
19	15.0963	27.9771	-0.31285	0.358935	1
19	11.2289	29.647	1.01577	-0.743468	1
19	6.45278	30.965	-1.00275	0.128526	1
19	16.4936	30.5749	-0.350432	0.0655266	1
19	18.6616	30.6743	0.374101	-1.19428	1
19	24.8174	33.6898	0.219977	-1.20776	1
19	22.1154	29.3482	0.701108	0.246111	1
19	20.285	36.0326	0.81081	-0.175046	1
19	28.16	22.2447	1.51357	-0.222651	1
19	20.3283	39.7319	-1.27675	1.64782	1
19	27.1748	31.707	1.11934	1.84838	1
19	31.7577	26.4155	-1.13994	0.107673	1
19	30.0111	27.6155	1.57331	-0.705889	1
19	26.3436	36.1505	0.786814	-0.139118	1
19	33.2052	37.4019	-0.0364276	0.937633	1
19	3.23611	39.859	-1.37982	-1.29968	1
19	39.5987	39.1001	1.5297	-1.13925	1
19	6.07531	31.984	-0.113189	-0.734967	1
19	3.47646	0.885484	-0.846896	-0.0933853	1
19	26.3304	1.51817	0.347583	-0.331634	1
19	35.1937	31.2268	0.816578	-1.38064	1
19	3.60717	38.8795	0.562559	1.94476	1
19	28.7946	36.804	-0.00665198	-1.21056	1
19	35.3594	0.16528	-1.15141	0.82203	1
19	6.65418	39.9839	0.547645	-0.513538	1
19	7.93475	38.3698	-0.0302385	-0.0236698	1
19	8.84973	36.7926	1.38861	0.236542	1
19	9.88389	5.24829	-0.0428455	0.759094	1
19	11.5251	5.45898	0.248586	-0.875012	1
19	9.00469	28.4776	-0.536435	0.0995251	1
19	15.6833	24.8215	1.12515	0.949822	1
19	8.61241	25.0615	0.747886	-0.0479733	1
19	13.4981	33.1838	-2.10513	-1.22162	1
19	19.2046	35.7335	-1.21343	1.25601	1
19	18.1314	7.04046	-0.650307	1.14152	1
19	18.5887	22.8156	-0.293104	0.0302381	1
19	28.3083	34.8675	-0.865203	0.201119	1
19	21.5048	36.1315	-1.2405	-0.590399	1
19	23.8193	0.0929505	0.507292	-1.83142	1
19	23.4633	39.1319	0.111501	-1.2391	1
19	19.3121	39.1678	-0.128224	-1.65168	1
19	27.6812	27.2507	-0.218345	-0.169239	1
19	30.7284	38.3293	0.560342	-0.453503	1
19	29.438	33.3826	1.30589	-0.568067	1
19	18.0187	4.29327	-0.719702	-0.616258	1
19	32.0084	37.2514	0.58445	0.397796	1
19	35.0866	18.0006	0.321522	2.31847	1
19	29.4982	34.4155	0.37591	0.383082	1
19	34.1301	38.197	-1.29598	0.539284	1
19	34.6265	1.23447	1.16859	0.213485	1
19	35.7004	34.0218	0.592165	1.01488	1
19	6.52155	5.73946	0.377113	0.271681	1
19	6.96379	1.91932	0.829655	0.038301	1
19	2.6387	36.8638	1.78786	1.78488	1
19	37.3206	39.0485	-0.464588	0.250818	1
19	0.31926	0.464217	-0.0825644	-0.238833	1
19	38.9863	34.6488	-0.759617	-1.00938	1
19	6.95904	6.85646	-1.10327	0.297257	1
19	8.01865	35.601	-0.836589	-1.71909	1
19	7.19221	34.1096	0.421595	-0.0371413	1
19	19.2346	29.5981	0.275309	0.569758	1
19	13.5991	36.0533	0.896728	-0.124021	1
19	18.8216	10.8471	1.15813	-0.558674	1
19	16.1273	26.0523	-0.863966	0.692947	1
19	17.338	28.6161	-1.25331	0.0424075	1
19	10.0259	2.75443	2.51399	-2.19969	1
19	0.674313	28.9488	0.636374	-0.362509	1
19	13.9167	8.564	1.22205	1.95196	1
19	6.46992	4.57657	-0.0980696	1.98146	1
19	22.7939	31.5858	0.206356	0.441018	1
19	20.0582	3.87218	-1.11075	-1.33582	1
19	20.9421	2.02905	-2.27135	-0.425068	1
19	25.4353	25.1192	0.527872	-0.592296	1
19	15.2892	30.5294	-1.41787	-0.316262	1
19	0.112116	37.2508	-0.481778	1.73886	1
19	25.3855	28.4556	-0.753128	-1.21084	1
19	23.488	34.3384	0.107451	0.190466	1
19	30.8792	3.01656	-1.16214	0.897218	1
19	1.71566	37.2861	0.49511	-0.0939442	1
19	31.6783	38.8778	0.63621	0.837498	1
19	25.81	26.2655	-0.133093	-0.466509	1
19	36.4004	3.2735	-0.921544	-0.567846	1
19	32.5019	36.3081	-2.99404	-0.0711482	1
19	30.9492	39.6501	-1.49964	0.706253	1
19	2.9022	34.9589	0.451474	-0.176107	1
19	34.6334	27.8328	-0.36603	-0.759712	1
19	5.7355	6.51186	-0.347609	0.776845	1
19	28.2741	3.13941	-0.0711484	-0.0413089	1
19	5.96317	33.0843	1.29913	1.00182	1
19	36.8309	10.9232	0.838604	0.704703	1
19	1.71575	9.4629	-1.10195	-0.793005	1
19	7.69267	6.05441	0.82414	0.7263	1
19	9.93731	3.95517	1.7432	-2.06583	1
19	6.18262	10.3701	-0.644387	-1.0609	1
19	37.4556	4.35763	0.786634	-0.0850314	1
19	9.43127	34.1379	0.202521	1.67942	1
19	19.5951	38.1725	0.201864	0.340957	1
19	5.22398	7.65294	-0.456888	-0.231609	1
19	4.54627	38.1408	-0.293443	1.59106	1
19	19.5372	0.412922	-0.123275	0.477571	1
19	7.83545	3.92725	-0.600542	0.563131	1
19	12.8594	33.9215	0.126552	1.12678	1
19	17.6007	29.6171	-1.06057	-0.00872543	1
19	27.7399	37.1771	0.448514	-0.850706	1
19	38.4586	38.8515	1.05127	1.81909	1
19	13.1239	23.949	-1.54631	-0.575719	1
19	37.4005	3.27032	-0.666189	-0.278861	1
19	21.972	33.8462	-0.237169	0.157797	1
19	30.4084	0.514967	0.669439	0.0358514	1
19	29.9638	36.2738	1.30255	1.15444	1
19	26.119	39.3123	0.23915	-0.962471	1
19	32.8458	39.3527	0.0334077	-0.270028	1
19	34.3915	11.2679	-1.36377	-0.729488	1
19	30.5893	33.5213	0.710145	0.418156	1
19	35.6537	38.9405	1.59888	-0.323025	1
19	37.7982	2.17764	-0.109654	1.33622	1
19	19.3125	28.3347	-1.07357	0.0843575	1
19	35.4929	8.30155	-0.193526	1.21622	1
19	39.2575	0.268255	-0.712756	-0.0463895	1
19	5.14315	33.6851	1.31705	-1.21927	1
19	2.37017	4.67945	0.942514	1.0755	1
19	9.69239	38.8675	-1.53073	0.965783	1
19	5.7628	1.24329	0.955361	-1.39141	1
19	11.096	30.7047	-0.759151	-1.63875	1
19	4.82405	32.5756	-0.150263	-0.35728	1
19	7.73898	9.61992	1.98805	-0.0217075	1
19	34.4991	36.1277	-0.524427	-0.590761	1
19	21.2776	32.9505	-0.0373131	1.16839	1
19	10.9175	3.64302	-1.23485	-1.1687	1
19	4.08882	3.88161	0.955123	-0.153387	1
19	39.8183	3.57375	-0.855591	-2.06779	1
19	12.2978	0.900254	0.328733	0.82665	1
19	20.5372	32.0539	-1.1627	1.37752	1
19	18.4126	38.4695	-0.324125	0.534713	1
19	10.1817	25.2567	1.15512	-0.390144	1
19	17.2102	0.335107	0.929908	0.442735	1
19	21.457	39.8608	-1.91104	0.730351	1
19	0.320533	38.2465	-0.230285	0.641389	1
19	19.7263	2.20215	-0.344381	-1.50821	1
19	25.2752	37.3869	0.849767	-2.16611	1
19	20.7346	22.6299	-0.369954	-0.791528	1
19	27.5191	0.615815	-0.663618	0.405277	1
19	27.2858	29.3279	1.4221	0.609949	1
19	28.4227	25.9808	0.111105	-0.138612	1
19	36.4725	4.41171	1.19378	-2.12986	1
19	35.2696	2.85909	2.20339	-0.292385	1
19	36.9416	0.0297536	-0.478783	0.935876	1
19	38.0813	0.0302662	0.874906	-0.891696	1
19	19.694	30.7766	-0.730617	-0.364329	1
19	32.229	2.93183	-0.515466	0.754048	1
19	33.5249	1.3047	-0.039986	0.439003	1
19	3.59296	1.85115	1.16369	0.564736	1
19	4.05927	37.1895	0.545621	-0.333431	1
19	5.38661	35.8849	0.876862	0.954937	1
19	39.2883	4.6278	0.780262	-0.295813	1
