3	38.6339	33.5702	1.01499	-1.21291	1.05287
3	35.4878	30.8394	0.405722	0.7339	0.947479
3	38.3159	38.4413	-0.376637	-0.650471	0.939138
3	34.0079	3.51231	0.69397	-0.851213	1.25706
3	6.9272	39.3454	-0.326711	-0.206655	1.07633
3	39.4486	39.4738	-0.812267	0.580008	0.97114
3	5.95827	2.60897	0.52489	1.50256	1.05532
3	16.0525	10.9143	-1.15334	1.22447	1.07242
3	12.8591	2.90154	-0.0131973	-1.0204	1.026
3	6.73091	0.76455	-1.39973	0.0732147	0.976391
3	15.07	36.3217	0.0484515	-1.20916	1.01192
3	7.23949	2.53731	-1.10943	1.40261	1.18542
3	21.8142	34.0961	-0.613189	1.75679	0.975637
3	24.8546	34.9872	1.64182	-0.751965	0.92656
3	16.0309	30.8264	0.727203	0.157449	0.976662
3	16.452	37.9013	2.62215	-1.5124	0.975364
3	5.44368	30.0481	-0.891503	-0.205142	0.997112
3	14.1298	32.2004	0.585565	0.493966	1.02598
3	22.2159	4.94844	0.619281	0.251442	1.24916
3	31.3943	6.84233	-0.186267	0.116338	1.11083
3	24.0961	36.5915	-1.34172	0.617612	1.16011
3	28.8886	5.55698	0.74229	-0.891669	1.15204
3	23.7309	31.0737	0.771479	-1.65696	1.04785
3	31.1754	4.64679	0.24265	-0.222896	0.902038
3	31.1624	1.37443	0.93873	-0.755503	0.795111
3	27.9671	39.4629	0.270288	-0.0155741	0.931817
3	2.30715	2.54458	-1.73598	1.03826	1.01436
3	36.3965	11.2853	0.872105	1.90909	0.94092
3	34.0907	39.3509	-0.27486	-0.885485	1.06321
3	2.54507	11.2745	0.778909	-0.484419	1.05918
3	4.91059	12.6951	0.24924	-1.12775	0.809015
3	8.67719	13.2869	-1.30375	-0.534619	1.01917
3	2.29014	4.38671	1.4018	-1.44562	1.03724
3	4.00599	39.4371	0.334709	1.21406	1.06177
3	5.15661	1.62378	-0.835877	-0.932475	0.885971
3	35.3872	39.7092	-0.531037	0.400147	1.01255
3	4.69295	10.5687	0.877466	1.08627	0.843364
3	3.19928	35.9366	-0.566969	0.972913	0.977559
3	4.91388	38.7111	-1.61419	-0.0315258	0.965938
3	14.2137	4.33286	-1.07362	0.22698	1.04249
3	9.26628	2.97508	-0.183885	2.09229	1.05394
3	12.7054	34.834	-0.53318	0.0157295	1.04389
3	2.50214	33.7262	-1.52946	-1.93893	0.849696
3	11.7698	3.55162	-0.672097	0.678395	1.15581
3	18.0716	39.2121	-0.863643	0.397823	0.909238
3	11.424	2.56068	0.3502	-0.588934	0.895328
3	11.5274	37.5174	0.532808	-3.05166	0.92336
3	17.6404	3.69761	0.385625	-1.12489	0.976647
3	27.9427	6.11807	2.66771	0.494482	0.960469
3	27.6031	3.70132	0.174717	0.415335	1.01579
3	17.7427	0.160328	-1.24217	-1.6821	0.904588
3	14.7115	35.2488	0.954552	0.490327	0.905845
3	21.7615	8.22401	0.602785	-0.185079	1.16905
3	29.4458	3.23925	-2.14958	0.739933	1.07773
3	31.9701	34.394	1.00302	1.05398	1.05068
3	25.7186	11.3092	-0.0566748	0.228144	1.07555
3	29.4172	36.3629	-0.815371	-0.663842	0.854925
3	27.2928	37.0297	-1.04192	0.431169	0.992584
3	33.0769	0.430998	0.713412	-0.657462	0.978369
3	34.1599	7.74291	2.67648	0.813042	1.16716
3	1.07626	1.62022	-0.354741	0.311317	1.06387
3	35.2758	38.7134	-0.347121	-0.140524	0.994022
3	35.2125	9.29148	-0.689393	0.599497	0.952121
3	4.6574	6.94989	0.652973	1.99471	1.02988
3	5.86728	39.3758	-0.836532	-1.33856	0.834598
3	36.1785	38.0671	1.68185	1.1076	1.14275
3	39.6991	0.716114	-0.143338	0.321548	1.06822
3	37.6219	1.49129	0.0203317	-0.887268	1.14714
3	12.6215	8.68596	-1.45634	-1.06741	0.808892
3	36.9841	38.9858	0.432563	-0.64613	1.09979
3	34.9833	6.89222	-0.33582	0.180642	0.957236
3	6.91256	7.59488	0.0637448	-0.375898	0.945794
3	10.0961	34.6684	0.316851	-0.123349	1.13334
3	7.87065	5.80615	0.0934327	0.598702	0.96705
3	1.92479	0.504384	-0.125073	1.1739	1.02799
3	6.15518	17.0312	-0.544365	0.143456	1.00098
3	11.1065	1.62385	-1.96274	0.43572	0.924032
3	17.6377	36.8478	0.458465	-0.475709	1.12374
3	16.2481	1.90779	-0.825649	1.34516	1.04784
3	15.6301	7.44677	-0.00666342	-0.230309	0.899323
3	9.94296	4.98571	0.983852	1.43426	0.926327
3	31.7123	5.54334	-0.348218	0.582375	0.998632
3	25.6446	0.847684	0.905514	0.0216437	1.00461
3	24.7635	4.35735	-0.121156	-1.08877	1.19149
3	30.5823	39.8259	1.7855	0.229738	0.889748
3	24.5945	0.243824	0.388905	-0.413603	1.10798
3	28.868	9.12114	-0.464015	-0.888991	0.926953
3	34.2468	11.716	-0.10764	0.237902	0.987513
3	17.7575	5.91753	-0.591684	-0.369618	1.03163
3	29.6227	35.3821	-0.591964	-1.3881	1.12402
3	30.6119	8.08492	1.83926	0.710085	0.951236
3	36.6607	4.72149	0.636949	0.248113	0.953273
3	29.0833	38.6318	-0.760244	1.34716	0.989545
3	3.94144	7.92627	-0.141172	-0.963897	1.13406
3	2.58349	1.56741	1.92905	-0.0723897	1.00139
3	37.7157	7.64916	1.39524	1.71457	0.877926
3	3.42038	2.49916	-1.2813	1.06506	0.937331
3	34.3521	36.2757	-0.314551	0.917473	1.15401
3	16.5899	3.29261	-0.456999	1.20656	1.05234
3	5.8491	6.68112	-1.52646	-2.02463	0.83217
3	39.5783	3.34299	-0.221141	-1.04744	1.11106
3	5.0734	8.85435	-0.761482	-1.38764	1.07911
3	1.62936	6.60913	0.429878	-0.867463	0.980132
3	1.81533	39.0967	-0.367516	0.552068	1.17847
3	5.68574	0.8014	0.52306	-0.57557	0.968647
3	1.74136	14.5592	0.381889	0.0615922	0.910589
3	0.536539	38.7118	1.46949	-0.607239	1.2101
3	6.64581	5.31432	0.528276	-1.22267	1.02193
3	9.08831	4.56331	0.696695	-0.377392	0.908248
3	10.8992	4.58354	0.562134	1.64857	0.982876
3	10.0195	4.10535	-1.22069	1.32395	0.797761
3	13.8993	36.3957	1.8779	-0.482907	1.06506
3	16.3469	33.7639	0.846423	-1.24116	0.772408
3	20.909	7.34824	1.00348	-0.304508	0.948526
3	22.9222	37.4171	-0.444742	0.879779	0.954032
3	13.4567	0.0973886	0.654208	-0.507258	1.0871
3	27.0496	8.16642	-0.153945	0.475611	0.828045
3	22.2931	6.70345	-0.713802	0.0758369	0.966907
3	23.3178	11.5223	-1.2954	-1.34528	1.04529
3	19.9679	4.19808	1.33105	-1.38161	1.161
3	30.6455	3.69016	-0.0759491	1.52825	1.06128
3	25.8414	12.6559	-0.488606	-0.683436	0.928709
3	32.413	10.5082	0.6589	0.070171	0.966148
3	25.1638	7.54858	1.7197	1.01762	1.11228
3	36.7167	2.48668	0.738236	0.268386	1.09961
3	23.8392	7.40896	1.25024	0.494073	1.00023
3	34.0558	6.35012	2.67651	0.807914	0.939589
3	35.216	1.66627	0.059688	2.11268	1.00976
3	1.74287	5.29831	-1.31558	0.115576	0.861294
3	37.4621	9.65012	0.515912	0.0884768	1.0142
3	32.4821	8.88589	0.108968	0.874498	1.03877
3	8.78969	6.74811	0.418846	-0.527606	1.10492
3	11.584	31.3642	0.714251	-0.883364	0.890209
3	35.2934	3.16696	1.17042	0.209848	1.05727
3	0.588241	12.2467	-0.301285	0.43412	1.03069
3	11.708	5.87363	-0.449153	-0.290147	0.950758
3	4.94683	5.92277	0.981812	0.126926	1.03849
3	5.76098	7.69123	2.25858	-0.00447873	0.983774
3	4.06039	1.57412	-0.0631755	1.49622	0.904413
3	8.90579	30.8627	0.0517467	0.61402	0.875078
3	9.68353	6.08121	-2.06802	0.367133	1.04267
3	29.5864	33.7521	0.549267	1.50494	0.934138
3	11.3021	0.482375	0.651505	0.268038	1.05154
3	6.12099	32.0583	0.0170573	0.767426	1.08291
3	13.1726	38.8531	0.74899	0.286739	1.14691
3	28.5494	4.37996	0.0230645	-0.3595	1.05957
3	6.36142	1.62602	-0.401177	0.395139	0.937754
3	22.941	5.89661	-0.634214	0.805665	0.956706
3	23.6686	1.10799	-0.2681	-1.0716	1.03943
3	30.4535	6.11215	0.767001	0.0277863	1.03425
3	17.6423	37.9188	0.368028	-0.245288	0.968696
3	30.4726	36.1764	0.158966	1.08394	0.976431
3	28.7946	1.42649	1.94132	-0.0366603	0.969879
3	25.5013	38.3909	-0.39167	0.653919	1.0033
3	25.3012	2.84364	-0.0194171	0.788123	0.988273
3	23.6795	8.40955	0.797207	0.207526	0.90043
3	30.3542	37.6471	1.59351	0.783243	1.08115
3	29.5239	7.47263	-0.82996	-0.177919	1.10996
3	33.3516	8.39308	2.75385	-0.0268426	0.921734
3	27.6953	38.047	1.84303	-0.827494	1.00798
3	25.1604	27.2013	0.470536	0.488743	0.862318
3	18.1265	7.88188	0.518114	-0.904682	0.970769
3	33.3576	5.37423	0.283334	0.505914	0.891255
3	5.62172	37.9091	-0.812304	1.85584	1.10178
3	39.1357	8.41497	0.34342	1.01576	0.849497
3	39.8726	9.24628	-0.452547	-0.333427	0.964389
3	0.280494	8.01075	-1.73054	0.0279146	1.10296
3	8.4167	10.005	-1.40231	0.843505	1.24608
3	5.63635	5.04377	0.891453	0.273789	0.894324
3	6.11025	4.09964	-0.124547	0.267966	1.04002
3	39.0528	7.35461	0.189115	-2.34756	1.05541
3	1.20923	4.52676	1.40993	0.657448	1.00049
3	17.4894	1.29537	0.591887	-1.82444	1.04691
3	13.8457	6.3174	-0.155884	-0.493147	1.02162
3	18.1912	4.89208	-0.00399388	-0.0147652	0.944313
3	4.64448	4.53726	0.970015	0.670784	0.894753
3	12.9595	15.6771	-0.930109	-0.894713	1.00366
3	19.3634	14.2004	0.591006	0.0709677	0.999687
3	16.2576	8.49553	-0.635358	-0.704015	1.02454
3	5.01011	39.8287	0.293097	0.393444	0.92108
3	17.1232	6.84723	0.665955	0.0416487	0.986509
3	14.781	1.30138	-0.0187539	0.503681	0.912131
3	23.4509	10.3971	-0.339485	-1.61962	0.968554
3	25.8712	9.6131	1.67051	0.125759	1.0591
3	22.7271	2.64439	0.0562473	-0.618964	1.07249
3	31.1403	20.9904	0.10969	-0.595809	0.926529
3	38.3094	12.0859	0.804219	0.230457	0.868034
3	32.9208	7.35609	-1.42036	-0.700114	0.960466
3	24.2942	12.4422	2.01168	0.272575	1.13284
3	32.7089	6.13411	-0.884686	-0.107471	1.16335
3	24.9218	14.5295	0.0529864	-0.0721637	0.833039
3	35.4175	12.6304	0.571052	1.40929	0.759895
3	32.5144	38.1397	2.24768	0.0532046	1.16971
3	28.4442	37.0062	-0.651485	-0.16063	1.12323
3	29.6197	12.7496	-0.888505	-0.772073	1.02474
3	37.3074	5.6539	-1.28487	0.86997	1.02669
3	33.8902	9.78172	1.59953	-0.203427	1.14343
3	36.0136	5.53928	-1.2066	-0.508144	1.08101
3	39.5844	12.4178	-0.587399	1.13236	0.800965
3	39.1866	10.1202	-1.77756	-0.782755	1.10481
3	33.4791	16.2783	-0.822552	-0.263691	1.05833
3	9.22792	11.3226	0.137843	0.190347	0.922586
3	16.819	4.48409	0.139782	-0.55276	1.08892
3	12.6999	11.6524	0.627653	-0.577014	1.0121
3	3.42506	4.73756	0.691577	-0.141931	0.92865
3	13.7051	34.7717	-0.23002	0.411094	0.94102
3	1.46485	15.6051	0.466349	-0.155761	1.15832
3	9.23447	38.5407	-0.898119	-0.263766	1.08352
3	5.13812	3.6528	-1.97205	-0.285446	0.819986
3	10.0692	0.79225	0.37275	-0.291353	1.10243
3	21.2223	3.82402	0.154998	-0.690176	0.916297
3	23.341	4.13071	0.487982	0.230954	0.998895
3	12.0759	4.76204	0.416801	0.502812	1.06713
3	24.6766	1.67907	0.281673	0.199506	1.14424
3	14.9562	8.21059	-0.115706	-1.69305	1.15085
3	21.684	10.0073	0.676563	0.423183	1.09502
3	28.845	13.5786	0.887573	0.376196	0.959073
3	20.1041	6.49942	0.218123	0.000513135	1.03552
3	26.0515	6.41807	-0.443171	0.00476324	1.1048
3	24.2588	3.27914	0.316328	0.192927	1.02167
3	17.2078	11.7388	-0.674725	-1.13621	1.02129
3	25.0412	5.60048	-0.40925	-1.80038	1.0764
3	28.2817	7.459	-0.688069	0.480947	1.06753
3	39.3198	16.1729	0.44325	-0.366013	0.819467
3	31.7767	12.9144	0.708506	0.071982	0.909768
3	2.65601	6.90497	-0.109032	-1.22147	0.946268
3	31.8608	3.90279	-0.436474	-0.180204	1.04509
3	35.0673	14.3754	0.84152	-0.101984	1.06482
3	28.1015	14.4618	-1.45641	-1.57833	0.954411
3	38.2187	8.44529	-1.18116	-0.0496713	0.909098
3	37.4782	6.68914	-0.801918	0.0990443	1.10945
3	34.8389	10.7627	1.02487	0.468576	1.04822
3	33.9353	12.5089	0.0971535	-0.595946	0.787519
3	0.475156	6.86152	-0.218622	1.59341	1.18516
3	4.58841	11.5223	0.0635979	-1.70887	0.835288
3	10.9294	6.36766	-0.933591	1.66292	0.925506
3	1.50643	8.97327	0.515335	0.006375	1.01144
3	16.8571	13.5682	0.385098	-0.0332314	0.673106
3	10.361	2.94613	-0.26143	0.560044	0.954705
3	23.6842	2.12168	-0.167081	0.178627	0.911092
3	11.7606	8.40177	-1.87156	0.00022769	0.912556
3	16.0661	6.2143	-0.925059	0.337837	1.11182
3	9.63768	1.82746	0.0634675	-0.362862	1.03823
3	8.15445	36.2872	-0.475451	0.362313	1.06344
3	18.6965	1.61352	0.106592	-0.263768	1.02967
3	20.546	2.87448	2.01517	-0.731567	0.98664
3	15.3745	38.8417	-0.473509	-1.18167	1.01285
3	23.9718	38.0662	-1.39108	-0.823763	1.14892
3	18.9552	6.9585	-1.06823	0.640247	1.04911
3	17.9596	17.4835	0.58973	1.19516	1.0118
3	30.1963	11.3228	-0.812488	-0.1813	0.868632
3	20.1161	15.1728	-0.875187	-1.78754	1.11363
3	31.848	7.91467	0.939517	1.31524	1.00124
3	34.0532	4.72626	0.89855	0.490851	0.903026
3	26.101	8.3022	0.692445	0.388811	0.92553
3	35.528	11.7669	2.09077	0.306572	0.903086
3	34.8154	5.6867	1.10013	-1.09118	1.00988
3	2.90762	38.4274	-1.62303	0.152399	1.08114
3	36.4844	12.3282	0.341444	-0.077619	0.922249
3	32.0823	11.8646	0.220155	0.800393	1.03284
3	34.3654	8.83315	-0.604745	0.368669	0.762293
3	34.2668	15.2314	-1.10087	-0.241404	0.985325
3	35.4758	4.58016	0.311601	-1.48137	1.14603
3	8.7204	37.5461	1.3206	0.0515727	0.998413
3	3.39256	24.5268	-0.146922	-0.435925	0.760413
3	32.2181	17.8269	-0.212829	0.0566957	1.01886
3	4.00178	5.56256	1.08901	0.763865	1.03306
3	9.0037	15.5426	0.855669	0.0743569	1.19345
3	11.5553	15.2642	-0.84533	-0.325476	0.845594
3	10.3925	7.3983	-0.222221	-1.35799	1.15656
3	13.0958	3.9764	1.79887	0.244452	1.02494
3	9.03823	7.76692	0.402317	1.03849	0.919059
3	9.21404	12.3974	0.751152	-0.41654	0.997357
3	6.9491	8.63143	0.439462	1.44941	1.11297
3	14.8119	13.9823	-2.59622	1.34553	0.997899
3	13.5741	7.88438	1.28585	1.99133	1.16777
3	15.3173	3.70853	0.24602	0.643666	1.12769
3	15.2166	9.2141	0.0077224	0.851192	0.946353
3	12.8802	6.26551	1.20853	0.298014	0.795489
3	15.4909	0.207293	-0.191463	0.0756991	1.07558
3	21.6578	2.76561	-1.22122	-0.104914	1.01272
3	24.0409	6.23185	-0.975969	1.85296	1.04431
3	23.6318	13.3383	-0.874936	0.472154	0.956197
3	20.9286	9.06899	-2.12597	0.41672	0.887342
3	26.9952	9.12289	1.23233	-0.409728	1.03889
3	29.287	11.7111	1.07768	-0.708233	0.941107
3	22.7491	17.0202	-1.17813	0.900672	1.01289
3	35.3938	8.10358	0.275444	0.148394	1.05199
3	31.8869	15.6023	0.0339977	-0.700003	1.01602
3	24.129	9.346	1.31998	0.278707	0.948893
3	17.395	16.4761	-0.429077	-0.937616	1.02732
3	30.5061	13.4451	-0.545708	2.4469	1.10272
3	35.2579	17.4428	0.155345	-0.0809924	1.07192
3	34.1663	13.5279	-0.0642168	-1.05438	1.04503
3	0.280555	16.7363	0.842817	0.0127411	1.08444
3	36.2703	6.82532	0.119729	0.590339	1.14986
3	0.0881716	13.3813	-0.280723	-0.456671	1.04132
3	1.99826	18.9063	-0.585291	0.765607	0.88976
3	3.43395	0.595109	1.75565	0.162994	0.871631
3	8.05239	18.6759	-1.95863	0.354671	0.886968
3	36.5623	14.7775	0.0476208	1.85076	1.14447
3	37.8765	17.9657	-0.750543	-0.632432	0.881165
3	11.2881	14.0508	-0.0769185	0.464745	1.05497
3	9.77095	10.0101	0.146364	0.153919	1.05417
3	38.0425	10.9166	-0.70071	-0.814364	1.23637
3	11.9536	9.46555	0.238676	0.94436	1.05645
3	15.2027	2.56247	-0.866345	-1.25374	1.00559
3	18.0335	10.7342	1.20469	-0.906483	1.00416
3	17.2545	8.97116	-0.389539	-1.2761	1.03635
3	15.4057	5.14967	-0.521058	0.167272	0.900822
3	17.3403	9.91573	1.56645	-0.389957	0.851813
3	18.684	8.82465	-1.99231	-0.726054	0.941289
3	26.52	4.09265	1.81761	-0.731722	0.988242
3	22.3849	15.7833	0.133425	-0.446173	0.929338
3	20.3903	10.3411	-0.540333	-1.02506	0.825775
3	23.7153	5.13392	0.257956	1.54518	1.06464
3	15.218	19.3253	0.45755	1.38349	0.849349
3	19.7278	9.52811	0.705643	2.22015	1.02638
3	24.6201	13.5967	1.14177	-0.875627	0.931546
3	25.0997	10.3057	-1.18916	-1.0136	0.966834
3	33.5946	10.8594	0.892656	-1.27678	0.967442
3	13.7534	19.0131	-1.79736	0.493951	1.02745
3	36.6331	8.58432	0.304925	-0.89563	1.09178
3	29.1108	18.2072	-2.41494	0.704231	0.931271
3	24.4235	11.1172	0.117594	0.776805	1.01681
3	39.8616	17.7711	0.822848	0.822311	1.02293
3	33.2126	18.6096	0.454615	0.182787	1.06715
3	32.2528	16.6297	2.61565	1.50399	1.14209
3	29.0491	15.063	-1.13382	-0.0731822	1.09635
3	28.3436	10.8464	1.02383	0.0748588	0.962484
3	0.503644	11.0784	-0.356307	0.903205	1.04991
3	7.03022	6.58131	0.486582	-0.38985	0.962727
3	1.23476	13.698	0.669551	-0.423892	0.92501
3	2.78058	12.4681	-2.05963	-0.563458	0.918988
3	3.62193	9.96129	1.44353	0.819333	1.03274
3	13.2872	13.5871	0.306764	-1.10289	1.00286
3	2.6538	22.8211	-0.853066	0.181	0.740997
3	11.748	7.16394	-1.33676	-0.911321	1.08731
3	13.2875	5.18482	-1.29803	0.290234	0.975299
3	7.95378	12.2692	-0.858197	1.56249	0.958491
3	22.7969	7.76934	-0.517422	1.44795	0.973967
3	20.9289	0.464663	0.698624	0.801985	1.03814
3	16.7269	0.279319	0.716519	-1.60555	1.06302
3	8.54915	8.70394	-0.861221	0.465075	0.97514
3	21.4774	12.5156	0.306519	1.13002	0.868623
3	21.0838	10.9211	0.556233	-0.00817668	0.801815
3	27.8659	9.91781	-0.676929	-1.6762	1.12179
3	30.2325	9.3278	0.127751	0.362796	1.01218
3	20.7525	16.1477	0.894312	0.366799	0.91505
3	27.0631	12.4181	-2.73671	-0.27068	1.16069
3	29.1184	10.1111	2.21522	0.80438	1.06095
3	19.9906	23.6919	0.148184	-1.29436	1.00343
3	31.0181	12.181	-0.138176	1.43193	0.857313
3	28.6347	12.6519	-0.890287	0.42767	0.944168
3	33.3683	25.8504	-1.50329	-0.460899	0.847043
3	38.4482	4.87141	-0.909995	0.671961	1.05344
3	20.3474	22.104	-1.082	-0.0558754	1.03559
3	25.8187	13.9202	-1.06633	-0.754989	1.01471
3	18.4918	20.7355	-0.388903	1.63521	1.09554
3	31.35	8.9202	0.466597	0.515214	0.984209
3	30.7714	14.5778	-0.352836	0.397828	1.13311
3	32.9434	15.2157	1.375	-1.24079	1.04724
3	36.2893	9.53563	0.450622	-0.629228	0.89063
3	33.1088	13.1742	0.186852	0.600962	1.02345
3	39.4724	11.4167	0.761799	1.6283	0.944736
3	10.2808	11.8195	0.991428	0.455317	0.868835
3	1.0705	24.2922	0.0612813	1.26181	1.02386
3	5.51351	11.0827	0.677232	-0.628971	0.937678
3	5.58721	13.3412	-0.106274	0.310798	1.05503
3	13.992	9.06397	-1.15726	-1.27636	1.10561
3	1.54595	7.68169	-1.75438	-0.0880585	1.09762
3	21.7962	16.6051	-0.493094	0.864737	1.06175
3	10.7502	8.94465	1.81352	-0.308662	1.19522
3	17.9453	2.51034	-1.76595	1.8893	1.03169
3	16.1561	12.3889	-0.645784	-0.303162	1.04318
3	18.7622	3.53988	0.254446	0.348125	0.918605
3	22.8004	9.50048	0.807907	0.846439	1.08889
3	21.6332	17.942	-0.549042	1.11823	1.07294
3	19.467	12.3161	0.207548	0.629225	1.13561
3	14.7418	20.3014	0.270601	-0.493484	1.09488
3	14.608	7.0686	0.622718	1.09152	1.01055
3	20.3557	11.5812	-0.702644	0.489226	0.915896
3	21.7318	13.4904	-0.714411	0.249107	0.929554
3	23.3474	18.0957	0.53459	1.25078	0.955324
3	19.581	10.7885	1.25767	-0.363081	1.00405
3	18.1777	12.1517	1.10576	0.759791	1.01627
3	27.3914	5.01757	0.95703	0.161506	1.04402
3	30.2498	0.796815	0.316202	0.401045	0.978351
3	22.4081	14.4808	0.492016	-1.49397	1.1435
3	37.5215	18.8358	-0.904805	1.90469	0.902288
3	32.4577	14.1807	0.855043	-0.365175	0.94688
3	32.5676	26.6554	0.116193	0.52172	0.956562
3	38.4896	13.1144	-0.255863	-1.42524	1.01331
3	0.467926	10.0438	0.694609	-0.749048	0.838978
3	1.55425	12.5806	0.0193032	0.40948	0.986992
3	13.9415	11.5317	-1.94431	-0.143883	1.08988
3	1.22935	23.2446	-0.30399	0.776373	1.0452
3	39.09	6.08284	-0.72793	-0.469116	1.03366
3	4.2926	16.3737	-0.213478	0.521266	0.978294
3	2.81843	5.73934	0.931132	0.464186	0.855219
3	9.79659	23.8928	0.00444602	-0.611654	0.977043
3	12.8012	12.598	0.750403	0.520938	0.90702
3	3.75095	17.1884	1.53903	0.18011	0.940533
3	15.1784	17.6855	1.17543	0.407427	0.926766
3	39.1716	22.3659	-0.531159	0.743995	1.03652
3	11.1729	9.98652	-0.790599	0.0134534	0.894836
3	11.3043	20.787	-1.13355	-0.282578	1.05904
3	18.8752	19.2221	0.00372422	0.233843	0.935742
3	15.0864	11.8547	-0.199789	1.22928	1.13504
3	9.71569	17.8477	-0.616994	0.0829875	1.1254
3	19.8691	7.96376	-0.97774	-0.0744469	0.99045
3	13.354	9.96554	-1.16887	-1.7121	1.08772
3	16.1899	14.5879	0.529838	-1.65249	1.02303
3	21.4595	15.1716	0.50397	2.27242	1.0591
3	16.6146	20.8873	0.527568	-0.505182	1.03903
3	20.9665	23.9711	0.1129	-0.933509	0.900031
3	27.0208	15.8848	1.48543	1.60706	0.813238
3	27.1875	11.0422	-0.264677	0.571929	1.16658
3	28.0104	8.55103	2.55746	0.0688781	1.00623
3	29.406	20.004	0.174275	-0.734717	1.06807
3	30.1186	17.573	0.038803	-0.192626	1.11145
3	27.1493	7.07728	1.44036	0.429081	1.24022
3	29.9174	18.8711	-0.216592	1.00444	0.938252
3	35.3739	23.3426	0.115101	0.566829	0.85336
3	36.3906	18.3744	0.0610633	0.776137	0.969076
3	31.2129	10.9189	1.45843	0.00625668	0.990007
3	29.6173	14.0951	-0.462514	0.7645	0.941548
3	39.0768	25.4199	-0.0034207	-0.206199	1.05686
3	35.4549	15.2769	-0.256378	-0.313906	0.982775
3	6.93827	16.2206	-0.45057	-1.06769	0.933066
3	4.7138	14.146	-0.149112	-0.608673	0.929152
3	9.77504	21.1979	-0.362353	0.411638	1.01498
3	18.2741	14.9156	0.065325	0.0977228	0.955528
3	3.21779	8.83097	-1.25953	0.126031	0.960927
3	2.94566	19.8772	-1.04379	-0.350804	0.934051
3	7.42701	24.4716	-0.269215	0.648034	1.20842
3	1.68238	10.1837	0.575326	-0.869707	1.1588
3	13.6094	27.2467	0.979084	0.688715	1.08392
3	14.2926	12.7835	-1.74365	0.0779853	1.18565
3	11.4888	19.741	-0.725939	-0.383502	0.940922
3	6.75076	11.0511	-0.385186	-1.24403	1.11355
3	16.0069	13.4158	-1.13204	2.40573	0.965002
3	19.1314	15.1823	0.0230015	0.81294	0.8697
3	15.3959	15.3155	-0.30597	0.979591	1.04
3	9.88347	13.9639	1.92476	2.16677	1.00709
3	16.2797	16.157	-0.352234	-0.320274	0.998425
3	17.221	14.4935	-0.351698	-0.923785	0.841373
3	26.1801	15.1804	0.543627	0.474322	1.20383
3	12.5602	20.1613	0.19373	-0.421648	1.14444
3	25.295	19.6004	-2.32135	-0.513083	1.08821
3	23.7581	14.6099	0.259152	-2.19074	0.995824
3	30.8589	15.901	0.664527	-0.896409	0.991229
3	29.9946	28.0675	-0.975367	0.745357	0.94135
3	26.3226	19.8321	-0.240054	-1.90167	0.847731
3	21.4508	21.7849	1.337	0.602626	1.0312
3	27.0739	20.5324	0.236842	0.293825	1.05868
3	22.4314	22.2486	-0.199205	0.242709	1.05182
3	35.9972	13.6519	-0.201501	-0.273119	1.02989
3	31.515	13.8273	0.484918	0.826502	0.846784
3	28.6888	19	0.495857	0.516294	0.841041
3	30.9838	19.4276	0.496902	0.300496	0.971308
3	9.46327	16.7047	0.717758	-0.118549	1.06054
3	0.467758	14.478	0.44767	-1.8774	1.12303
3	7.1965	13.1232	0.883104	-0.507037	0.804941
3	4.58072	27.3237	1.19236	0.443176	1.13072
3	3.67669	11.2391	-0.491191	-1.73059	0.918083
3	5.73971	27.9093	-0.649274	-1.63941	1.08595
3	39.8225	21.5416	-2.00804	-1.14502	1.08921
3	7.7069	21.0759	0.397245	0.877261	0.936757
3	18.4419	13.5276	-0.290005	0.17383	1.04198
3	10.5492	15.0486	-0.164413	-0.0176809	0.93557
3	3.8438	21.1944	-0.472068	-0.261564	0.915052
3	14.7188	21.6337	-0.267437	-1.00772	1.06008
3	9.40391	19.5535	0.229752	0.688365	1.02637
3	19.5895	16.0564	0.561576	-1.75621	1.03045
3	13.9596	16.5551	1.04349	-0.033585	0.77209
3	20.5743	20.8567	-1.35604	-1.56479	1.0087
3	17.5589	19.8625	0.378373	-2.23885	0.85614
3	18.9057	28.6501	0.180778	-0.151938	0.922624
3	13.918	2.15636	-0.243912	-0.617646	1.19487
3	26.7536	14.231	0.0894994	-0.485166	0.9413
3	24.5731	18.2053	0.843831	-1.53264	1.02689
3	12.9513	23.2379	2.09613	0.59038	0.993518
3	18.4017	9.72492	0.583385	0.66102	0.978877
3	27.9722	15.6943	0.740373	2.00734	1.11033
3	30.4366	20.2977	-1.63945	-1.05102	0.892199
3	33.4409	17.5664	0.540503	-0.243035	0.969363
3	33.7293	14.3607	1.21535	-0.284486	0.895891
3	34.7745	16.3782	0.020878	0.867397	1.01983
3	17.0279	17.4475	-0.197323	0.668212	0.951229
3	26.8464	18.6392	-0.0586785	0.0114968	0.914439
3	32.946	19.7089	0.0777462	-0.397746	1.06388
3	35.5343	19.7879	-0.0328833	0.625122	1.09131
3	29.6802	16.3009	-1.62009	1.1939	1.15311
3	34.5012	18.9667	-1.0805	-0.182779	1.05816
3	6.08332	9.76722	-0.00744148	0.678181	1.20479
3	5.46699	15.9152	-0.671261	-1.70946	1.01035
3	39.182	14.0692	0.472963	0.00476148	0.908373
3	4.65846	20.2593	0.724802	0.642471	1.04845
3	11.9276	25.9093	0.582915	-0.993059	0.996292
3	8.55158	17.7208	1.15715	2.02084	1.02373
3	14.5897	10.5049	0.183508	-0.151762	1.17466
3	11.2182	12.4503	0.835753	0.0812729	1.11695
3	6.71634	23.1372	1.67064	-0.446473	1.10914
3	22.6556	20.54	0.698106	-1.43758	0.863419
3	19.4263	21.4866	0.568669	2.16889	0.843172
3	6.89465	19.3163	-0.362546	0.286394	1.10267
3	7.84312	7.62663	0.476466	-0.1147	0.931626
3	15.1679	22.7751	0.739415	0.379152	0.934155
3	24.3479	15.4078	0.482799	-1.69822	0.893692
3	22.2288	19.0494	1.22359	-0.43372	0.973185
3	2.63899	17.7641	2.00594	-0.823276	0.999162
3	10.4606	29.1118	-0.657225	-0.92586	1.03764
3	12.6703	18.6509	-1.37471	-0.756772	0.711965
3	22.0756	11.3734	-0.190042	0.341508	1.14118
3	31.4576	25.6933	1.19151	0.336671	1.05785
3	13.6036	14.5586	-1.0547	0.72394	0.831106
3	27.7347	13.5358	0.540108	-0.607581	0.888759
3	36.2322	16.2776	1.06362	1.25769	1.00896
3	24.8647	31.026	-0.955673	0.145223	0.93635
3	28.6638	16.8861	-1.80367	-0.357876	0.968958
3	33.1565	23.7075	2.4213	1.37912	1.09966
3	31.1649	23.6208	-1.15108	-1.69731	0.890092
3	34.533	21.8095	-0.322878	-1.29596	0.901392
3	38.2644	16.3902	-0.129189	0.0990221	1.00766
3	36.7758	19.5828	1.10072	-0.861575	0.967808
3	32.6904	22.545	-0.285321	-1.2801	0.977735
3	0.917282	20.873	1.32978	1.12814	0.994967
3	34.3419	25.5116	-0.688313	-0.184069	0.995407
3	1.55632	11.4993	1.02167	-0.124319	0.951372
3	36.627	26.3292	1.41124	-0.785182	1.15396
3	2.86225	14.1788	-0.273942	-1.75406	0.933548
3	1.44824	17.6812	-0.0884382	0.855979	1.12214
3	14.9363	16.508	-1.47166	0.421049	1.0442
3	8.8287	21.8977	-1.69218	-0.791057	1.02204
3	8.4175	25.4278	-0.143477	1.84889	1.10016
3	8.90244	26.6216	-0.0103326	-1.45726	0.92516
3	3.10178	31.5629	-1.60716	1.1043	1.01689
3	16.1693	9.7248	-0.645444	0.436977	0.98146
3	36.8702	17.4138	-1.45311	1.1941	1.14381
3	13.9441	17.8532	0.864682	-0.114997	1.1643
3	10.4731	24.7016	0.383935	0.360964	1.16649
3	21.0351	19.4818	-0.765887	0.901108	1.12889
3	17.6479	23.5742	0.354595	-0.375003	1.02822
3	14.1887	15.5026	-0.930525	1.59365	0.882712
3	16.462	23.0522	1.68042	0.419334	1.12953
3	23.3752	15.697	-1.73434	-0.225594	0.881478
3	16.342	18.3916	2.26539	-1.0603	0.929907
3	17.1731	15.5413	-0.859764	-0.18566	0.938823
3	19.37	5.14141	1.275	0.972662	1.12928
3	26.0533	16.4126	0.0726687	-0.661588	1.08029
3	37.6402	22.8105	1.37006	-0.394599	1.14049
3	26.4401	27.8663	-0.610321	-0.437595	1.09221
3	35.6045	27.3074	-0.547077	-1.67563	1.00816
3	27.8042	18.3763	-0.738933	-1.55944	0.884985
3	27.4723	16.8017	-0.792267	0.251631	1.04706
3	31.8259	18.8615	-1.84465	0.837588	0.856262
3	25.0189	23.4499	-0.134737	1.14419	1.07152
3	34.2852	23.934	-0.398172	-0.0167965	1.08441
3	32.6307	20.7486	-0.610421	-2.10536	0.909356
3	37.3359	13.4304	0.0756135	-0.248565	0.944952
3	39.1137	20.0583	0.979259	-0.824668	1.0482
3	1.40303	22.0235	0.765089	-2.50839	0.983681
3	3.37019	22.2148	-0.312771	-0.511522	1.18314
3	5.19481	17.6256	1.15432	0.031448	1.06702
3	4.06703	18.5499	-0.528167	0.354087	0.824006
3	10.9054	21.938	1.296	1.15085	1.15925
3	9.25478	24.7121	-1.56691	0.144806	0.983577
3	6.53739	26.674	-0.389588	-0.596598	1.06133
3	14.2443	23.3364	0.0622388	1.31107	0.917036
3	12.5156	17.4388	-1.65508	1.96888	1.135
3	8.76541	20.4362	-0.505749	0.120779	1.104
3	10.3443	20.1327	0.199815	0.173158	1.09227
3	14.5423	27.0403	-0.0512354	-1.57783	0.882439
3	19.4166	20.1482	-0.201673	0.210128	1.0202
3	19.3819	27.1186	0.831586	1.58022	1.12081
3	16.9999	21.9622	-0.643537	2.75994	1.12655
3	27.6571	19.4875	1.78926	1.08421	0.941696
3	23.7944	33.6597	-0.476792	-0.279361	1.06539
3	17.6893	18.7256	-1.54156	0.137284	0.873462
3	16.8656	24.3849	1.27171	-0.210716	0.929709
3	20.2075	30.7801	-0.257964	1.07598	0.93615
3	15.2017	23.8033	1.45857	0.947701	0.863807
3	16.3189	19.6997	-0.325165	-0.92114	1.125
3	23.9931	19.0535	1.06532	0.391999	0.832753
3	31.8608	30.7523	-0.490174	-0.53793	0.82884
3	26.4146	21.7822	-1.5456	1.25424	1.00967
3	26.2013	17.989	-0.875511	0.534607	0.912434
3	31.2337	17.0311	1.51656	-1.65825	0.897019
3	35.4579	28.5735	0.167919	-0.242829	1.12667
3	39.678	24.0341	1.5112	-0.0785396	1.08324
3	2.28912	13.3633	-2.73552	0.981218	1.03485
3	7.31057	17.4485	0.426776	0.121229	1.24276
3	37.8957	14.3011	0.223026	1.78254	1.12299
3	2.96761	15.1594	-0.10168	1.63845	0.994894
3	38.8151	15.239	1.44534	-0.200403	0.933465
3	4.75898	21.5008	-0.122146	-0.208316	0.951556
3	37.866	19.9159	-1.05237	0.788053	0.841157
3	7.87284	22.7526	-0.185523	-0.732126	0.995835
3	11.1362	23.6669	-0.0736268	-0.0115837	1.11281
3	9.4938	22.8278	0.236484	0.465243	1.01335
3	7.76477	20.0628	-1.00745	-0.480332	0.916288
3	3.00469	32.7762	-1.5655	0.388725	1.09607
3	6.65287	20.5321	-2.26128	1.75028	1.07224
3	11.802	18.3355	0.240527	-0.827537	1.07308
3	12.0722	13.2753	0.911369	-1.4261	0.958488
3	6.97778	21.9374	-0.416711	-2.52593	1.12881
3	12.5676	14.3469	-0.16112	-0.313807	1.07562
3	18.5862	22.0077	-0.417767	1.26719	1.05157
3	13.3491	21.1176	1.36367	1.19274	1.06381
3	22.5725	12.7307	1.46566	-1.50428	1.00464
3	26.0095	26.7272	-0.487283	-0.389865	1.08725
3	20.7572	26.8135	-0.244513	-0.78087	0.904988
3	23.2695	19.7449	-0.58989	-0.902754	0.985511
3	18.8781	23.2932	0.688298	1.32012	1.10688
3	29.5982	26.9422	-3.35991	0.595595	0.951703
3	28.6644	22.3008	1.34573	0.326633	0.877738
3	28.1724	29.8728	-1.47563	-0.753562	0.973233
3	30.0793	30.272	-1.08089	0.302758	0.97848
3	27.6544	22.759	-0.074417	-0.452104	0.922796
3	27.1168	25.9713	0.448361	-0.574268	1.09906
3	25.866	25.347	-0.108963	0.515637	1.05922
3	31.0383	18.1705	-0.161234	-1.30665	0.989231
3	20.6302	14.1715	2.3598	-0.987079	0.98957
3	0.182833	25.3156	-0.867264	0.364928	0.986011
3	2.41921	24.7084	1.73695	-0.746469	0.958946
3	29.5013	21.0138	-0.108315	0.375786	0.952873
3	2.76031	16.2516	1.27797	-0.301455	1.01559
3	36.958	27.3851	-0.194583	-0.375616	1.02325
3	0.158172	15.669	0.497019	-0.840283	1.07003
3	1.77202	30.2233	-1.42828	-0.671433	0.96405
3	9.81997	33.574	0.297929	2.87596	0.994874
3	13.0118	22.1254	-0.431808	0.139816	0.940905
3	35.1048	26.4183	0.19861	0.510788	0.859218
3	7.2349	25.7366	0.50237	-0.246052	1.11675
3	12.0096	16.2232	1.28603	-1.07031	1.06379
3	10.7442	25.8073	-0.598567	1.52614	1.03547
3	5.61455	20.6616	2.40509	-0.742525	0.904478
3	14.4146	24.7116	0.924332	0.84575	1.03339
3	15.625	26.3068	-0.424999	1.08943	1.00348
3	8.35247	28.9325	-0.236588	-0.492486	0.85245
3	15.7027	24.9919	-1.07646	-0.353387	0.981078
3	15.4635	34.0868	0.871755	-0.196231	1.09934
3	15.8456	21.9054	-0.896063	0.83821	0.929835
3	21.4073	27.8679	1.30032	0.674449	0.973805
3	30.6582	25.0867	0.730579	0.588857	0.787326
3	15.2663	28.8057	-0.0686335	2.89365	0.915032
3	11.2701	17.3036	1.93304	-1.20452	1.02309
3	38.8665	23.3972	-0.426808	0.626962	0.985308
3	24.8826	20.851	-1.43138	0.330286	0.882345
3	23.6887	22.1518	0.37544	2.04067	1.06327
3	38.4041	21.3696	1.11468	-0.587206	1.12307
3	23.8058	32.1677	-0.213835	0.633894	1.05406
3	27.4961	21.5554	-0.441637	0.322361	1.01469
3	31.5501	22.5407	0.207796	0.901032	0.887268
3	28.1418	24.6771	-0.882146	0.279768	1.10091
3	36.5382	35.7873	0.239102	-0.233738	0.827478
3	23.3837	29.8331	1.5577	0.599639	1.05527
3	34.6045	20.8014	-1.80984	-0.226619	1.17781
3	0.655314	18.8306	-0.186887	0.43165	1.04039
3	8.37588	34.6768	0.0434337	0.92651	1.02947
3	4.68585	26.0886	2.40597	-1.66268	0.839922
3	2.75948	21.1819	-1.27997	0.538528	1.06345
3	13.5516	24.0909	-0.359262	0.091257	0.998966
3	5.63294	22.2933	1.21483	1.06666	1.11453
3	5.33952	23.47	-0.455879	-1.4724	1.07335
3	17.3011	12.7865	0.0675353	-1.26293	0.907825
3	7.28695	32.1765	0.656871	0.574878	1.20963
3	18.8861	31.0329	0.214996	0.918281	1.06437
3	4.77693	28.9071	0.312659	-1.87772	1.07832
3	13.1627	25.8692	-0.113521	-0.256926	1.07419
3	13.636	30.731	-0.0114036	-0.524928	1.02344
3	21.787	28.9663	-0.109597	-0.123359	1.07691
3	22.31	24.0754	1.28209	-1.44819	1.01678
3	21.1108	30.2797	-1.85208	-0.0768787	0.657501
3	8.43636	27.7111	-0.351696	-0.125327	1.17889
3	11.787	24.8023	-2.32992	0.378396	1.09755
3	24.7465	22.3792	-0.628981	-0.0062017	0.987402
3	26.0044	20.76	-2.37755	-0.826898	0.922283
3	20.4834	28.8554	-1.0118	-0.548547	0.935093
3	22.3376	29.983	0.751903	-0.461641	1.01199
3	18.7797	26.0909	-0.75538	0.459499	1.00627
3	23.9467	26.954	0.341632	-0.173969	0.956657
3	32.5401	31.5208	-0.190332	0.624043	1.01182
3	29.6679	23.1565	0.111583	-0.376626	0.968304
3	0.948165	28.5998	0.224499	1.04041	1.00962
3	22.9516	27.6161	-0.566725	-1.56608	1.17263
3	26.1072	22.8296	0.310573	0.611763	1.21871
3	32.094	21.7193	0.858435	2.33857	0.930227
3	6.46471	35.6744	0.465334	-0.0849839	0.991463
3	38.172	32.6368	0.299405	-0.788705	0.944261
3	2.29565	23.6493	0.891524	0.753838	1.01251
3	2.54061	25.7263	-0.284919	-0.139088	1.04949
3	31.2447	26.7499	0.696705	-0.589013	0.898944
3	30.1911	24.1988	0.848207	0.0232284	0.876482
3	31.7069	20.2413	-1.94782	0.833257	0.887543
3	7.39284	14.173	0.915566	0.401465	0.897621
3	3.4038	26.6031	-0.443438	-1.24296	1.17575
3	6.17869	18.1995	-1.58851	-1.79299	0.856095
3	2.1039	36.2536	0.471989	-0.276303	0.962523
3	9.07624	29.8492	0.896309	-0.0528745	0.906882
3	4.27659	32.918	-0.235123	1.00197	1.04984
3	4.58013	31.3701	0.277915	1.07113	1.38703
3	2.09987	31.1285	1.16819	-0.086313	0.875627
3	6.16824	33.6444	-0.328975	1.71325	0.970964
3	19.555	24.8502	-0.242482	0.621301	1.13538
3	10.2812	30.1705	2.07693	0.684882	0.906234
3	10.5564	16.3942	0.0161777	-1.97152	0.96867
3	22.7712	26.3865	0.210548	0.0545249	1.05423
3	25.2731	33.8713	0.540208	-0.751122	1.07609
3	14.3824	28.2591	-0.557859	0.4335	1.0294
3	19.8438	25.9756	1.7649	0.291698	1.08023
3	17.765	30.7735	-1.96536	0.487797	1.02093
3	23.7522	25.5199	0.67438	-1.34163	1.21767
3	24.8861	24.6269	-2.09806	0.250562	1.09072
3	25.4321	28.4695	-0.483486	-1.14572	1.0895
3	32.1189	28.0383	0.985749	-0.644312	0.995604
3	1.7012	26.6622	2.41426	-0.0322315	1.05881
3	15.9752	17.1153	-0.804169	-0.0466968	0.916603
3	33.5522	21.5599	0.0965286	1.04293	0.970595
3	0.353572	19.9446	-0.799716	-0.428062	0.902984
3	0.331687	30.131	-0.0767303	-0.812338	0.988791
3	27.6094	29.0461	0.809304	-0.889632	1.03647
3	38.9966	35.2375	-1.48911	-0.570428	1.05155
3	1.41079	25.4374	-1.39138	-0.553072	0.9909
3	28.8386	28.4583	0.585262	-0.182674	0.949671
3	3.61413	27.9588	-1.22669	-0.112679	0.954312
3	36.2772	22.7681	0.141412	-0.410784	0.946967
3	1.17483	35.6976	-0.529944	-0.445925	1.02262
3	2.82287	39.6708	0.127618	0.550289	0.90491
3	8.64135	33.5205	-0.602646	-1.72156	1.02804
3	34.2722	29.7899	-0.845255	-0.0343303	0.909534
3	12.662	37.3582	-0.452338	1.15989	1.17336
3	12.0597	22.6466	-0.727729	-0.586927	1.07297
3	7.26481	27.8906	0.500173	0.112177	1.03892
3	23.3368	34.6979	-1.41779	1.08918	1.02168
3	5.45112	18.8758	0.290329	0.234497	0.877559
3	18.1252	24.8245	1.48777	0.906582	1.10314
3	12.6135	30.7085	0.0474532	0.485206	0.953048
3	26.4147	30.1371	-2.45617	-0.681861	1.11905
3	20.5738	33.8847	-0.509749	0.878786	0.948019
3	19.2293	29.6028	-0.857401	0.850726	0.953359
3	27.8516	32.7392	-1.02813	-0.00860318	0.881806
3	20.619	32.8577	1.81969	1.86414	0.958569
3	24.7414	32.7148	1.07457	-0.227094	0.868608
3	18.0608	32.6931	0.77584	-0.380053	1.03496
3	16.5499	29.2312	0.938991	-0.838184	0.848648
3	27.2558	31.1691	-0.955128	0.699729	0.90867
3	29.2426	31.6484	0.291182	-0.0870583	0.978004
3	28.1893	33.72	-0.174916	0.0335726	0.972369
3	30.7791	28.7993	0.524252	-0.294729	1.04646
3	35.8577	21.4579	-0.671662	0.819638	1.03183
3	31.9986	29.27	-1.48921	0.236492	1.13415
3	3.49756	25.4415	2.73865	0.180341	0.967244
3	38.8248	18.4222	-0.133827	0.141167	0.95787
3	37.5471	28.8188	0.502436	-1.48107	0.683338
3	35.4837	32.7227	0.333036	-0.652242	0.917518
3	39.5512	32.7352	-1.14625	0.383063	1.07866
3	2.68403	27.4557	-0.730155	-0.0414415	0.912687
3	38.4007	37.3234	-0.00785469	0.828544	1.01274
3	34.0716	26.7251	-1.17602	-0.12674	1.23003
3	7.11719	34.6132	-0.583928	-0.943437	0.984129
3	0.746594	27.2809	0.338033	0.437488	1.08388
3	38.7806	1.35399	2.29104	-0.721336	1.08099
3	2.79777	37.1706	0.506208	0.832836	1.03715
3	2.69884	29.9824	-0.300326	-1.38756	0.977865
3	15.4026	27.4928	1.07769	1.23682	0.939672
3	16.5816	25.6993	-1.8275	-1.14616	1.05864
3	5.98575	25.7079	-0.192546	1.09116	0.936801
3	16.9519	32.8638	-0.814414	-0.548646	1.00744
3	20.6172	25.0965	1.319	-1.34235	1.14662
3	12.1418	27.616	0.303021	-1.19144	1.0112
3	19.3585	35.5415	-1.75323	-0.370782	1.03869
3	16.4178	36.4345	-0.946344	0.347409	1.16802
3	24.4636	27.9549	0.368645	-1.10596	0.935849
3	22.4121	38.8031	0.257306	-0.870115	1.0979
3	18.3638	34.581	-1.2024	0.157739	0.957758
3	23.2629	35.8606	-0.0764354	-0.463627	0.754984
3	17.8392	35.7056	-1.19559	-0.72688	1.01529
3	22.1916	39.9234	0.187608	0.434176	0.954975
3	24.2738	19.9546	1.13167	-1.20553	0.92256
3	28.92	32.865	0.509155	-1.03965	1.07079
3	33.1599	27.6433	0.770173	1.23158	0.986661
3	33.0405	28.6495	-1.13551	-0.663946	1.00487
3	37.2737	37.741	-0.813389	-0.534601	1.13105
3	39.5203	37.2159	-0.687069	0.103028	0.897915
3	33.8034	22.6993	1.81361	0.0012237	0.970593
3	35.5016	24.4176	-0.0990105	1.13807	1.13756
3	38.0248	25.3984	0.136626	1.44134	0.978948
3	1.14388	29.5032	0.161226	0.415233	0.812844
3	31.3976	24.5489	-0.0163478	1.98044	0.902719
3	32.8048	29.8581	-0.562205	0.618234	0.852532
3	6.17168	30.88	0.91168	1.47902	0.942445
3	4.12572	23.6727	-1.64938	-0.769803	1.06955
3	0.652922	32.1159	-0.0912874	-0.760796	0.972498
3	4.97687	24.858	0.521293	0.475973	1.04494
3	36.4465	36.8672	0.730621	1.02804	0.914691
3	39.6208	26.4617	0.0479782	0.692571	0.932613
3	8.47702	23.7427	-0.656573	0.462295	1.05664
3	14.3428	37.9843	0.224423	0.16056	0.955718
3	10.3137	31.278	0.256962	0.106802	1.03439
3	9.97183	27.982	0.733172	0.956133	1.10849
3	17.4509	26.7478	0.414165	-2.45289	0.949986
3	18.9313	18.0352	0.0426178	0.0222793	0.890232
3	15.9476	32.9926	-1.43638	0.814866	0.867628
3	9.51867	25.7722	0.594186	-0.928926	0.978675
3	18.8279	36.7416	1.65356	-0.913357	1.026
3	27.7409	0.59463	1.6446	1.84369	1.08337
3	25.9133	35.0325	-0.224492	1.40291	1.08619
3	22.4555	35.3358	0.11982	0.661763	1.0097
3	21.6202	31.0684	-0.161811	-0.0529494	1.17454
3	31.1043	30.0016	-0.999624	0.0171755	1.0171
3	13.7579	29.49	-0.117941	-1.81489	0.964068
3	21.7207	25.1052	2.58971	-0.658863	0.898918
3	27.7805	28.0817	-1.78742	0.590816	0.918085
3	21.6283	32.2209	-0.326929	1.13009	0.946318
3	30.3589	22.3838	0.437895	0.389492	1.11065
3	34.5651	0.520537	-0.835717	1.56377	1.05132
3	38.3887	26.8969	-0.102284	-0.667456	1.07754
3	36.8448	24.2291	-0.701675	-1.34183	1.0575
3	36.6408	30.9452	0.589989	0.560374	1.03775
3	35.8332	25.605	0.799479	0.311722	0.935274
3	21.489	22.9849	-0.636968	0.831059	1.14903
3	38.6406	30.9009	0.504875	-0.290728	0.875744
3	36.3015	33.1801	-1.45056	-0.557954	0.980216
3	5.95496	28.9804	0.860918	-0.397706	0.997946
3	3.32375	34.9779	1.23747	1.05387	0.956637
3	3.35227	29.1402	-0.291975	0.416288	0.85566
3	9.01658	39.6007	1.27819	0.239183	0.83691
3	9.54842	36.8584	-0.578615	-0.851728	1.00107
3	6.19036	24.1765	-0.152478	-0.315465	1.0346
3	3.00796	3.6042	1.14695	1.26881	1.02166
3	8.26507	2.49716	-0.729119	0.922926	0.92723
3	10.4583	18.9054	-1.04804	-0.00137149	1.07261
3	18.3003	27.5933	1.21155	-0.284484	1.13526
3	11.515	35.378	-0.0114595	1.31335	1.02498
3	13.9055	3.31204	0.740562	1.7777	0.957029
3	15.5974	29.7314	-0.771396	-0.181944	1.08983
3	10.8256	32.982	-0.858963	0.830164	1.02311
3	14.3576	39.2938	1.66406	-0.288512	1.00183
3	11.4068	28.655	-0.606996	-0.217286	1.0354
3	15.387	31.7125	-0.869663	-0.939828	1.08902
3	27.4179	27.1403	-0.415405	0.274737	1.06525
3	20.2092	38.8322	-0.202002	0.60471	0.943208
3	17.6083	25.8486	-0.450218	0.918019	0.856898
3	0.0968932	29.0704	0.454112	-0.167191	0.861361
3	26.2262	23.9644	-0.0160743	0.468696	1.00661
3	25.0207	26.1416	-0.145934	0.219954	0.949876
3	22.4822	36.5211	-0.538374	1.68442	0.905565
3	36.0827	31.9401	0.394024	-1.15755	0.974634
3	32.94	4.30435	1.03152	0.710195	1.06793
3	33.5619	37.2737	0.107509	1.56569	0.970194
3	38.3581	39.9662	-1.35137	-1.66741	0.986903
3	29.2723	25.2769	-0.110665	0.66407	1.09479
3	28.3752	20.8671	1.87755	-0.845403	1.06057
3	36.4574	0.380002	-1.5094	1.10455	0.875089
3	39.749	31.3194	-1.19222	-0.750893	1.20433
3	34.1712	31.0028	-0.980638	0.00454831	1.09896
3	4.42059	22.5566	-0.606112	-0.596799	0.971233
3	2.16199	28.8507	-0.814096	-0.736367	0.995458
3	5.07526	33.9781	-2.09977	0.424976	0.908455
3	3.87639	38.1484	-1.21396	0.221882	0.897644
3	10.6932	36.2061	-1.4688	-1.04725	1.06273
3	12.1089	33.7897	1.92059	0.214047	1.18546
3	1.85773	37.9137	0.519086	-1.87873	1.01109
3	5.3785	35.8108	1.14771	1.06365	1.04744
3	20.302	27.8234	-0.538003	-0.973522	0.962787
3	1.36841	33.1507	-1.04114	2.06108	1.13878
3	19.5786	32.1254	-0.558044	0.750654	1.0573
3	12.7312	28.6797	0.322254	1.08846	1.07618
3	14.2488	26.0417	0.682049	-0.114815	1.00509
3	12.9396	32.5028	0.832475	0.654271	0.887721
3	19.1714	39.1031	-0.832254	0.237361	0.920194
3	20.0513	36.4696	0.398313	-0.5026	1.11929
3	27.9625	31.8327	2.12393	-2.26815	0.991367
3	21.3751	36.6342	-0.547028	0.0883065	1.092
3	32.7161	32.7008	-0.641367	1.953	0.977985
3	33.3751	33.5892	0.132802	0.408484	1.00606
3	23.0187	23.2182	0.624432	0.11467	1.18814
3	29.3646	29.4187	0.750978	2.63916	1.0004
3	34.1107	28.6788	0.093735	-1.24401	1.07715
3	1.66594	34.151	1.18528	1.61185	0.943983
3	22.7409	31.7769	-0.376423	1.55386	1.11295
3	25.0292	29.617	1.4637	1.09108	1.17036
3	28.3316	26.049	-1.54892	0.202298	1.06997
3	35.3775	33.6977	-2.52522	0.384744	0.951949
3	27.3501	23.8506	-0.0613265	-0.611844	1.16375
3	33.1466	36.3757	0.428274	2.35846	0.973649
3	31.7726	35.7277	-1.54106	0.889141	1.22913
3	0.922615	2.86734	0.887703	-0.265347	0.957514
3	38.3414	28.4165	1.21568	-2.77075	0.831235
3	1.22068	31.2223	-0.153061	-1.31885	0.86062
3	2.30943	35.062	0.63402	1.1623	1.09369
3	34.725	35.1302	-0.620104	-0.130951	1.02364
3	34.222	32.7669	-0.326612	2.06772	1.0726
3	4.30185	36.1275	-1.57313	-0.20207	0.988589
3	5.82665	34.718	0.312328	0.970796	1.06477
3	10.9676	33.9802	2.42997	0.172191	0.771194
3	15.6871	35.3527	-0.762661	0.167193	0.981508
3	11.5733	30.268	-0.362292	-0.99181	1.10792
3	21.7922	26.9759	-1.43541	0.918041	0.896306
3	19.4275	33.2909	-1.37181	0.294606	1.12393
3	20.3982	35.3432	0.440794	-1.16526	0.996433
3	22.5606	33.2399	0.658865	-0.556915	1.25186
3	11.9211	32.5403	0.486607	-0.217508	0.946438
3	19.6908	0.252912	-1.74774	-0.247415	1.00693
3	20.3013	29.8297	-0.780783	-0.117165	0.867159
3	25.8426	1.95593	0.944595	0.197401	0.9394
3	26.822	24.9284	-1.55568	-0.165275	1.00997
3	25.1753	35.9196	-0.42549	-1.69338	1.04254
3	29.9417	32.4382	-1.70496	1.56782	0.924871
3	30.3417	2.05814	-2.07559	-0.0668557	1.01489
3	22.8689	29.01	-0.260614	-0.708941	0.834544
3	34.4646	37.7097	-0.586848	1.05813	0.920987
3	33.7931	38.3457	-0.554587	1.07811	0.916462
3	20.1413	18.0534	1.5315	1.45223	0.999718
3	26.0893	31.5924	-1.9424	-1.15823	0.962089
3	27.3695	35.9649	0.386683	1.1003	1.07259
3	31.4467	37.7835	1.06413	-0.317122	0.862297
3	28.6382	23.5777	-0.508497	1.21517	1.04291
3	29.128	39.834	-1.79908	-1.59889	1.04689
3	31.067	36.9257	1.66208	-1.05563	0.829545
3	38.1707	29.465	0.19713	1.42461	0.964022
3	37.2439	31.9416	-1.22609	0.86359	1.0539
3	4.22667	30.0248	0.540164	1.69403	1.10701
3	4.06507	3.83342	0.346619	-0.602612	0.906435
3	39.8381	36.0314	0.0700102	0.418334	0.963527
3	7.04736	29.1629	0.0885377	-2.72215	1.04972
3	11.775	36.574	2.00915	0.00385334	0.976859
3	39.0484	29.1012	0.139368	-1.13486	0.865485
3	6.91144	37.272	1.90116	-0.773222	1.01793
3	12.8665	36.0353	0.166029	0.266623	1.09418
3	21.3339	1.48055	0.488507	-0.129449	1.01573
3	19.3104	2.70011	0.242115	-1.05544	0.94182
3	13.4239	33.7476	-0.340421	0.131894	0.928245
3	12.5373	0.596025	0.104999	1.98824	0.947174
3	19.4804	34.4038	-0.976428	0.287693	0.970742
3	21.2055	39.3037	-0.544134	0.520519	0.958173
3	16.588	34.8137	-0.711166	0.587632	1.05787
3	16.4699	39.1504	-0.167695	0.17898	0.999357
3	26.9054	34.0464	0.841292	-0.47888	0.874998
3	20.5972	5.24859	0.923482	-0.659028	0.90787
3	26.6914	38.8149	0.912578	-0.0780317	0.810987
3	30.8303	31.4684	-1.54992	-0.201691	1.31115
3	23.8433	28.7762	-0.592291	1.12905	1.07389
3	30.0908	38.9221	-0.663002	0.188342	0.984738
3	26.3788	36.1221	-0.141758	-0.138672	0.841995
3	30.5426	33.4343	-0.21329	1.38213	1.07683
3	22.7471	25.1333	-0.56745	0.721844	0.754633
3	28.5135	27.2606	0.521133	0.711317	0.939505
3	27.0631	1.5648	0.222882	-0.863058	1.00663
3	30.5919	34.9326	-0.779595	-0.791292	1.06184
3	31.6388	2.33873	-1.85353	-0.185971	1.04467
3	38.5916	2.42768	1.13278	0.240897	1.05081
3	32.7641	3.18194	1.84708	0.825424	1.03991
3	39.3268	38.3526	-0.325175	1.02355	1.12965
3	39.6294	2.05673	-0.13038	1.07901	0.961272
3	4.94252	36.9293	-0.123372	-0.0307182	1.07878
3	33.697	35.2122	-0.106074	-0.185188	0.992426
3	37.3298	33.4387	-1.82537	0.30696	1.01433
3	35.6165	35.6614	0.68755	-0.527385	1.00942
3	39.6353	4.78029	1.54337	-1.05737	1.01909
3	3.422	33.8275	0.822051	0.628758	1.03301
3	6.18793	36.6448	-0.770443	-1.8991	0.95529
3	1.70315	32.1759	-0.48755	0.23434	0.869293
3	10.4107	38.0716	-0.387746	-0.298042	0.989064
3	9.48655	35.5951	-0.813752	0.913487	1.11128
3	14.9782	32.8693	0.161176	-0.485492	0.986113
3	22.3862	1.02429	0.27729	-0.562921	1.05817
3	7.11672	4.18919	1.11476	-0.375392	0.94755
3	28.0252	2.58356	-1.03424	0.0802641	1.06177
3	26.6017	2.97665	-0.224109	-0.297633	1.06565
3	26.827	32.2187	1.00821	-0.129211	0.871509
3	32.0868	39.6175	0.870243	-0.159338	1.10119
3	25.1811	37.1071	0.0718951	1.44385	0.952636
3	37.1118	29.9427	0.200548	-0.975948	1.06296
3	31.7812	32.2547	-0.732219	-0.115079	0.95659
3	28.8972	34.5391	0.727769	0.996734	0.999888
3	37.2939	3.6322	0.90858	-1.39548	1.13493
3	32.0893	37.1148	0.324518	-0.664426	0.909899
3	27.8582	34.7203	1.53319	0.813616	0.876859
3	37.9784	35.5542	0.979769	0.158177	0.965244
3	35.8341	29.8111	0.659319	-0.353625	0.91018
3	31.142	38.6573	0.848503	-0.457407	0.942904
3	33.0442	39.3092	-0.759474	-0.659282	0.94048
3	37.3861	36.5289	0.536363	-1.3066	1.03991
3	38.0604	34.5135	0.857711	1.16	1.00405
3	2.69672	7.98223	0.890033	1.07302	0.930221
3	0.595003	34.5288	0.940259	0.634978	1.11385
3	0.260927	5.59956	-0.106905	-0.633968	0.947616
3	4.44518	2.75047	1.3155	-0.535169	1.04578
3	8.07023	39.4804	-1.87156	-0.808708	0.954146
3	9.91253	32.4944	-0.192083	-0.707174	1.04381
3	3.87967	37.0962	0.354147	-0.683023	0.844592
3	12.2094	39.5969	0.617726	-0.376384	1.05415
3	4.31153	34.83	0.0337718	0.241234	0.792411
3	7.24098	33.5943	-0.916621	0.68721	1.0835
3	10.4001	39.3999	-0.951733	0.0223509	1.03714
3	39.5114	28.1344	-0.610288	-2.24972	1.1377
3	14.8116	30.7616	-0.0326766	1.83508	1.02658
3	11.3775	26.8442	0.966764	-0.922971	1.01609
3	7.91687	0.481391	-1.3648	0.507693	1.01858
3	29.8113	4.5731	-0.631891	1.03947	1.09509
3	7.54744	26.8771	-1.2866	-1.24531	0.782251
3	16.8667	30.2038	-0.058892	-0.326338	0.944361
3	15.4562	37.3536	-2.44457	0.52219	1.19502
3	26.2498	5.23222	1.50742	0.286977	1.00351
3	25.866	32.6025	1.37003	-0.798672	0.998294
3	29.6834	8.58943	0.284288	0.408566	0.844767
3	20.5536	31.8394	-0.522042	-1.48501	1.06466
3	36.2255	34.6609	0.697855	-1.11523	0.971931
3	21.5983	37.8253	-1.59993	0.238818	0.9658
3	19.6823	37.8853	-1.92746	0.515351	0.968445
3	35.3475	37.0565	-1.19917	-1.02293	1.25072
3	32.7045	35.1618	-1.12349	-0.297938	0.876619
3	32.6461	1.39718	0.688564	-0.778227	0.933907
3	25.7627	39.5331	-0.534736	0.210471	1.19391
3	38.5404	3.69324	-0.0584545	0.94228	0.978201
3	39.4808	34.1851	0.047017	-0.695318	1.01452
3	1.79699	20.0636	-0.5775	-0.896905	1.03803
3	26.91	39.6509	0.168996	-0.692811	0.84063
3	37.683	31.0499	0.317676	-0.775721	1.00818
3	34.7544	27.8546	0.383195	-0.892854	0.996256
3	0.578151	37.3949	-1.00486	-0.263133	1.09528
