22	1.87743	36.75	-0.431977	1.77514	1
22	11.8925	39.2656	0.830407	-2.29955	1
22	1.25774	33.4232	1.1014	-0.531487	1
22	19.3713	33.1103	0.437707	-2.06189	1
22	11.5659	35.035	-1.04371	-1.54974	1
22	6.08263	4.10105	0.493827	-0.229046	1
22	5.98631	2.01763	0.190804	1.35526	1
22	1.2114	7.01776	-0.418562	0.800068	1
22	16.3737	38.9903	0.842417	1.85332	1
22	14.3581	6.01866	-0.38744	-0.418467	1
22	20.4282	30.1589	-0.557354	-0.308371	1
22	12.8152	2.87776	-1.34688	1.35667	1
22	10.7327	39.4649	0.478104	-0.181329	1
22	14.5237	32.437	-0.565052	0.976929	1
22	29.0406	3.84098	1.45443	-0.358008	1
22	16.5312	3.07811	-0.492182	2.46309	1
22	20.96	1.08742	-0.647685	-0.815376	1
22	29.2211	39.6734	0.71705	-0.0564022	1
22	31.9342	1.69902	0.315336	0.698343	1
22	21.721	1.96706	-0.00460114	-1.06747	1
22	22.2188	31.6739	-0.62629	-1.24877	1
22	16.6982	6.53736	-0.435196	1.4136	1
22	33.9167	1.99723	0.575083	0.0164401	1
22	31.5851	2.7114	-0.241902	-0.0697059	1
22	27.9324	0.381889	-0.34519	-0.699561	1
22	36.9522	6.41306	0.614367	-0.582274	1
22	37.2987	4.39376	-0.332553	-1.22262	1
22	1.57301	39.1958	-0.94551	0.370138	1
22	25.5829	2.86789	0.341434	-0.973153	1
22	33.2718	18.2586	1.47835	-0.304572	1
22	2.16538	4.26954	-1.2626	1.15684	1
22	7.90769	7.04705	-2.09782	0.804962	1
22	5.24405	0.224521	0.019514	0.0970977	1
22	38.1634	9.31681	-0.84024	-0.540447	1
22	38.6809	39.6426	0.22132	0.215767	1
22	2.39325	1.42122	-0.673782	-0.151221	1
22	39.1601	7.69871	-1.66648	0.00929193	1
22	2.59718	39.3126	0.657663	-0.927201	1
22	13.9696	3.74677	1.42502	0.920602	1
22	5.9103	9.95664	-2.137	-0.831721	1
22	11.7896	29.4035	1.65479	-0.615485	1
22	6.34777	10.9641	0.0562658	1.70635	1
22	9.04859	0.599266	-0.96303	-1.39282	1
22	11.9263	37.3511	2.66922	-0.237656	1
22	14.6627	1.70771	-1.25208	2.01923	1
22	12.719	35.2205	0.451002	0.235084	1
22	31.7755	32.6412	-0.0592496	-0.345106	1
22	11.1034	2.87191	0.376676	0.926473	1
22	12.6934	31.2743	0.72965	-0.32725	1
22	24.5467	36.8478	0.672822	-0.725288	1
22	16.2027	4.4071	-1.0878	-2.13945	1
22	17.919	29.1611	1.32363	0.603617	1
22	20.8539	4.4325	-1.98436	-0.633626	1
22	25.6958	35.358	0.884835	0.646535	1
22	29.1263	9.37936	0.944773	-0.351809	1
22	35.3835	5.32861	1.21257	1.80404	1
22	26.1396	1.53555	1.74247	-0.266695	1
22	29.0278	13.4058	-1.17105	0.436087	1
22	30.1636	0.267885	0.833556	-0.705441	1
22	30.1649	2.28564	-0.0852189	0.798194	1
22	0.700399	36.5175	-0.679496	-1.08248	1
22	26.6817	0.159182	0.00575312	0.133667	1
22	23.4251	36.2999	0.570677	1.3781	1
22	0.871147	9.69749	1.42295	0.147472	1
22	37.1032	36.7216	-1.15378	1.56006	1
22	37.9808	8.2322	-0.860901	-0.90693	1
22	38.961	6.58803	-1.13424	0.621132	1
22	9.06747	7.33216	0.264773	0.628773	1
22	5.75611	5.98362	-0.325761	0.305962	1
22	1.24096	12.7903	-0.748135	-1.52998	1
22	39.7207	3.47176	1.38886	-0.664485	1
22	20.2388	12.4179	0.735024	2.15846	1
22	38.6338	14.9573	0.937242	-0.462689	1
22	1.23276	8.49258	0.798137	2.61505	1
22	16.3097	10.5465	0.401791	1.35722	1
22	15.047	38.2619	-0.332268	0.340304	1
22	15.4318	5.84684	-0.126094	0.393755	1
22	18.5575	35.9276	-0.0954763	-0.115671	1
22	9.54991	37.6751	0.00805301	0.510899	1
22	15.2738	11.2504	0.569061	-0.392107	1
22	20.5598	39.2384	-1.05031	-0.468004	1
22	26.3522	34.2536	-1.63106	-1.03745	1
22	28.9987	36.526	0.933717	1.15296	1
22	21.8904	39.359	-1.14154	0.167128	1
22	8.05432	39.4622	-0.194129	-1.06591	1
22	27.4918	37.5519	-0.681633	-0.0133077	1
22	21.5896	12.214	2.24248	0.177502	1
22	21.0754	6.64467	0.145452	0.977568	1
22	32.8153	5.00874	0.0266441	0.229279	1
22	24.6683	0.435521	-0.858417	0.155502	1
22	37.5818	14.9572	1.35168	2.47228	1
22	20.6899	5.38098	-1.28201	1.4875	1
22	39.2974	38.4167	-0.473947	1.19722	1
22	0.099189	6.82402	0.0227259	-0.097604	1
22	36.1819	7.30535	-0.353177	0.241788	1
22	32.0916	11.1902	0.633985	-0.309244	1
22	30.7886	38.0546	0.00755443	-0.0267367	1
22	38.1022	38.5829	0.429758	0.104252	1
22	17.1642	8.37686	0.646424	0.719547	1
22	38.1606	18.4596	-1.23401	1.39265	1
22	36.8833	20.3353	-1.48089	-1.63875	1
22	9.54889	39.5992	-1.66444	-0.272314	1
22	5.14258	8.15207	-0.14814	-0.966624	1
22	7.14546	4.72933	-1.47105	0.541715	1
22	3.05585	0.449488	1.78821	-1.18147	1
22	8.29322	3.66248	1.31561	1.30251	1
22	14.8459	13.8425	0.482955	-0.74473	1
22	6.45693	38.721	0.410006	0.369892	1
22	9.42983	4.04625	0.893496	-0.366095	1
22	22.4452	10.106	0.530427	-1.10393	1
22	7.06615	8.89501	0.31784	0.778916	1
22	17.2412	3.9801	0.440404	-0.203525	1
22	13.8868	35.7539	1.24667	1.00757	1
22	26.3012	38.7793	1.4819	0.685832	1
22	25.2004	5.97233	1.44759	-1.0116	1
22	17.3073	39.6709	0.202583	-1.90792	1
22	21.025	31.1237	0.268522	0.0931045	1
22	23.2646	3.25595	-1.61264	-0.779145	1
22	23.703	2.35335	-0.275078	0.289181	1
22	35.3375	2.49797	-0.605186	-0.107182	1
22	21.8155	4.11294	-0.439434	0.16374	1
22	26.4172	3.72657	-0.880093	0.156576	1
22	32.0037	9.15981	-1.11797	1.43753	1
22	27.9479	38.4563	1.05322	-0.461377	1
22	27.5315	1.53005	-0.0898452	0.111959	1
22	35.3713	1.35508	-0.956503	-1.38212	1
22	6.4418	35.6771	1.34288	0.95779	1
22	35.0771	11.3005	-0.764587	-1.75854	1
22	0.672533	11.7469	-0.715673	0.330244	1
22	35.7481	10.0436	0.080278	-2.466	1
22	30.2276	5.10035	1.77604	0.380699	1
22	4.15838	36.9289	0.298204	-0.658902	1
22	32.584	16.3863	-0.732998	0.399952	1
22	0.69797	14.0569	0.0228264	-0.88233	1
22	4.1937	8.92624	0.636296	0.404435	1
22	39.7575	11.1261	-1.28014	-0.708452	1
22	4.83192	10.0673	0.0242507	-0.467199	1
22	36.7093	15.8547	-1.32918	0.759201	1
22	4.96356	2.19715	1.24934	0.255624	1
22	9.5643	2.86252	0.985283	1.71093	1
22	4.99688	32.4299	0.794339	0.739551	1
22	17.4353	37.2922	-0.847049	-0.588433	1
22	20.359	3.41656	-1.00373	-0.29219	1
22	12.2763	36.2762	-0.393876	0.741527	1
22	11.7109	31.6482	0.576373	0.0626319	1
22	9.0523	6.13352	0.490762	0.872826	1
22	16.8455	36.2568	1.11949	0.78617	1
22	15.5993	2.41297	2.31251	1.67951	1
22	23.158	4.4255	-0.185133	-0.203476	1
22	21.5266	35.3238	0.360131	-0.208283	1
22	23.7484	0.999257	0.0725483	-2.3532	1
22	26.0974	6.88446	1.31738	-1.36134	1
22	29.3174	7.13876	1.6809	-1.14297	1
22	19.5725	11.5374	-0.571398	0.805074	1
22	20.4702	10.6789	0.0489751	-0.250441	1
22	14.4969	2.71592	1.74427	0.0864016	1
22	19.2004	8.86285	-0.318291	1.43686	1
22	36.438	2.06528	0.648852	-1.81536	1
22	21.9728	37.1049	-0.0865617	-0.688325	1
22	33.8673	4.96682	0.100159	-0.671183	1
22	1.30947	1.39706	0.0697655	-0.261427	1
22	22.8523	0.23371	0.714431	-1.4483	1
22	11.4737	30.5894	-1.073	-0.963337	1
22	33.6539	12.5515	0.126902	-0.0906738	1
22	2.18409	5.37471	0.120414	0.139021	1
22	30.542	16.4135	-1.41162	0.442303	1
22	36.5778	5.39253	0.169155	0.228682	1
22	0.58689	4.62487	-0.61121	1.78211	1
22	36.446	10.806	-1.90393	0.192387	1
22	2.80427	2.39228	0.17312	0.653142	1
22	0.508567	2.67714	1.11731	1.75719	1
22	3.08959	6.01522	0.22266	0.299243	1
22	2.84939	11.2851	0.0713185	1.32608	1
22	10.9698	3.90899	-0.192795	1.36931	1
22	16.9719	32.8957	-0.919956	-0.367571	1
22	12.4654	5.79296	1.06212	-1.39867	1
22	17.4391	33.8287	1.03975	2.77134	1
22	15.6656	32.9561	1.17945	-0.0680543	1
22	17.1243	12.482	0.439105	-0.353013	1
22	16.2866	0.257293	-0.776515	-0.345353	1
22	16.3914	9.29081	0.826062	0.134207	1
22	22.6984	38.1213	1.9414	-0.0945933	1
22	22.4211	12.9616	1.29231	1.14918	1
22	23.4712	7.01032	1.15907	0.0251986	1
22	28.8222	23.8772	0.162755	-0.0219197	1
22	28.5292	17.9411	-0.650513	-0.582525	1
22	22.5813	2.52175	-0.197799	-0.199995	1
22	23.7211	12.417	-0.711081	-0.198675	1
22	29.6856	17.343	-0.000104149	0.508706	1
22	33.3159	5.95332	0.00907932	0.356299	1
22	26.3812	37.6842	0.11489	-1.43167	1
22	27.0213	5.69382	-2.29338	1.38163	1
22	38.0441	5.83772	0.225757	0.160374	1
22	34.4892	6.02265	0.408069	0.279528	1
22	2.20405	6.64258	-0.396991	0.505772	1
22	36.9074	38.7763	2.10789	0.986213	1
22	37.8371	12.4981	1.28807	-2.44241	1
22	35.8735	20.0176	-1.12289	1.08975	1
22	38.8496	12.9269	-0.8251	0.283063	1
22	2.48313	13.0375	1.44147	0.273014	1
22	3.94207	16.8995	-0.352114	-0.0651552	1
22	5.10797	3.74177	1.59526	0.14679	1
22	13.3281	6.34292	0.266987	0.331552	1
22	22.9174	15.3322	0.694633	0.804354	1
22	13.3217	5.10112	0.915952	-0.112971	1
22	19.0379	12.6399	1.84743	-1.17157	1
22	14.55	12.3352	-0.553847	-1.31083	1
22	21.0724	38.1426	1.13209	0.0338687	1
22	13.3453	37.0258	0.25983	0.712177	1
22	22.354	36.1194	0.120183	-0.532729	1
22	18.1739	7.70486	-0.420168	0.350092	1
22	19.9044	6.48175	-1.58576	-0.862223	1
22	11.629	8.33829	-1.34154	-0.343897	1
22	22.8599	1.45976	-0.550035	-0.909057	1
22	17.6223	38.5052	-1.1638	-1.27411	1
22	20.7361	36.5372	-0.627205	-0.752227	1
22	29.2646	20.6882	0.42111	0.201391	1
22	24.5394	39.1491	0.426842	1.22846	1
22	35.5998	4.24241	-1.20927	0.55803	1
22	18.7304	15.9793	-0.577268	0.19888	1
22	29.867	6.23122	0.743291	0.618195	1
22	23.77	16.1193	-0.414872	0.289477	1
22	33.3653	17.0734	0.623226	1.71973	1
22	32.4473	7.09761	0.256723	1.51442	1
22	34.5142	8.6783	0.119481	-0.085965	1
22	0.981262	10.7106	-0.0328783	-2.0662	1
22	34.4194	10.1031	-2.04061	0.518399	1
22	34.1332	3.459	0.138355	0.927386	1
22	31.5389	15.91	-0.112272	0.544662	1
22	32.426	12.1424	0.676359	-0.789742	1
22	33.5665	9.4103	0.889384	1.47581	1
22	34.9939	22.1	1.17374	-0.756064	1
22	35.5386	13.875	0.213949	-0.311351	1
22	4.29495	11.4649	-0.756933	0.954336	1
22	4.14169	6.73734	-0.0296172	-0.926552	1
22	1.97245	7.8219	-0.0821275	-1.57657	1
22	36.4611	17.4866	0.962287	-0.847417	1
22	20.8517	17.9052	-0.444731	0.608275	1
22	0.139286	15.061	-0.10824	-0.685477	1
22	11.7299	1.99432	0.000971388	-1.05432	1
22	7.73332	12.4183	-1.43299	1.1372	1
22	9.67614	9.67383	1.17911	0.633135	1
22	17.6185	35.424	-0.799668	-0.836338	1
22	15.305	39.5368	0.68176	0.0686979	1
22	14.7385	34.9043	2.36031	-0.595981	1
22	11.9486	3.46383	-1.41831	-0.967723	1
22	23.1614	5.6052	1.877	-0.725794	1
22	17.4178	0.904867	2.09839	-1.0526	1
22	13.8995	11.4809	1.02337	0.165119	1
22	23.8234	39.8707	-1.25141	-0.352182	1
22	25.7791	5.14514	-0.659592	0.262332	1
22	27.5172	8.79518	0.0308052	1.29858	1
22	25.2777	8.15713	0.22801	0.796915	1
22	29.1235	10.482	-0.130827	-0.314302	1
22	29.3035	11.9054	1.45364	2.07767	1
22	25.5071	11.118	-0.377531	0.622941	1
22	37.1195	13.6293	-0.987035	-1.10728	1
22	35.8933	39.1258	-1.19163	-0.310119	1
22	37.1063	9.92985	0.63597	0.747052	1
22	27.9253	3.62752	-0.203847	-0.245811	1
22	33.5718	14.0738	0.464308	0.654274	1
22	28.5511	5.12356	0.0308672	-0.991715	1
22	36.1276	37.9653	0.453185	1.22777	1
22	24.5151	1.6035	-0.507845	0.254796	1
22	34.8314	23.3094	-0.481797	-0.233578	1
22	5.65355	15.9672	0.0183829	-0.117298	1
22	1.86882	2.72898	0.181775	-1.03478	1
22	2.98444	15.8381	0.525414	2.98919	1
22	4.33742	15.774	1.22215	3.64872	1
22	39.8823	12.5578	2.36109	0.281821	1
22	19.5452	35.6039	0.767412	0.463364	1
22	20.0249	18.7792	-1.03894	-0.299771	1
22	3.68917	10.5789	-1.39433	-2.11151	1
22	7.44634	14.9646	1.71437	-1.69116	1
22	20.983	7.84341	-0.0909451	0.519162	1
22	15.8449	35.9076	-1.02259	-1.2167	1
22	16.7828	11.3391	0.96575	0.490177	1
22	13.9472	17.4797	-0.0937437	0.704594	1
22	15.298	8.77043	-1.29131	0.516564	1
22	28.3787	6.37495	-0.75186	1.06072	1
22	19.0525	2.50393	-1.95845	-0.0458119	1
22	29.9681	8.13836	-0.256796	-0.216484	1
22	23.6108	9.84448	-2.30788	0.0361954	1
22	25.6876	9.48758	1.96091	0.167156	1
22	34.5619	7.63361	1.02087	0.565663	1
22	21.4234	13.2757	1.04508	0.91227	1
22	22.7057	18.5609	1.76268	-0.693594	1
22	17.1192	13.6837	-0.478072	-0.125903	1
22	30.1004	12.9108	1.10277	-1.83979	1
22	19.374	7.65353	0.40224	-1.56516	1
22	35.8092	6.2858	-1.37192	-0.344557	1
22	30.3805	9.73549	-0.402898	-0.476679	1
22	27.1669	15.7273	-0.60975	0.800645	1
22	34.0144	18.9966	0.123327	1.0004	1
22	5.08144	17.1483	0.930509	0.271453	1
22	2.24424	17.9717	-0.112123	-0.890081	1
22	0.447634	24.5717	1.3096	0.0942358	1
22	8.99139	18.299	-0.0174754	1.25261	1
22	5.23808	11.019	0.848107	-1.67748	1
22	37.5161	7.29322	-0.693862	-0.310576	1
22	13.852	38.1521	-2.67364	0.259799	1
22	11.9665	9.38835	-0.989124	-0.471665	1
22	9.93459	8.4432	-0.102486	0.0715991	1
22	2.91079	8.86725	-0.645658	1.67665	1
22	9.87071	5.08917	1.00136	-1.05827	1
22	1.75973	11.5441	-0.580663	-0.23948	1
22	6.9935	22.6208	-0.765455	1.39647	1
22	18.2596	9.6624	-0.556762	-0.508158	1
22	9.19979	10.7281	-0.725785	1.73083	1
22	10.3448	10.5317	-1.12891	0.282135	1
22	20.7694	14.1339	-0.867421	0.91968	1
22	10.3962	0.951596	2.28181	0.458025	1
22	31.1969	13.1821	0.400003	-0.506559	1
22	15.6226	3.54031	-1.30112	-1.27901	1
22	24.2862	4.24219	1.86887	0.133593	1
22	12.8605	3.908	0.487696	-0.481496	1
22	18.3556	4.72965	1.30102	-0.929328	1
22	24.7432	12.97	-1.26414	2.03236	1
22	24.1194	7.99186	0.100682	-0.409857	1
22	16.4545	18.011	-2.01278	0.267746	1
22	31.3432	14.9382	-0.700416	-0.829917	1
22	23.6599	10.8463	1.14474	0.32539	1
22	29.3819	18.5564	-0.272088	0.882712	1
22	32.3583	22.496	1.70652	-0.610987	1
22	36.7253	8.7904	0.567353	-0.331308	1
22	22.3636	14.249	0.791427	-0.72048	1
22	35.3957	17.2631	-1.66138	-0.521702	1
22	32.7277	13.1688	0.969026	-0.683927	1
22	32.2274	17.5285	-1.19624	1.10755	1
22	4.19647	21.5441	1.45798	1.23648	1
22	35.856	21.3157	-0.812297	1.85729	1
22	39.8925	18.4384	-0.461514	-1.02147	1
22	7.04066	2.93841	-0.0141508	-1.37939	1
22	3.25028	12.2934	-1.2689	1.49546	1
22	38.9342	11.8807	-1.02165	-1.04151	1
22	7.87964	13.4072	-1.01296	1.24992	1
22	15.4968	9.95488	0.183788	0.144272	1
22	7.82937	18.1958	0.0134389	0.696607	1
22	11.9651	7.24271	0.235881	-0.879985	1
22	10.9838	5.47562	-1.02679	-1.06579	1
22	12.026	11.7766	-0.182014	1.12955	1
22	18.1638	1.81133	1.2442	-0.23712	1
22	16.2713	16.0424	0.142176	-1.26846	1
22	21.7449	15.3641	-0.717237	0.470386	1
22	22.1352	5.15385	0.702772	1.10692	1
22	26.595	11.2211	0.420409	-1.46617	1
22	22.3826	7.48955	-0.258275	-0.440101	1
22	31.3952	7.87233	0.77509	-0.120137	1
22	26.682	4.67397	1.43367	-1.23418	1
22	24.731	14.3494	-0.649364	-0.831332	1
22	28.1781	7.48118	0.0595216	-0.162018	1
22	32.4062	25.7255	-0.440521	1.03338	1
22	30.352	15.2461	0.280692	-0.793174	1
22	28.279	15.8109	-0.40044	-1.60824	1
22	26.8749	12.4719	-0.89165	-0.522099	1
22	35.8308	22.8064	-2.47227	1.41678	1
22	34.8305	12.481	-0.305409	0.218499	1
22	25.4669	4.13899	-2.53238	0.566209	1
22	34.5181	16.5695	1.4591	0.47568	1
22	32.3833	15.2635	-0.218015	-0.38763	1
22	38.2886	4.3569	-0.893679	0.850501	1
22	28.0672	9.73972	0.44928	0.944442	1
22	1.8226	14.0858	0.356672	-0.0252798	1
22	35.5338	28.1122	-0.396752	-0.88224	1
22	38.4879	19.5548	0.308605	1.3996	1
22	16.4619	37.6166	0.515531	0.379065	1
22	1.38046	17.3862	-1.2309	0.426507	1
22	10.8645	14.8752	0.781137	0.572871	1
22	34.2596	14.9136	0.190425	2.36577	1
22	7.25404	19.6736	-1.272	-0.199345	1
22	12.697	8.56887	1.65156	1.03098	1
22	10.1238	11.575	1.93392	-0.358379	1
22	13.3593	16.503	1.69208	-0.1907	1
22	15.7589	16.98	0.245479	0.800911	1
22	9.23662	14.314	0.0597805	-0.351798	1
22	8.00207	16.3544	0.159018	1.24485	1
22	9.32912	21.2435	0.406529	-0.60091	1
22	9.67074	12.4716	0.881746	0.130611	1
22	12.9517	13.3892	-0.404036	0.931586	1
22	10.7938	7.64717	0.645172	0.761398	1
22	16.7451	19.1385	0.817746	-0.866352	1
22	20.1642	15.0563	0.167495	1.8577	1
22	27.3581	6.71376	-0.314736	0.388627	1
22	19.9194	9.56105	0.389027	0.17499	1
22	28.0195	13.1611	0.510096	2.40303	1
22	27.0957	7.69303	0.998914	-1.29331	1
22	37.4777	11.5404	-0.487656	0.925767	1
22	28.983	8.26387	0.60649	0.197209	1
22	33.2608	26.4137	0.146791	0.482756	1
22	33.0504	10.6315	0.254052	-0.52627	1
22	39.7781	23.8341	0.67157	0.587801	1
22	32.8681	20.8264	-0.137445	2.45996	1
22	39.1785	16.7337	1.15533	0.0219869	1
22	16.9716	2.01325	0.889556	-1.25723	1
22	7.07378	15.885	-0.878534	-0.962305	1
22	16.9401	23.2997	0.575396	0.985375	1
22	31.639	26.3017	-1.25437	-1.33431	1
22	1.19958	15.0045	1.32177	0.399895	1
22	0.171249	7.95832	-0.339078	-0.397934	1
22	5.11846	27.3246	0.201614	0.668548	1
22	12.9181	20.7839	0.733245	-1.19944	1
22	6.8401	14.001	-0.345149	0.194573	1
22	8.55308	15.1176	-0.163654	1.0939	1
22	0.44538	21.3634	-1.13947	-0.371278	1
22	39.3843	14.1168	0.661017	1.56166	1
22	24.6434	10.37	0.545728	0.398501	1
22	37.3211	16.8761	-1.31878	0.500003	1
22	13.0471	12.165	-0.424844	0.310427	1
22	13.7416	8.3745	0.503748	0.237858	1
22	14.993	17.8118	-0.274907	0.13455	1
22	24.6444	3.26952	0.0260588	-0.291746	1
22	3.57021	7.69319	-0.300761	-0.000349822	1
22	10.8569	27.4979	-1.14736	0.318635	1
22	14.334	10.4285	0.666193	-2.0838	1
22	23.0812	25.6819	0.436241	-0.456418	1
22	14.0416	22.7513	-0.844903	-0.550202	1
22	25.4058	17.5027	1.32201	-0.0498985	1
22	25.0271	15.4221	0.162766	-0.558666	1
22	37.8061	27.81	0.358415	0.673755	1
22	31.6482	19.2436	1.383	1.15906	1
22	30.6954	20.1137	-0.409455	0.588658	1
22	30.9726	8.92799	0.790547	1.97607	1
22	25.6576	13.6429	-0.391314	-0.177502	1
22	24.1896	28.5008	0.728646	-1.34751	1
22	30.6662	17.7907	-1.04123	-1.41547	1
22	35.3738	15.3095	-0.576396	0.0967746	1
22	31.278	24.9685	0.0163953	1.44295	1
22	30.9416	22.8837	1.06752	0.252641	1
22	37.095	21.5747	-0.953165	-0.791303	1
22	12.3069	10.38	0.358024	-2.46027	1
22	5.72797	13.5556	-0.660031	0.18334	1
22	3.68117	14.9532	-1.82583	-0.574359	1
22	13.9691	13.2225	1.11367	0.941765	1
22	1.9337	23.8965	-1.87197	-0.106224	1
22	3.14769	21.7621	0.117147	1.07216	1
22	36.9361	22.9358	-0.609469	0.228652	1
22	0.943561	20.2591	0.989544	-0.0536202	1
22	6.62859	12.8724	-1.78332	-0.797347	1
22	2.37736	14.9439	-0.284938	1.95786	1
22	12.1652	17.2196	0.601804	-0.0173538	1
22	3.09595	18.5671	-0.168568	-0.280835	1
22	15.814	19.7886	-0.0279298	1.07913	1
22	18.1894	20.7098	-0.439463	-0.156936	1
22	13.2701	21.8531	0.984936	-0.0259364	1
22	15.8355	7.20726	1.43371	-0.0623135	1
22	16.8705	14.8063	0.660736	0.640658	1
22	22.8248	11.9126	0.112542	0.132845	1
22	26.1315	16.7342	0.998079	0.383089	1
22	24.7888	6.97059	-0.608202	0.250134	1
22	14.6736	19.4794	0.157745	-0.447175	1
22	20.2613	24.485	-0.461021	-0.956199	1
22	25.5973	27.8529	-0.0883118	-0.765557	1
22	22.6759	24.5438	-1.7548	-0.142789	1
22	28.1319	19.1058	1.82576	-0.118814	1
22	33.1863	39.8793	-0.537331	-0.798892	1
22	26.4682	29.1147	-0.781684	0.642894	1
22	34.4816	21.1463	-0.161722	-0.597228	1
22	0.244746	1.54885	0.855759	-0.189378	1
22	29.4623	16.0378	0.44218	-0.581929	1
22	34.6091	13.4861	-2.32513	0.0723954	1
22	34.3118	17.6169	0.16476	0.381086	1
22	0.95778	23.6053	-0.541766	2.67176	1
22	8.23869	20.5334	1.50792	-1.34932	1
22	4.09946	18.0394	-0.221545	-0.492494	1
22	9.18858	20.1815	-2.1641	-0.245079	1
22	1.70014	16.0415	0.351141	0.750332	1
22	4.70291	14.5442	-2.3275	-1.11815	1
22	4.33788	30.2527	-0.676107	-0.934724	1
22	38.9602	17.7585	-1.53928	-0.182068	1
22	2.02791	20.3687	-1.15523	0.868282	1
22	5.24224	12.0819	0.0508026	0.677643	1
22	14.0031	18.6824	0.0764046	1.31225	1
22	6.8	23.8362	0.398316	0.564333	1
22	11.6459	24.511	0.727444	1.19263	1
22	12.238	14.5198	0.871557	2.44755	1
22	18.1026	11.4009	-0.978356	-0.980536	1
22	14.9694	21.2565	-1.39513	0.0336264	1
22	3.02827	19.8023	-1.69903	-0.0593055	1
22	7.56884	28.9848	0.00600963	2.42077	1
22	35.8266	12.1787	0.335551	-0.431468	1
22	15.5274	18.7614	0.519164	-1.22892	1
22	19.8947	13.4522	0.149672	0.825376	1
22	31.0486	6.79959	-0.583143	0.651178	1
22	24.6089	9.09504	0.159715	0.516182	1
22	18.8273	18.3864	-0.357937	-0.0655731	1
22	18.8586	27.7616	0.906951	-0.397388	1
22	33.3613	8.34146	0.482841	-1.47793	1
22	25.1406	22.1196	0.823359	0.914541	1
22	28.3109	26.4402	0.9456	-0.216056	1
22	39.0991	34.9611	0.631645	-0.301176	1
22	5.09249	19.0752	-0.539137	-0.645599	1
22	31.9566	23.5775	0.366196	-0.418201	1
22	27.9953	20.6572	0.393851	0.147019	1
22	1.587	21.3038	-0.14279	1.85633	1
22	37.9481	16.0153	0.155739	-0.432961	1
22	29.2433	14.4661	-1.00599	-1.68946	1
22	0.230382	17.2483	1.24033	-0.285231	1
22	4.50745	13.387	0.194078	0.520609	1
22	2.79575	24.5123	-0.12021	-0.439296	1
22	8.5442	28.0903	-1.11008	0.881783	1
22	4.4867	25.7333	1.48919	-0.863162	1
22	15.1703	0.752844	0.755132	0.156606	1
22	13.1493	9.53269	0.0721765	-0.523587	1
22	10.9621	9.38854	0.534646	-1.13451	1
22	7.22482	10.0958	-0.0191655	1.03301	1
22	15.8809	14.1639	-0.491789	-0.1574	1
22	18.0793	13.0907	0.858918	0.129632	1
22	20.9095	16.744	0.442913	0.517662	1
22	11.6476	16.0331	1.36206	-1.05439	1
22	18.0143	14.2152	0.766488	0.315937	1
22	5.5753	21.3275	0.378488	1.31943	1
22	22.0251	19.2701	0.892199	1.10862	1
22	24.4203	17.9706	-0.291433	-0.244416	1
22	25.6711	25.4345	0.353866	0.670557	1
22	27.6283	10.8418	-0.187081	-1.12989	1
22	20.8482	20.1267	-1.15253	0.235629	1
22	21.8912	27.4416	-0.548839	0.542365	1
22	15.4021	15.3741	0.756857	0.222207	1
22	29.4824	21.9278	-0.989516	-0.53673	1
22	34.74	26.7725	-0.693816	-0.703278	1
22	38.2951	13.8769	0.179415	-0.530475	1
22	31.7269	20.6055	0.347769	-1.34458	1
22	34.4716	33.2437	0.390457	1.06762	1
22	30.4228	13.908	1.49785	-2.16829	1
22	36.679	19.1572	-0.600421	-1.0237	1
22	33.3754	25.1803	-0.125765	-0.881957	1
22	0.466793	25.6903	0.760277	-0.451272	1
22	30.9967	11.459	-1.84438	0.0525871	1
22	38.7832	22.2028	0.254632	0.118409	1
22	5.69611	24.4597	-2.22393	0.843886	1
22	34.2441	24.5594	-0.596582	0.449981	1
22	36.8398	26.0489	0.176842	-1.22599	1
22	35.7204	18.1989	-0.384313	-1.62811	1
22	8.68916	12.6234	-0.781387	0.488186	1
22	3.80541	22.6178	-0.408844	0.028886	1
22	1.1866	22.4263	-1.82492	0.722625	1
22	8.89894	8.42675	-0.190522	-0.564398	1
22	6.56599	16.9123	1.4447	0.543043	1
22	9.08419	16.0341	0.132812	-0.588064	1
22	24.0555	21.7053	-0.127926	-0.678666	1
22	19.6649	16.7291	1.31188	0.155584	1
22	22.143	11.1616	0.43632	1.61369	1
22	24.1061	6.11822	1.78426	1.05926	1
22	19.1786	19.5502	1.09267	-1.06936	1
22	17.679	22.2144	0.164573	2.13656	1
22	14.3784	27.1114	-0.9686	-0.909703	1
22	27.0122	9.78161	-2.31598	0.967841	1
22	30.1073	10.8169	1.41253	0.274232	1
22	35.1323	29.537	0.35218	-0.342081	1
22	30.9743	21.3148	0.255811	-1.21768	1
22	30.3145	32.3209	-0.309531	-0.0359764	1
22	25.0228	32.2875	2.19059	-0.489728	1
22	25.7268	22.9639	-0.290715	-1.4485	1
22	35.5184	24.1304	-0.862239	-0.332189	1
22	21.8331	17.7261	0.120907	0.0210567	1
22	38.3797	20.8755	0.151786	-0.787967	1
22	26.7466	25.4577	-0.360792	1.02033	1
22	34.121	28.9237	0.564424	-0.596637	1
22	39.6316	20.5732	1.13608	-0.00138189	1
22	5.78206	23.4606	0.00876558	-0.284395	1
22	39.7659	22.6755	-0.669365	1.90737	1
22	2.58498	10.085	-0.919093	0.170519	1
22	27.9028	12.1913	1.12839	-0.953416	1
22	0.0505279	19.5718	0.0744094	0.226803	1
22	33.5047	15.9492	-0.0317189	0.321325	1
22	8.51406	21.8891	1.22663	-0.0172607	1
22	5.79796	26.1885	-0.767835	0.822845	1
22	13.2387	7.41766	1.05358	-0.146985	1
22	1.07561	18.9999	0.394429	0.90191	1
22	37.7925	22.3572	0.538338	0.678625	1
22	3.21871	26.1675	-0.290111	1.49318	1
22	0.569263	16.2558	1.04981	-0.925346	1
22	18.1561	19.4435	-0.790207	-0.452458	1
22	8.28345	24.1269	-1.28852	-0.166581	1
22	29.1796	25.3921	1.19284	-0.348307	1
22	16.358	24.3085	-1.1104	0.330294	1
22	23.9064	14.9227	-0.967169	1.84622	1
22	22.2184	20.3209	0.382508	-1.53483	1
22	21.0982	28.9855	0.75026	1.07641	1
22	18.9651	22.0432	-0.258311	-0.254796	1
22	20.0382	28.4978	0.0585492	0.925054	1
22	22.1615	22.4678	-0.238531	1.04787	1
22	13.7962	26.3467	0.417334	-0.95859	1
22	26.7436	20.6334	-0.446222	-1.03891	1
22	24.0044	25.3056	0.486465	0.208231	1
22	23.2054	22.6329	1.25542	-1.28075	1
22	32.2177	4.00863	0.444604	0.610083	1
22	26.8077	13.7939	0.648165	-0.720739	1
22	36.3137	30.3368	-1.20892	0.930069	1
22	31.1384	29.2413	-0.00602807	-0.183633	1
22	33.4539	21.8406	0.987234	1.30951	1
22	1.65374	24.8484	1.36105	1.8508	1
22	1.37684	34.4812	0.578041	0.103818	1
22	10.2856	20.1235	0.406466	0.774955	1
22	4.70305	24.4932	1.25192	0.0865956	1
22	32.9611	30.0045	-0.227265	0.700116	1
22	37.88	23.5401	-0.148878	0.402781	1
22	8.45051	19.4252	1.85027	-0.88555	1
22	1.21556	26.7761	-0.0624738	0.656508	1
22	11.0209	22.4385	0.945286	0.357201	1
22	12.7677	15.5214	-0.0290887	-0.282342	1
22	6.92653	20.67	-0.0940801	0.0123509	1
22	13.3609	24.9481	0.976689	1.73239	1
22	14.1433	24.1856	-1.38898	-1.45395	1
22	4.66138	23.2522	-0.86318	-0.7625	1
22	12.5291	30.1123	-0.411284	0.866983	1
22	9.86429	16.9735	-1.25858	0.609795	1
22	31.9888	13.9313	0.9544	0.225237	1
22	27.3752	18.2849	0.41275	0.231157	1
22	17.7457	18.1516	-1.07577	-0.533357	1
22	21.1135	26.6776	-0.321791	1.26971	1
22	19.0358	26.5755	-0.695225	1.30791	1
22	17.7035	15.3841	0.536079	0.539628	1
22	27.4691	17.2299	-1.40602	-1.12128	1
22	26.9533	19.2361	0.0522819	-2.03537	1
22	20.8773	21.3551	-0.245753	-1.55523	1
22	26.0796	30.2952	0.564843	-0.873548	1
22	29.9762	33.9318	-1.21118	0.295717	1
22	18.7561	24.8903	-0.0595305	0.972475	1
22	0.145998	29.1341	-0.441035	-0.289303	1
22	24.2289	22.7873	1.4257	-1.41586	1
22	0.629305	30.8535	1.07083	-0.23602	1
22	23.1734	23.6206	0.884031	-0.705152	1
22	29.7754	22.9174	1.39242	-0.173559	1
22	36.3944	34.8767	-0.746357	-1.69665	1
22	36.6431	23.9501	1.03576	-0.47561	1
22	34.3257	25.7351	0.117247	-0.263799	1
22	37.8489	25.8346	1.35902	-0.578748	1
22	2.46154	34.2803	-0.884989	0.227036	1
22	11.3138	19.6262	-1.68579	0.644151	1
22	38.5922	36.7898	0.392518	-1.63384	1
22	8.16224	30.3935	-0.461515	1.41959	1
22	14.0631	20.6036	0.175623	-0.0579426	1
22	3.75379	25.0341	1.22438	-0.146565	1
22	23.3871	19.7789	-0.0608057	-1.65514	1
22	6.86956	26.4326	-1.44965	-1.06389	1
22	6.47454	18.4593	-0.939423	1.16745	1
22	13.4206	19.7308	-0.564841	1.74869	1
22	12.7161	26.2819	-0.587538	-0.896748	1
22	18.9875	14.9015	0.482191	0.242189	1
22	9.39266	22.4217	-1.20853	-0.468713	1
22	25.6318	12.3415	-0.77849	-0.257425	1
22	9.7906	27.5494	-1.10568	0.00206055	1
22	10.2538	35.4886	-1.63456	-0.495866	1
22	21.9823	16.4202	-0.433574	-0.0491907	1
22	23.2384	17.4348	-0.241527	-1.74762	1
22	26.7331	23.1237	-2.05036	1.26136	1
22	22.7946	21.3864	0.0770824	-0.016251	1
22	22.9192	27.1968	0.557215	0.817192	1
22	20.0339	25.8634	1.06625	-0.331164	1
22	24.2563	20.2846	1.20677	0.904478	1
22	25.299	29.0409	-1.0337	-0.0150209	1
22	25.4567	33.502	-1.08951	0.914934	1
22	36.8577	32.4461	1.86952	1.4858	1
22	2.02109	38.1901	0.319834	0.288509	1
22	36.8162	28.4303	0.18426	1.51599	1
22	4.11962	19.8739	-1.30626	-1.39816	1
22	0.119192	34.2414	1.72854	0.76511	1
22	37.3707	30.8694	0.629945	-0.905978	1
22	28.7136	34.4385	-1.45141	-0.682735	1
22	8.69568	17.1775	0.517536	0.345441	1
22	5.27928	20.3699	0.970607	-0.307429	1
22	38.392	28.9755	-0.511809	0.478354	1
22	0.594129	35.2019	-2.29521	0.986203	1
22	9.44764	31.7667	0.484229	0.455922	1
22	9.59562	23.5071	1.30093	0.581113	1
22	3.16651	31.9176	0.689566	0.163102	1
22	10.1106	24.6243	-0.992766	-0.472108	1
22	10.6663	12.9755	-1.15454	-1.23786	1
22	17.2086	20.0872	-1.02172	-0.394598	1
22	21.2727	23.5969	-1.01966	-0.0482356	1
22	11.1287	25.6387	0.589856	-0.410781	1
22	13.7124	30.8812	0.636445	-0.139415	1
22	24.6672	24.3222	0.0746527	-0.662453	1
22	18.8713	23.1994	0.521027	0.416874	1
22	8.52337	23.0779	0.105524	0.624232	1
22	28.1568	14.2233	0.0942912	-0.271508	1
22	21.9732	25.95	0.75426	0.109399	1
22	24.524	16.8631	0.663282	1.9615	1
22	21.0611	25.5406	-0.47437	2.06545	1
22	24.3552	31.1734	0.128087	-0.687956	1
22	31.2557	38.945	-0.497395	-1.5411	1
22	37.3063	29.3657	-2.19777	0.480251	1
22	35.7751	34.0047	1.4396	-0.93643	1
22	30.1713	24.0805	1.09077	0.24335	1
22	1.44772	35.8298	-0.262396	1.34949	1
22	27.8993	25.2497	0.296001	0.288336	1
22	35.7985	25.3956	-0.0178316	0.693303	1
22	34.5986	36.5386	0.18341	0.772765	1
22	37.0679	24.9056	0.15137	-1.916	1
22	0.60969	32.1137	-0.734328	-0.0984419	1
22	30.4234	19.0126	0.895733	0.731692	1
22	3.2154	33.1144	0.865987	-0.726426	1
22	24.8817	30.2654	-0.589009	0.245521	1
22	2.08702	26.0351	-0.381356	0.346284	1
22	8.16188	1.28923	0.033872	1.16149	1
22	39.6472	36.0076	-0.250635	0.207551	1
22	5.04665	22.2447	1.73902	0.430894	1
22	10.0682	38.6488	0.671798	-2.00473	1
22	7.04722	39.8979	-0.0186589	-0.00531412	1
22	39.1368	24.7173	-0.506	-0.0604148	1
22	5.66903	2.9981	-0.692942	-0.684531	1
22	15.0213	23.0148	0.216381	2.32073	1
22	9.03388	25.3636	0.0314563	-0.201653	1
22	9.78828	28.7625	0.165378	-0.722885	1
22	9.59882	30.3827	0.62809	0.229997	1
22	21.4948	24.66	0.425134	0.332235	1
22	16.3913	30.9708	0.283802	0.593075	1
22	12.8046	23.9106	1.12217	-0.0815443	1
22	28.3609	21.7541	-2.07195	0.812425	1
22	12.924	28.444	-1.07601	-1.70253	1
22	13.1485	27.4736	1.21476	0.238041	1
22	26.2081	26.5235	-0.767805	2.54867	1
22	13.4537	29.5472	-0.825736	0.731794	1
22	32.9326	28.6256	-0.540627	0.670743	1
22	22.4826	30.5726	-0.751524	0.323783	1
22	33.9197	29.9247	-1.09725	0.259901	1
22	25.5728	37.1434	-0.169041	0.0275286	1
22	26.6807	33.1488	-0.95164	-0.79539	1
22	20.0078	27.042	-0.16533	-0.184521	1
22	32.4221	31.8047	0.21637	-0.176703	1
22	27.2531	26.359	0.138609	0.419837	1
22	29.0365	32.1	0.100433	0.525144	1
22	39.5051	31.0724	-1.12672	2.65702	1
22	6.49116	25.2873	-0.321817	-0.885752	1
22	3.31709	29.9243	-0.415578	0.105586	1
22	4.70537	28.2149	-0.37593	-1.50474	1
22	32.4451	35.3077	0.61427	1.19903	1
22	3.96378	27.4873	1.3052	-0.599019	1
22	35.7777	26.3916	1.04856	0.75228	1
22	3.53944	23.8072	-0.23022	-0.763524	1
22	7.64388	37.4742	1.77971	0.410681	1
22	6.19532	27.2736	-0.248263	1.97584	1
22	25.695	21.208	0.35267	2.50863	1
22	10.6476	15.992	0.147721	0.440506	1
22	12.0775	27.2096	-1.18446	0.773498	1
22	14.4648	25.1388	-0.492095	-0.0126751	1
22	14.5727	16.6111	1.35678	0.376755	1
22	19.326	39.7154	-1.23784	-0.519967	1
22	10.5045	21.3494	0.54974	0.316068	1
22	11.0812	32.5494	1.99897	-1.29096	1
22	18.6154	33.8264	-0.377576	-0.365251	1
22	15.8112	27.1495	-0.388737	-0.869615	1
22	19.7918	21.3575	-0.923984	0.0243751	1
22	15.8869	25.3529	0.773434	-0.46764	1
22	17.8497	23.9313	-0.376976	1.07076	1
22	22.9543	32.6623	-0.405	0.214395	1
22	14.9885	30.7512	0.556874	-0.629174	1
22	18.0827	16.9224	0.00823374	0.0290813	1
22	34.2211	35.4578	1.91992	1.0388	1
22	28.6514	16.8536	2.37348	-0.5632	1
22	35.765	31.7357	0.114261	0.58785	1
22	30.561	25.787	0.417379	0.396622	1
22	30.8509	27.0877	0.354474	0.347498	1
22	17.791	26.955	-0.230588	-1.23404	1
22	33.4628	33.9289	1.64797	1.76608	1
22	38.6871	26.6918	-1.40139	-1.10758	1
22	7.3629	27.8207	-1.14212	-0.659708	1
22	7.58725	34.6162	1.89957	1.26766	1
22	33.8087	23.2156	-0.10152	1.9526	1
22	4.76443	33.4843	-1.50144	-1.38726	1
22	4.71902	29.2389	-1.33064	-0.369468	1
22	3.75034	39.3586	0.769295	0.859388	1
22	8.76713	36.9555	0.343674	-0.104611	1
22	30.6847	1.34227	0.102971	0.731006	1
22	3.8488	35.818	1.07355	0.282915	1
22	38.9217	23.254	-0.817988	1.18737	1
22	8.88482	26.8694	0.275206	-1.85948	1
22	2.58995	27.1735	-0.338646	0.753792	1
22	19.6724	34.3355	-0.0478087	-1.05226	1
22	16.7684	27.459	1.76407	-0.0395096	1
22	10.8549	28.9497	0.0106387	0.920351	1
22	20.2496	23.3921	-0.296117	1.045	1
22	17.647	28.0974	-1.98801	-0.33938	1
22	21.209	34.2717	-1.66431	-1.7816	1
22	23.1691	33.8689	1.36975	-1.67963	1
22	12.7559	22.7598	-3.29252	0.762991	1
22	17.0478	25.1306	0.86917	-0.429586	1
22	28.1333	28.7939	0.194718	-0.0377826	1
22	21.5347	30.1834	0.856787	-0.0492853	1
22	27.38	34.1361	-1.16587	-0.769571	1
22	27.8507	30.166	-1.53528	2.83261	1
22	30.243	28.7305	-0.476171	-0.574731	1
22	23.5034	30.2672	-0.47135	0.995625	1
22	30.9884	31.4114	0.528395	0.767607	1
22	3.10434	38.3822	0.108549	-0.884049	1
22	30.7114	35.5299	-0.0985504	-0.575134	1
22	38.4522	31.0702	0.430249	0.237165	1
22	3.48115	34.6359	-0.250286	0.450467	1
22	37.9522	34.5525	0.152913	-0.503597	1
22	38.0709	24.6412	0.847681	0.796891	1
22	4.55221	34.6759	0.549558	-0.0389223	1
22	11.139	38.4508	-1.0478	-0.88166	1
22	30.0131	29.7824	0.667815	0.217471	1
22	0.919975	29.83	0.0515377	-0.823904	1
22	3.37618	28.7133	-0.906548	0.580541	1
22	8.62778	29.4665	-0.154673	0.439221	1
22	12.6487	19.1777	-0.222532	-0.161879	1
22	11.8167	21.4375	-0.623841	1.31229	1
22	3.01191	3.55133	0.747368	0.73638	1
22	9.75826	19.2991	0.290917	-1.26253	1
22	9.86401	15.2186	0.149368	-0.348302	1
22	13.9718	15.5697	1.31801	-1.00961	1
22	13.3457	14.5411	-0.135337	0.65041	1
22	23.0607	28.3769	0.249322	-0.142003	1
22	6.17888	31.8496	-1.26086	0.378386	1
22	1.52639	31.5848	-0.362756	1.36614	1
22	14.7671	33.6486	-0.896263	-0.464896	1
22	19.605	5.09524	-0.778165	0.463954	1
22	9.91115	34.1601	-0.222085	-0.634834	1
22	15.6241	29.7925	0.20065	-2.64623	1
22	23.2722	35.1465	0.356758	-0.185456	1
22	37.793	33.2849	0.161665	-0.457454	1
22	26.2856	17.8571	-0.764497	0.176889	1
22	31.969	30.7645	-0.259956	1.14634	1
22	27.7796	22.6636	0.439423	-0.265152	1
22	31.3099	34.2865	-0.141975	-0.780565	1
22	33.4287	27.6986	0.110942	1.16025	1
22	29.912	31.3513	1.35013	-1.17721	1
22	33.3912	32.7546	-0.793248	1.75237	1
22	34.3846	34.317	-0.175474	1.09619	1
22	2.22948	30.4914	0.419466	1.69158	1
22	34.6586	31.8065	-0.318107	-0.135593	1
22	39.0424	33.4122	0.340938	0.368772	1
22	7.82296	33.5036	0.258626	-0.223006	1
22	10.9052	33.7431	0.536289	2.06108	1
22	7.60541	38.5237	1.44734	1.81885	1
22	2.37413	22.6038	-0.081877	-1.2533	1
22	16.6248	34.9909	-0.0298105	-0.0200422	1
22	9.1315	35.7247	0.333184	-0.827996	1
22	16.0364	34.0028	1.17041	-1.20215	1
22	1.08453	28.3798	0.842625	-0.0547061	1
22	7.41346	24.6213	-0.0487959	-1.3125	1
22	7.80878	35.5957	0.593063	0.167422	1
22	12.4857	34.1817	-0.339176	-0.430369	1
22	4.06137	4.45074	0.470214	-0.459069	1
22	17.7553	2.83308	0.0533182	-0.0675583	1
22	20.8924	27.8006	-1.46566	-1.15973	1
22	18.4819	32.5668	-0.736595	-0.00268274	1
22	22.8413	8.56804	-1.5819	1.13079	1
22	28.9764	29.4744	1.45643	-0.757551	1
22	20.5263	33.3548	1.77622	-0.971743	1
22	10.8031	23.8749	-0.485962	0.81042	1
22	33.4984	36.2614	-0.504192	-1.39652	1
22	27.764	32.7999	-1.6416	-0.468206	1
22	25.3696	31.1424	0.248799	-0.222285	1
22	16.8998	26.3848	-1.88725	0.290672	1
22	4.92939	1.26832	0.719095	0.240458	1
22	15.2827	28.2609	1.01639	-0.204078	1
22	37.4427	37.64	-1.58578	0.54072	1
22	29.1077	38.4615	0.570941	-0.349157	1
22	29.8383	26.742	-1.43168	1.01324	1
22	33.3268	31.285	1.17818	-0.148294	1
22	36.2037	29.1859	0.795858	0.144293	1
22	34.6243	20.1112	-0.202236	0.103162	1
22	30.645	36.9257	0.252534	0.1367	1
22	0.34249	27.1709	0.256558	0.485527	1
22	33.2139	2.88827	-1.08359	-0.750177	1
22	35.5677	36.2929	0.226402	0.0680616	1
22	7.24519	31.503	-1.55542	1.8793	1
22	6.51874	37.5016	0.325339	0.840225	1
22	2.06388	28.2991	-0.0941694	-0.673077	1
22	9.61263	32.7558	-0.864448	0.288095	1
22	15.4263	31.8126	-0.631606	0.696644	1
22	13.8079	1.19462	0.0809924	-0.864842	1
22	8.30663	31.412	-0.758675	-0.339436	1
22	12.6817	38.0922	-2.62043	-1.33962	1
22	6.00686	29.4427	-3.10807	-1.20641	1
22	17.0761	31.7685	-0.386942	0.915065	1
22	14.0215	28.3336	0.832674	-0.218846	1
22	11.5612	28.1435	-0.372152	0.0679988	1
22	6.39971	30.3241	-0.686568	-0.0159694	1
22	14.5244	29.3396	-0.526842	-1.44621	1
22	17.9781	31.0972	0.995901	0.964317	1
22	24.0792	33.2407	0.293793	-0.910953	1
22	22.6686	29.6168	-0.0145303	0.548379	1
22	20.5179	35.1837	-0.0259223	-0.0727193	1
22	26.9563	24.3144	-0.862253	1.49069	1
22	20.0002	0.643573	0.558125	0.122253	1
22	26.2818	32.1852	-0.0462382	-0.463936	1
22	32.3931	27.1387	-1.00237	-1.3983	1
22	31.3087	28.1578	-0.147235	-0.378932	1
22	27.732	36.4987	0.126494	-0.305951	1
22	33.8767	37.8025	0.0468936	1.00203	1
22	4.24164	0.372762	0.22398	-0.0879086	1
22	39.7147	39.4163	1.45137	0.312745	1
22	7.06979	32.7208	0.754916	-0.466101	1
22	3.86095	2.34557	-1.6026	-0.0439317	1
22	25.7013	39.9548	-1.97561	-2.15791	1
22	35.2054	30.6401	0.554447	1.06087	1
22	4.91838	39.1801	-0.312779	-0.290283	1
22	28.5024	37.389	-0.97925	-0.382935	1
22	35.179	37.4596	2.68958	-1.78651	1
22	6.24646	0.576257	-0.00424057	0.564416	1
22	8.7371	38.5396	-1.04703	0.0406094	1
22	11.139	36.1908	1.04366	0.124963	1
22	10.2166	6.30487	-0.00106269	1.48172	1
22	11.9497	4.76782	0.310395	-0.265231	1
22	7.82884	26.7716	0.408097	0.847256	1
22	15.2413	24.3753	-1.35115	-1.34565	1
22	7.91287	25.7341	-0.70723	-1.87986	1
22	13.6057	33.6605	1.18115	0.0698371	1
22	18.5005	34.8815	-2.43284	-0.582805	1
22	16.6341	5.42742	1.07962	-1.00516	1
22	16.3901	20.6857	-0.288191	0.12234	1
22	26.7923	35.5075	-0.773709	-0.895544	1
22	22.2383	34.6407	0.931509	0.271274	1
22	23.2884	38.9269	-0.0778811	-0.132628	1
22	23.614	37.7241	1.07314	0.519195	1
22	19.029	38.142	-0.381112	-0.618842	1
22	27.8273	27.3336	-1.11199	-1.34142	1
22	32.074	38.189	1.63892	0.648663	1
22	29.1593	33.1335	0.360565	-1.19242	1
22	18.6141	3.46847	0.887507	-0.448501	1
22	33.3617	38.661	1.20427	1.16716	1
22	34.95	18.9136	-1.58461	1.21134	1
22	27.8355	35.02	0.132435	-0.163059	1
22	32.385	39.2343	0.995308	-0.57204	1
22	34.6049	39.6537	-1.42166	-0.039823	1
22	35.5093	32.9244	-1.04827	-1.79782	1
22	6.92178	6.80465	-0.517691	0.547246	1
22	8.03891	2.39853	-0.237661	-0.222457	1
22	3.14366	36.5565	-0.72755	0.0975472	1
22	36.9208	1.0404	0.165134	-0.265972	1
22	1.7552	0.374272	-1.86874	0.767893	1
22	38.2374	35.6422	1.26898	-1.92588	1
22	6.69474	7.86089	0.746909	-0.3726	1
22	8.67754	34.7759	0.766355	-0.678068	1
22	8.90663	33.6615	-0.502048	-0.443884	1
22	18.763	30.1475	-2.2552	-0.591857	1
22	14.7337	36.4649	0.198186	0.23204	1
22	18.9086	10.6876	1.64474	0.271223	1
22	15.1	26.3664	-1.24521	-0.0104261	1
22	16.4965	28.6669	1.23999	1.36393	1
22	9.07853	1.8592	1.21705	-0.0546712	1
22	39.6446	27.9327	-0.662195	-0.105549	1
22	14.529	7.43779	1.0698	-1.87944	1
22	7.08295	5.77447	0.416935	0.397265	1
22	23.3129	31.3869	-0.320883	-0.601774	1
22	20.7276	2.17892	-1.78819	2.06528	1
22	21.3648	2.99695	-0.0118693	0.0931132	1
22	25.9147	24.1917	-0.120344	0.343327	1
22	12.7163	32.4256	-0.917267	-1.02499	1
22	0.123853	37.3739	1.37479	-1.30462	1
22	24.9406	26.4524	0.613012	-1.23867	1
22	24.0772	34.4518	1.49163	-1.30475	1
22	30.0008	3.41214	0.744308	-0.935782	1
22	1.16296	37.5983	0.618111	0.711973	1
22	31.3896	0.328436	-0.552992	-0.281312	1
22	26.7713	27.3967	0.0699625	0.833236	1
22	36.3031	3.2002	1.10968	0.0951974	1
22	32.8939	37.3814	-0.401261	1.8071	1
22	30.0775	39.0916	-1.46775	0.157462	1
22	2.69492	35.5358	-0.00995699	-0.817368	1
22	34.4217	27.9331	0.857917	1.18438	1
22	5.72404	7.09021	0.314946	1.15299	1
22	26.688	2.57595	-1.52885	-0.640609	1
22	5.78326	34.6965	0.104164	-0.337523	1
22	36.8103	12.6087	0.163418	-0.0536262	1
22	38.2697	10.6149	0.094207	-0.537728	1
22	7.72581	8.07864	0.936291	-0.765519	1
22	10.2894	2.05597	-0.865779	-0.817847	1
22	7.40099	11.4522	1.06794	-0.468091	1
22	38.4764	3.18693	0.125964	-1.59243	1
22	12.1252	33.1952	-0.490913	0.397659	1
22	20.0331	37.6495	0.144599	-0.0222248	1
22	6.01821	8.84629	-0.556657	0.438504	1
22	5.13276	37.6796	-0.365419	2.3216	1
22	18.4636	39.1182	-0.707617	-0.409795	1
22	8.09617	5.55794	-0.590146	0.189905	1
22	13.7904	34.6279	0.641433	-2.08436	1
22	16.7226	29.806	-0.948885	0.0485954	1
22	26.4309	36.5184	-1.00916	0.0418129	1
22	39.8135	0.549033	1.70044	0.025586	1
22	12.3438	25.1684	-0.55628	-0.059354	1
22	37.7758	1.65832	0.516219	-0.515698	1
22	22.187	33.3206	1.22094	0.277494	1
22	28.9203	0.882976	0.332446	-0.890173	1
22	29.5926	37.5365	0.732417	0.57786	1
22	25.4634	38.2583	-0.898578	2.02336	1
22	32.4564	0.698974	1.17322	0.442634	1
22	33.9091	11.4066	-0.715887	-0.209189	1
22	31.6515	36.3728	-0.175206	0.177224	1
22	37.1879	39.8972	-1.22882	1.56031	1
22	38.9943	2.21456	-0.0296599	-0.560868	1
22	19.0834	28.9661	-0.185633	1.20426	1
22	35.5961	8.40862	0.040571	2.02141	1
22	0.812065	39.9428	0.0241609	-0.855818	1
22	4.93564	35.796	-0.853689	-0.0339481	1
22	3.04278	4.79612	-0.499415	-0.691246	1
22	10.6546	37.2201	-1.33219	1.09558	1
22	7.06401	1.80103	-0.24379	-1.80012	1
22	10.4514	31.1026	-0.121514	-0.956622	1
22	6.05239	33.3208	-1.78486	-0.310301	1
22	8.13456	9.14896	0.0085141	-1.29282	1
22	35.2959	35.2537	2.90697	0.342424	1
22	21.2865	32.2941	0.500476	0.107965	1
22	12.0131	1.02912	1.0207	0.146986	1
22	5.17976	4.8825	0.404913	0.303505	1
22	1.24297	3.5437	1.19135	-0.808428	1
22	12.8009	0.140975	-0.844561	-2.20008	1
22	19.9516	32.1907	-0.303779	-0.754291	1
22	18.7642	37.0601	-0.549012	-0.0589024	1
22	10.2234	26.3974	2.73256	-0.278997	1
22	18.5319	0.680459	-1.40226	0.43118	1
22	22.0014	0.894061	-0.0830784	1.35029	1
22	0.492086	38.6	-0.0737861	0.513444	1
22	19.7946	1.65954	-1.94468	0.00897623	1
22	25.1762	34.4715	0.315688	-1.55719	1
22	21.0956	22.5648	-0.170358	2.16115	1
22	27.2545	39.2453	0.0304523	-0.262593	1
22	28.1336	31.4206	-0.171632	1.77336	1
22	28.9658	28.1238	1.21907	-0.481921	1
22	37.3905	2.99702	-0.322695	-0.293368	1
22	33.994	0.867672	0.0650039	-0.964894	1
22	36.0703	0.26542	-0.378614	0.891824	1
22	38.2603	0.561264	-1.09994	-1.18093	1
22	18.9971	31.6073	-0.399124	-0.54081	1
22	30.9517	3.88551	-0.167631	1.38752	1
22	32.9744	1.64441	-0.107351	-0.512679	1
22	4.13601	3.29978	0.229891	-0.628031	1
22	4.26774	38.3471	-0.426041	-1.25353	1
22	5.53674	36.7186	-0.175841	-1.34824	1
22	39.4374	4.90331	0.116019	2.55979	1
