16	2.82415	34.921	-0.383424	-0.776981	1
16	10.729	38.3539	-0.552629	-0.240449	1
16	39.0355	31.35	0.910888	-0.955735	1
16	19.8786	33.979	1.75871	1.41208	1
16	10.874	36.1377	-1.5438	-0.581423	1
16	3.73425	2.26475	0.688843	1.529	1
16	5.47427	0.0485129	-0.105709	1.6561	1
16	2.43438	5.45014	0.0982261	0.230222	1
16	16.2675	0.601679	-0.228753	0.0853313	1
16	14.802	8.85023	-0.0313769	-0.359523	1
16	20.4573	30.227	0.207375	1.45114	1
16	15.1077	3.47372	0.505144	-0.129754	1
16	10.4889	0.704427	0.551456	-0.490058	1
16	12.8712	33.6105	-0.363748	0.215351	1
16	27.5805	5.13865	0.535378	0.244222	1
16	16.5386	2.43584	1.9316	2.06817	1
16	22.3058	1.17213	0.629873	0.266887	1
16	28.6872	39.3573	-0.602493	0.0354977	1
16	32.7907	38.7335	0.00470462	1.25801	1
16	23.3573	2.77836	-1.89865	-1.86972	1
16	22.8031	34.1176	-0.645575	-0.00129867	1
16	19.6665	6.39248	0.943505	1.341	1
16	33.1362	2.4786	-0.422757	0.216949	1
16	33.6413	1.36018	-0.0314877	1.02849	1
16	31.3657	1.25487	0.12741	0.273812	1
16	36.8368	8.04958	-0.955302	-0.985517	1
16	36.1914	5.31701	-0.523996	-0.65234	1
16	0.0193316	38.4478	1.03168	0.767043	1
16	26.8305	3.89761	0.124684	0.212018	1
16	34.4688	16.5516	1.27034	-0.0992477	1
16	0.231317	1.63988	0.273722	1.87542	1
16	6.80788	4.42171	0.543799	0.120957	1
16	4.30206	39.3194	-2.09292	-1.54882	1
16	37.2093	10.2681	-0.377882	-0.678945	1
16	35.7096	37.7435	1.39473	1.10879	1
16	0.368727	0.450822	1.30527	-0.488329	1
16	37.7418	7.69745	-0.884797	0.0496225	1
16	0.904857	39.4349	0.318172	0.058153	1
16	14.2097	6.01595	0.518863	0.339174	1
16	7.52843	6.99879	0.222736	0.13004	1
16	13.7424	28.399	1.04253	-0.935405	1
16	6.59883	11.4781	-1.63401	-0.512937	1
16	8.2168	1.96694	1.29296	-0.584557	1
16	11.8612	37.2301	-0.400864	-0.448728	1
16	13.2465	1.03676	1.05997	-1.16141	1
16	10.6739	34.9461	0.216981	-2.18066	1
16	29.581	33.2161	0.829933	-0.032939	1
16	10.9643	3.95591	1.51536	-1.4819	1
16	13.4154	32.5683	-0.211797	-3.53637	1
16	26.3235	39.0981	-0.865648	0.817807	1
16	14.3628	4.60987	1.38139	-0.155751	1
16	18.8448	28.9283	0.202259	-0.332047	1
16	21.7279	4.27239	0.43055	-0.252882	1
16	23.8447	37.2144	0.0981338	0.0183971	1
16	28.3847	8.96123	-0.211083	-1.14423	1
16	33.7017	4.79424	-0.693271	-1.10835	1
16	28.1218	0.198302	-0.0090874	-0.252936	1
16	28.0558	14.0029	-0.414343	0.424748	1
16	29.7803	39.6915	0.207814	0.838476	1
16	32.3142	0.314828	0.882623	0.789354	1
16	1.73044	34.746	-0.362824	1.79236	1
16	30.1712	3.19331	-0.887748	-0.553663	1
16	23.9987	39.4051	-0.95023	0.0872891	1
16	39.8537	8.36946	0.908783	-0.177246	1
16	37.5679	35.0026	0.590556	-0.677956	1
16	38.8252	7.75674	-1.01241	0.535568	1
16	0.303468	5.90558	-0.0273622	1.48856	1
16	8.73059	7.22898	-0.0558351	-1.02356	1
16	3.79498	3.35492	0.833001	0.572801	1
16	2.44847	11.1342	0.0982708	0.922218	1
16	37.2854	4.18723	1.17733	-1.33546	1
16	19.4461	11.8441	-1.24883	0.498793	1
16	39.6397	17.1911	-0.456402	-0.556907	1
16	0.0755225	7.19113	0.318688	-0.371445	1
16	15.8603	9.74578	1.35918	1.44978	1
16	14.5827	37.2725	0.681661	0.192005	1
16	16.9412	5.54995	-0.57781	-0.588002	1
16	16.7928	34.667	0.623181	0.893682	1
16	10.3212	39.5047	-0.139659	1.03979	1
16	14.3099	12.2292	-0.476957	-0.95966	1
16	21.0757	38.4113	1.10337	-0.321344	1
16	24.7967	36.6784	-0.66438	1.05841	1
16	27.8939	35.1156	0.673431	1.01471	1
16	23.7668	1.71493	-0.399761	-1.63616	1
16	9.41912	0.451221	-1.04566	1.89225	1
16	26.738	38.0059	1.24047	-3.20624	1
16	21.5448	11.6877	-0.470569	-1.68851	1
16	20.2029	4.58945	1.76197	-0.242003	1
16	31.5479	5.03091	-0.562159	-0.146709	1
16	27.7617	2.57477	-0.411571	1.8188	1
16	39.1962	14.039	0.7369	1.94596	1
16	24.411	6.84314	0.221878	0.802058	1
16	38.2906	36.7534	0.780469	0.128417	1
16	38.9949	6.5869	0.021262	0.2957	1
16	36.8173	6.84379	-0.611047	0.0959169	1
16	31.4522	9.38325	2.00666	0.346044	1
16	30.8072	36.7301	-0.874717	1.00627	1
16	37.3888	36.3614	0.0598074	0.607642	1
16	13.5835	9.13401	0.551783	-0.657768	1
16	38.1671	15.6273	-1.18312	0.229606	1
16	37.972	19.0215	0.223243	1.18651	1
16	8.42996	2.9738	0.435098	-0.526895	1
16	3.07989	6.34157	-0.579927	0.339556	1
16	6.07272	3.54491	0.268121	1.20095	1
16	2.92487	39.1026	-1.2588	0.242672	1
16	9.05251	4.50455	0.809487	-0.343795	1
16	14.6839	15.3594	0.162744	-0.895875	1
16	5.27176	38.1544	-0.974838	0.516454	1
16	9.3897	5.62839	-0.483747	-1.25578	1
16	20.5052	9.01179	-0.101327	0.958243	1
16	8.15465	6.21202	-0.765667	-1.18245	1
16	16.3131	4.56924	0.525236	0.618982	1
16	11.5699	35.3352	-0.252347	1.76901	1
16	26.5028	1.31958	0.985507	-0.221791	1
16	26.3985	4.78005	-0.995316	1.58478	1
16	15.4496	1.18002	0.436498	-2.11084	1
16	22.7899	32.1673	-0.973089	1.57964	1
16	23.5585	5.09933	-0.22218	-1.399	1
16	29.2736	2.58535	-0.901388	0.289629	1
16	35.9316	2.06055	1.59803	0.335517	1
16	22.3552	5.07892	0.453639	-1.2505	1
16	28.3539	4.11274	-0.0891626	-1.46572	1
16	31.42	8.148	0.297055	0.57796	1
16	28.8729	37.5136	-1.40605	0.213264	1
16	31.7847	2.69001	0.65895	0.575247	1
16	36.6206	1.35987	-1.21845	-0.994335	1
16	5.56891	33.9423	0.345517	0.416714	1
16	35.5444	10.3773	-1.30045	-0.419601	1
16	0.635778	9.23912	-0.896285	0.811973	1
16	34.7017	9.84185	1.42687	-0.758386	1
16	30.548	4.32669	0.730493	0.932993	1
16	3.97608	35.0802	0.474578	2.07988	1
16	34.3287	14.9898	1.23222	-1.06693	1
16	0.775611	11.7832	-1.83207	1.45439	1
16	4.27288	7.86902	0.48758	-0.211024	1
16	1.91395	7.46464	0.0841893	1.00178	1
16	5.64436	8.31275	0.954284	-0.119895	1
16	38.9867	14.941	-0.216161	-0.196856	1
16	3.67516	1.1631	-0.110948	0.262884	1
16	7.15415	3.09882	-0.850895	0.621906	1
16	4.23463	30.8108	0.901849	1.13215	1
16	15.4861	39.8712	0.737291	-0.324202	1
16	18.9547	3.76155	-1.34286	0.540128	1
16	12.2511	36.1077	-0.708208	-0.807268	1
16	12.0643	31.972	-0.374267	0.608161	1
16	9.84556	6.83668	-0.664939	-0.0615189	1
16	17.5657	37.7854	0.571934	-0.746088	1
16	13.3424	4.76306	-0.552039	-1.47945	1
16	23.5089	7.15284	0.197067	0.39247	1
16	22.0141	36.9939	-0.0862711	0.140814	1
16	25.361	4.67475	0.961576	-1.42885	1
16	26.4986	7.71279	0.921273	-0.179016	1
16	29.1893	8.31698	-0.323839	-2.61582	1
16	17.1617	9.67694	-0.00761134	2.31722	1
16	19.1133	10.7952	0.888809	0.199771	1
16	16.2376	3.42367	-0.00257654	1.46294	1
16	17.8404	6.11389	-2.16396	0.284913	1
16	35.1781	3.12745	0.962115	-0.511054	1
16	24.2636	38.3642	-1.33043	0.913941	1
16	31.322	3.61738	0.723839	0.060533	1
16	39.1215	2.16652	-0.952251	-1.36265	1
16	26.0821	2.51103	-1.12823	-0.643342	1
16	11.4502	34.1762	0.289772	-0.116638	1
16	33.3107	10.3386	-0.0170646	1.30705	1
16	39.6609	4.98245	-0.357427	0.423108	1
16	31.1286	15.326	-1.70437	0.286869	1
16	34.1676	6.00793	0.268127	0.975216	1
16	1.55268	6.22202	-1.22932	-0.313065	1
16	36.3832	11.1482	-1.55154	1.14893	1
16	2.0361	0.120633	0.372745	0.424162	1
16	38.1048	2.45105	-0.809695	-1.02063	1
16	3.48406	5.43471	-1.21639	-0.476582	1
16	5.1168	12.3271	0.619681	-0.912489	1
16	10.5797	4.89815	-0.622538	-1.87337	1
16	15.9042	33.6916	0.331758	0.411022	1
16	10.4961	8.45818	0.065049	0.585999	1
16	14.6931	35.1269	0.201805	-0.879934	1
16	14.4167	33.1215	0.639002	1.14016	1
16	16.1968	10.8483	0.998658	0.770993	1
16	14.2385	1.74641	0.172893	-1.2755	1
16	14.9454	10.2476	-0.357487	-0.274771	1
16	22.7222	38.2755	0.974398	0.00911938	1
16	21.2471	13.0655	0.86996	1.82983	1
16	19.7226	7.67249	1.4792	0.618181	1
16	29.1462	20.9575	-0.504923	-0.0991085	1
16	29.0933	17.8269	-0.427915	-0.785944	1
16	22.8678	4.05416	0.180825	-0.622202	1
16	24.643	9.95012	0.00121738	-0.544107	1
16	30.0843	17.3475	-1.1223	0.86634	1
16	32.5566	4.45901	1.50383	0.381023	1
16	28.0126	38.0777	0.350697	1.21586	1
16	27.6464	6.92477	-1.67347	-0.266387	1
16	37.8891	6.38778	0.741639	0.539541	1
16	34.499	8.28219	0.00959614	0.654795	1
16	1.37014	5.11047	0.252164	-1.00902	1
16	37.8092	37.7303	-0.0955528	-1.56276	1
16	38.4281	12.1682	0.868971	0.77379	1
16	35.6254	17.1224	-1.08373	0.481737	1
16	38.3894	10.4069	-0.567499	-0.892026	1
16	2.65006	12.3616	-0.51729	0.891836	1
16	4.50154	15.2767	0.271713	0.750833	1
16	2.44964	3.32137	-0.983788	0.272551	1
16	14.6499	7.23407	-1.95401	-1.04891	1
16	21.1083	15.1863	0.431038	0.994082	1
16	13.0583	5.80251	1.26451	1.02215	1
16	18.0587	11.974	0.54492	2.05391	1
16	15.7349	11.8017	-1.56338	1.23796	1
16	19.5673	36.9433	1.63506	-0.121945	1
16	13.4247	38.5678	-1.45358	-0.0747758	1
16	21.6552	35.9699	1.23175	1.27765	1
16	17.6159	7.53167	0.722725	3.13755	1
16	19.2447	8.85694	-0.0478601	-0.613273	1
16	10.778	11.9264	0.523643	-0.561471	1
16	24.3752	4.25275	-0.83965	-0.57648	1
16	16.0721	39.0107	0.272266	-0.931474	1
16	18.6212	36.1583	-0.362009	-1.05296	1
16	31.6804	19.1048	-0.425182	0.218999	1
16	25.0722	39.8312	0.0610834	-1.16365	1
16	34.0305	3.00474	-1.1934	1.26238	1
16	19.1744	17.2951	1.56157	0.200522	1
16	29.6036	7.37717	2.16854	-0.527309	1
16	22.0955	13.8446	-0.211797	1.49686	1
16	33.0544	16.9274	0.408659	-0.672023	1
16	30.8779	7.14716	-0.0122624	-0.066814	1
16	32.2012	7.5192	-0.680197	0.167796	1
16	2.22765	9.61306	0.815725	0.808982	1
16	32.5825	9.40888	-0.754035	0.82005	1
16	32.8614	5.5174	-0.0645489	1.94403	1
16	31.8854	16.0163	-0.188314	-0.88468	1
16	32.6891	12.3049	-0.651636	2.39969	1
16	34.3048	11.2416	1.04137	-1.0585	1
16	35.7357	22.989	0.356329	-0.832757	1
16	37.3403	12.3241	1.76497	0.574928	1
16	4.66097	13.6236	-0.114781	0.560842	1
16	4.34727	6.58533	-0.072958	-1.2658	1
16	3.15405	7.80123	-0.941118	0.875048	1
16	36.1339	15.019	-1.48966	0.522546	1
16	19.8375	15.3775	1.07961	0.828277	1
16	39.5283	12.5268	0.128745	0.2744	1
16	13.3408	3.37692	-0.323019	1.03693	1
16	6.93021	9.02207	0.0868864	1.16923	1
16	9.00699	10.2184	0.0614565	-1.52061	1
16	17.7265	34.0123	-1.35791	1.11508	1
16	15.4759	38.113	-0.346401	-1.03069	1
16	14.5234	36.2715	0.682619	0.350766	1
16	11.2536	2.8162	1.28054	0.799638	1
16	21.4106	5.54917	-0.320251	1.97028	1
16	19.4839	0.813477	0.251573	-1.61052	1
16	15.0765	13.2774	0.259231	0.440384	1
16	24.6406	0.956824	-1.22935	-0.438171	1
16	25.5123	5.86327	-0.303888	0.784192	1
16	27.9124	10.0048	-1.1408	-2.54643	1
16	26.0625	10.1059	-1.83099	1.43553	1
16	28.7942	11.6077	0.611735	0.396415	1
16	27.1587	13.3633	0.65733	-1.97451	1
16	27.0373	12.0778	0.469223	-0.134185	1
16	36.4466	13.732	0.878777	0.574862	1
16	34.4784	38.3546	-0.396457	1.16807	1
16	38.1327	9.18361	0.89532	2.36645	1
16	29.0504	4.98435	-1.78552	1.12828	1
16	33.243	14.1856	1.35989	1.03417	1
16	29.7253	6.13821	1.01498	0.552167	1
16	35.2358	36.242	1.02423	0.921329	1
16	29.4468	3.92391	-0.454294	0.569082	1
16	34.9817	20.7529	2.53302	-0.218507	1
16	5.06692	21.7381	-0.124982	-1.48819	1
16	0.0904045	2.82454	0.164244	1.17871	1
16	2.49515	13.4859	0.800252	-0.360316	1
16	5.74136	19.3647	-0.499109	-1.43918	1
16	0.0234716	10.6174	0.128204	0.156179	1
16	18.5359	37.1627	0.765969	-0.768802	1
16	19.9723	16.4809	0.126445	0.16867	1
16	4.54106	10.1626	-2.19647	0.77369	1
16	6.92127	16.1322	1.79956	0.332363	1
16	18.7409	7.68939	-0.512297	0.110181	1
16	17.5535	36.441	1.55424	-0.640482	1
16	18.6463	9.91449	-0.675371	0.787228	1
16	15.0094	16.3912	-0.498076	0.600453	1
16	15.9331	8.7455	0.0615278	0.668643	1
16	28.3859	5.91344	1.13144	0.00297623	1
16	21.1272	1.16736	-0.0810311	-0.0141263	1
16	30.3392	8.23585	1.46549	1.07325	1
16	21.0624	7.74707	3.61332	0.195627	1
16	23.5166	9.85848	-0.622647	-1.04604	1
16	34.8598	6.92946	0.188763	1.31929	1
16	20.4412	10.7245	-0.570251	1.07441	1
16	21.5876	18.4125	1.11736	-0.530928	1
16	16.5737	13.6037	-1.05798	1.01299	1
16	30.3682	11.7361	1.52762	-0.0860228	1
16	20.7381	6.45851	-0.805837	0.597477	1
16	35.7742	7.31249	-1.59802	-0.209385	1
16	30.2161	9.60814	0.171317	1.02008	1
16	25.984	17.6103	1.17112	1.48907	1
16	32.2371	21.3064	-0.0822074	-1.88512	1
16	5.40416	14.3268	-1.00571	-1.02352	1
16	3.10641	15.9491	-0.781985	-0.84602	1
16	1.18636	23.0156	0.776728	-0.235561	1
16	9.76835	17.822	0.655852	-0.627909	1
16	5.03206	9.26433	0.983212	0.0616235	1
16	36.622	9.40364	-2.15076	0.641723	1
16	12.2273	38.1874	-0.963194	-1.45124	1
16	13.26	12.6074	1.19351	-1.09962	1
16	9.29907	8.53824	0.4437	-0.315871	1
16	1.97491	8.61645	-0.263878	-1.25486	1
16	8.01334	5.16083	-0.128034	0.987226	1
16	3.4781	10.6488	1.03219	0.107507	1
16	8.38397	21.8503	-1.77738	-2.14627	1
16	16.9587	8.39918	2.14229	1.13413	1
16	10.2321	9.8861	-0.190612	-0.638101	1
16	8.74192	13.1532	2.14638	-0.200169	1
16	20.1999	12.7669	-0.0576538	-0.315284	1
16	12.0594	1.86889	-0.448398	0.0731637	1
16	31.3246	12.5821	-0.610858	-0.193351	1
16	15.8456	5.92165	-0.157984	-1.08202	1
16	25.481	7.32041	-0.334192	-1.2606	1
16	11.9577	4.70906	0.275379	1.26955	1
16	17.5563	4.50001	-0.33571	0.53168	1
16	25.2409	10.8185	0.511139	1.9591	1
16	24.2152	11.1678	-0.275308	-0.356715	1
16	17.2233	17.2837	0.201682	0.190609	1
16	30.4006	12.9046	-0.110435	0.0390263	1
16	22.4422	9.65455	-0.657285	-0.997368	1
16	26.3616	19.8444	0.582171	1.90681	1
16	29.7268	19.9688	-2.23788	0.531147	1
16	35.5028	8.37954	-0.150251	0.159732	1
16	22.2479	12.5636	1.27723	0.349432	1
16	35.8005	16.0162	-0.816967	0.227388	1
16	32.0872	13.413	1.20179	-0.348611	1
16	29.6169	13.7844	1.16275	0.21808	1
16	2.97637	20.7062	-0.1624	2.02107	1
16	35.6393	19.994	-0.338305	-0.598869	1
16	0.597405	16.393	-0.0755026	0.938788	1
16	5.0007	3.33237	0.38717	-0.878664	1
16	3.86061	11.6403	-0.592338	1.28601	1
16	39.6541	9.60128	-0.0980978	-0.882623	1
16	8.76879	11.3317	-0.309821	-0.398729	1
16	13.7718	10.4454	1.20035	0.934221	1
16	8.65789	17.2511	-1.80014	1.01683	1
16	12.4365	11.2211	-0.233101	-1.8614	1
16	11.623	5.93564	-0.968221	-1.07811	1
16	11.818	16.6243	0.113799	0.26294	1
16	17.315	0.214537	0.879234	1.10554	1
16	17.7937	16.4083	-0.607168	0.201967	1
16	18.9308	14.0335	0.11168	-0.890686	1
16	22.8823	6.25871	-0.628384	0.62178	1
16	26.2891	14.1485	0.807674	-1.32607	1
16	19.669	9.80586	-1.24098	-0.0319257	1
16	33.3777	7.12226	-1.25046	-0.941572	1
16	26.6075	5.95499	0.16118	-1.71915	1
16	24.9196	14.3978	0.428018	-0.880548	1
16	27.635	8.14547	-0.50966	-0.680384	1
16	31.4813	22.1241	-1.92081	-0.430033	1
16	28.85	14.7218	1.3238	-0.475669	1
16	27.6067	18.4139	-2.14128	-0.57848	1
16	26.6018	15.9421	0.500324	-1.28433	1
16	33.8712	22.6787	0.870261	0.836762	1
16	33.5973	12.994	-1.20115	-1.56373	1
16	25.6453	3.63973	-1.38347	0.80688	1
16	32.1045	14.6118	0.403063	-1.92769	1
16	31.0887	13.7776	1.00544	2.38368	1
16	37.4097	5.45304	0.596171	-0.917149	1
16	29.0719	9.61543	-0.947356	-1.25443	1
16	1.56904	12.8411	1.19339	-0.439335	1
16	36.0423	26.8725	-0.0452274	2.07537	1
16	38.2688	17.1222	0.680424	1.56696	1
16	14.8596	38.9693	0.32297	0.626508	1
16	2.35624	15.1011	0.225022	-0.12341	1
16	7.83314	11.7759	1.78703	1.51999	1
16	35.4704	14.1412	-1.4048	-0.419818	1
16	7.97702	19.0647	0.532953	-0.19244	1
16	12.0702	12.2674	2.58044	-0.296552	1
16	9.91443	11.3282	0.404618	-0.890911	1
16	13.9982	19.063	0.893108	0.102237	1
16	15.8544	15.7178	-0.251974	0.739195	1
16	7.78763	10.7169	-0.393812	-0.746015	1
16	7.8404	14.1164	0.225676	1.71958	1
16	8.8677	20.9809	-0.912285	0.174966	1
16	11.6407	13.1977	-0.587207	-1.99955	1
16	10.7259	14.4709	-1.04246	0.640607	1
16	10.7898	7.16111	0.116044	-0.533986	1
16	15.776	17.0798	1.58885	1.44939	1
16	20.4743	14.1261	-1.24984	1.4674	1
16	26.7118	8.76816	-0.935187	-1.09391	1
16	18.1533	8.70703	0.615779	-0.0825913	1
16	27.4726	16.6442	0.782985	1.89893	1
16	25.529	8.5004	0.557193	-1.14221	1
16	37.8431	11.3209	-0.50099	0.936202	1
16	27.8196	11.073	0.746033	0.355838	1
16	33.3261	24.7135	0.691804	-2.22469	1
16	31.0669	10.3514	-0.759936	-1.71847	1
16	0.0340036	22.0937	0.367517	-0.246255	1
16	34.7244	18.3482	-1.40512	0.690011	1
16	0.174049	18.1939	-0.671085	1.01449	1
16	17.6922	3.21742	-0.338344	0.280855	1
16	7.76163	16.6871	0.688098	1.1748	1
16	16.8585	23.0753	-0.747845	0.338817	1
16	31.0058	23.1915	0.611443	2.04009	1
16	39.9993	13.4872	0.573899	1.43617	1
16	0.905361	8.14415	0.58669	1.91193	1
16	5.54797	25.8827	0.412785	-0.619163	1
16	14.7105	20.2274	-1.31534	0.302221	1
16	6.03628	15.5749	0.96604	0.897473	1
16	7.5605	12.8248	-0.022685	0.79184	1
16	2.19136	18.5107	0.907269	2.32926	1
16	38.9642	11.2361	-0.662837	0.0856281	1
16	25.2278	12.3548	-2.39988	0.400041	1
16	39.4701	16.0081	-2.06964	0.914596	1
16	11.7888	15.4929	0.111756	0.79088	1
16	12.6369	10.1144	0.966671	0.998669	1
16	15.0118	19.1873	-0.408182	-1.42343	1
16	24.6062	5.32588	-0.56293	-0.476045	1
16	3.46499	9.64467	-0.71004	-0.0784722	1
16	12.4582	25.6153	-1.45205	1.53999	1
16	14.6305	11.234	0.538008	-0.34492	1
16	22.7977	27.5367	0.715751	0.0132896	1
16	14.7145	22.2249	-0.625984	-0.52113	1
16	23.1978	17.5815	0.120219	-0.950282	1
16	25.5175	16.2553	-0.95029	0.371799	1
16	38.0772	28.0939	0.692752	1.04468	1
16	31.9005	17.1101	-0.970557	-0.799618	1
16	31.094	19.9689	-0.660493	-0.652113	1
16	32.0305	10.2766	-2.34647	-0.911107	1
16	26.2225	12.8177	-0.150146	-0.818392	1
16	22.8274	29.5742	-0.439864	-0.543211	1
16	31.0053	16.6524	0.415342	-0.0201831	1
16	37.1087	15.4517	-0.565252	-0.127164	1
16	30.3681	23.9603	-0.533318	0.0433524	1
16	31.1632	21.1336	-0.505415	2.0207	1
16	36.9256	21.3676	1.4707	-0.625604	1
16	12.9153	14.1706	-1.03086	-0.876367	1
16	6.3796	13.8548	-1.24659	-0.332775	1
16	3.86887	12.8677	-0.660394	0.334619	1
16	13.5989	15.2949	0.094478	-1.9655	1
16	0.246868	24.5012	0.829819	-0.307864	1
16	2.6965	19.4588	-1.06508	-0.0586315	1
16	37.884	24.6677	0.215363	-0.936876	1
16	3.27546	18.436	-0.13755	1.51492	1
16	6.68377	10.3122	-1.13045	1.43749	1
16	3.5159	14.5396	-0.359925	-0.391697	1
16	13.1378	19.7122	-0.628731	-1.87867	1
16	5.06845	16.9543	0.516343	-0.761161	1
16	17.285	20.1684	0.563221	2.05392	1
16	19.7346	20.5235	0.986352	1.08667	1
16	15.2074	21.149	-0.814512	-1.32226	1
16	16.2288	7.6307	0.686704	-0.595439	1
16	16.8746	15.6623	-2.03023	-0.262015	1
16	24.088	12.5053	0.733053	-0.178075	1
16	24.6797	15.464	-0.0693968	-0.394959	1
16	23.5932	8.27796	1.5333	1.10937	1
16	16.4249	19.2325	-0.271962	-0.775197	1
16	21.7756	24.1225	0.977484	-0.0330039	1
16	25.3323	26.6231	-0.171055	-1.1038	1
16	22.8376	24.2267	-0.149428	0.931714	1
16	26.0641	21.8742	0.184508	-0.750191	1
16	33.7836	39.1642	-0.635557	-0.52978	1
16	27.68	27.8318	1.48045	0.359619	1
16	34.5769	19.7456	0.983349	-2.03943	1
16	37.8024	1.30553	0.977466	0.505564	1
16	30.0861	16.2765	-0.208396	-0.513832	1
16	34.3465	13.9443	-0.131411	-0.29897	1
16	33.1138	15.2599	1.10194	-1.90006	1
16	1.09344	21.7012	0.788183	2.68672	1
16	8.87653	18.3287	0.153844	0.0672892	1
16	4.0041	19.7032	-1.20033	-1.64683	1
16	9.93275	20.8259	-0.335501	-0.414952	1
16	1.41399	14.2535	0.884604	-0.413422	1
16	6.32948	17.1384	-0.283904	0.288088	1
16	6.55841	29.2666	-0.418242	-0.826942	1
16	0.109369	20.0049	0.231473	-0.9459	1
16	3.98419	16.7794	-0.715957	0.328392	1
16	6.49182	12.5885	-0.960814	0.343688	1
16	15.9774	20.2625	-2.35335	-0.152028	1
16	7.39251	22.5038	0.236523	-0.52835	1
16	10.1488	23.6246	-0.541244	0.644731	1
16	10.5221	16.2946	1.2128	-1.07883	1
16	17.0658	11.7164	-0.0019929	-2.02856	1
16	16.3085	21.495	-0.188152	-0.696367	1
16	4.14066	20.8565	-0.703518	-0.42033	1
16	8.82852	28.4631	-1.84518	-0.594027	1
16	35.282	13.1093	-0.0478214	1.53738	1
16	15.9586	18.1749	2.22196	1.77093	1
16	18.8759	12.9063	0.485711	0.359983	1
16	30.6042	5.43319	0.0507127	1.68075	1
16	24.4696	8.92241	-0.177458	-1.56224	1
16	20.3885	18.1182	-1.72389	0.439233	1
16	18.7347	27.9667	-0.573918	-0.646772	1
16	32.2693	6.39183	0.174208	0.294462	1
16	25.6147	20.8543	-0.34405	0.422891	1
16	29.2309	23.913	1.12364	-0.426691	1
16	38.3372	32.9999	0.111351	0.318506	1
16	7.42302	17.6954	1.72717	0.984317	1
16	33.0798	21.9109	-1.16469	1.45175	1
16	28.6635	19.093	0.112853	-0.485463	1
16	1.70017	17.4936	-0.972935	0.69141	1
16	38.8716	18.1709	-0.772685	0.772212	1
16	28.9693	16.007	1.37397	0.660071	1
16	2.06651	16.3482	-0.232574	1.45952	1
16	7.09507	14.7947	0.108573	-0.355841	1
16	2.59032	23.6584	0.387724	-1.35357	1
16	7.89278	26.4904	0.570825	1.39029	1
16	4.73598	24.8403	0.181625	0.247375	1
16	13.9736	39.9102	0.940587	-1.58102	1
16	13.4295	11.3669	-0.0453399	0.136483	1
16	10.5672	13.4574	0.744992	0.193306	1
16	6.66689	7.86679	-0.831001	-0.108081	1
16	14.1139	14.2032	0.905096	-1.34637	1
16	17.7679	13.2052	-1.35	0.301806	1
16	22.1449	15.0159	-0.6271	-0.219221	1
16	11.7786	19.0846	1.3063	-1.79215	1
16	16.469	14.6948	0.723143	-0.92486	1
16	6.11662	22.3331	1.10437	0.148795	1
16	22.2129	17.2724	-0.566535	0.47309	1
16	20.6562	19.1959	1.46778	-0.729662	1
16	25.3134	27.7229	-0.995441	-0.540819	1
16	28.2019	12.4828	-0.765836	-1.59586	1
16	20.9096	16.968	0.56583	0.755016	1
16	22.7478	26.2601	-0.675823	0.856495	1
16	15.3482	14.5292	-2.3481	-0.153567	1
16	32.5901	23.0461	0.606363	-0.793907	1
16	33.4091	26.6522	-0.314336	-1.03308	1
16	38.1141	13.5674	0.70645	-0.0394643	1
16	32.1701	20.0352	-0.500587	0.449019	1
16	31.0523	31.0448	0.234977	-0.88169	1
16	28.0264	15.3998	0.406565	1.3129	1
16	36.9233	19.0385	1.12635	0.927799	1
16	33.6502	23.7716	-1.03303	0.721047	1
16	38.9487	26.1923	-0.129581	0.93072	1
16	31.4782	11.4467	-1.19484	0.203417	1
16	37.9549	20.8677	0.906176	-1.24552	1
16	5.58384	23.2146	-1.60189	0.318614	1
16	35.9329	21.883	0.854526	-0.960813	1
16	37.5664	26.0493	0.277841	0.241852	1
16	36.7892	17.2312	0.840653	0.819158	1
16	9.67341	12.7602	-0.0627798	-1.51877	1
16	1.32282	24.5387	-0.679487	1.39209	1
16	1.65841	19.8029	0.938137	-0.312389	1
16	7.99707	8.18296	0.507363	-0.188273	1
16	6.3784	18.3035	1.51016	-1.01179	1
16	9.7832	15.5685	-0.744294	0.657735	1
16	24.157	19.1477	1.73208	0.0351506	1
16	18.8929	16.2483	-0.627077	-0.291004	1
16	22.6668	11.2763	2.0579	0.0667758	1
16	24.6186	7.89867	-0.480664	1.41818	1
16	21.6952	16.1368	1.29508	-0.718039	1
16	18.0833	22.7238	1.92368	1.38633	1
16	14.8866	25.3526	0.0774125	-0.216844	1
16	26.4727	11.2389	-0.0648707	-0.296956	1
16	29.652	10.851	0.683755	0.379689	1
16	34.2672	25.6263	0.963062	0.139802	1
16	27.841	20.7945	0.164568	0.278136	1
16	28.3804	29.3351	1.169	1.96543	1
16	25.0009	30.6922	-1.92208	-0.678803	1
16	25.7947	22.9766	-1.16589	-0.493636	1
16	35.5724	24.0848	1.76055	-0.88123	1
16	22.7951	16.2464	0.832408	-1.42231	1
16	38.1555	22.0316	-0.90504	0.743733	1
16	28.3485	24.9245	-0.746546	-0.676505	1
16	35.221	29.065	-0.0178106	1.55199	1
16	39.3521	19.1077	0.0895811	0.598065	1
16	3.08915	22.7312	-0.747586	-1.18893	1
16	0.973017	20.5997	-1.75664	0.205813	1
16	4.97681	11.31	0.222767	0.92604	1
16	27.1464	14.8832	-0.453513	0.285326	1
16	39.0899	20.4083	-0.700612	0.579731	1
16	37.2797	14.38	-0.940204	-0.852799	1
16	9.36488	22.1533	0.0660953	-1.03687	1
16	7.17119	25.0633	-0.194952	-0.939421	1
16	11.5919	8.66041	0.437212	-1.83034	1
16	3.08282	17.1878	0.169597	-0.916106	1
16	37.5169	23.1325	-1.69763	-0.314568	1
16	2.43726	25.369	-0.739602	0.197476	1
16	1.28744	15.4835	1.37961	-0.0706812	1
16	17.8557	21.2271	1.20127	-0.638889	1
16	8.48929	25.2519	-0.553615	-0.318354	1
16	28.3743	22.6479	-1.36598	0.598372	1
16	15.9645	22.5732	-0.115046	1.2722	1
16	23.2038	13.1952	0.753873	-0.320044	1
16	23.1518	21.6582	-0.777435	-0.179399	1
16	21.6984	26.8359	-0.82808	1.31654	1
16	20.5889	22.5825	0.153948	-1.75627	1
16	21.0279	28.8968	1.08322	0.316831	1
16	24.5849	22.9684	0.748342	-1.13305	1
16	16.0021	25.3886	-1.59401	0.400443	1
16	26.6615	20.8481	-0.644885	1.00228	1
16	24.244	25.012	-0.0212402	1.07928	1
16	24.1596	20.4937	-0.090621	-1.57496	1
16	32.6628	3.40171	0.455928	3.0735	1
16	25.6863	15.2501	0.441659	2.49279	1
16	36.6635	29.1529	0.271779	-1.65376	1
16	30.9277	25.0057	0.0992028	1.99208	1
16	32.9735	18.1029	-0.341886	0.737415	1
16	39.9876	25.8962	1.56175	-2.28532	1
16	39.3113	32.5436	0.651677	0.492434	1
16	9.20375	19.8969	0.0913036	0.43783	1
16	5.7016	24.2153	1.06549	2.31494	1
16	31.6743	25.7548	-0.545053	-0.174546	1
16	39.8832	23.437	-0.783627	1.29035	1
16	9.96758	19.1956	-0.0455865	-0.529594	1
16	0.332095	26.9219	-0.447027	-1.34519	1
16	10.8561	24.584	2.32639	-0.313208	1
16	12.9463	18.5838	-0.891902	-0.596537	1
16	6.93537	23.5211	-0.181764	-0.845219	1
16	13.9242	22.8779	1.08665	-0.905867	1
16	15.0604	23.2609	-1.22879	-0.363962	1
16	4.1384	23.5662	0.552198	1.21013	1
16	14.028	29.688	-0.967544	1.33765	1
16	10.8235	18.4225	0.90158	1.97708	1
16	29.2284	12.6842	-0.972688	-1.45884	1
16	25.2479	19.7718	-0.659987	-0.878403	1
16	19.058	19.4563	-0.0591804	-0.530763	1
16	21.438	25.7719	0.49201	2.26218	1
16	18.7417	24.8371	1.51897	-0.947429	1
16	18.6869	15.0165	-0.937153	-0.819816	1
16	25.1102	18.4497	0.390549	0.0267041	1
16	27.1159	23.0376	1.63385	0.781004	1
16	20.5687	21.4521	-0.737849	-1.5551	1
16	25.9273	28.8773	0.0482251	1.41481	1
16	31.1147	29.9855	0.269034	-0.895512	1
16	17.6296	23.7543	0.0238701	-0.329418	1
16	39.1844	30.0633	1.72661	0.696692	1
16	23.8054	23.7358	0.457397	0.0182113	1
16	0.340396	32.1295	0.448978	1.1881	1
16	23.0471	23.0192	0.197802	0.407723	1
16	30.1788	21.6684	0.0882966	0.740033	1
16	36.6598	34.5695	-0.445758	-0.532123	1
16	36.7075	23.8617	-1.51953	0.285416	1
16	34.484	24.5079	0.392053	0.251885	1
16	38.2042	26.9688	1.62256	0.732659	1
16	2.10697	30.233	-1.05425	-1.55399	1
16	12.281	20.2962	0.32967	-0.54856	1
16	0.463147	34.5123	-0.272848	0.00358299	1
16	8.9394	30.5342	-1.35826	0.732886	1
16	18.5207	20.2914	1.70206	-0.296322	1
16	3.47629	25.9133	-0.107368	-1.2078	1
16	22.0883	19.5516	0.203451	-0.831781	1
16	8.19512	27.5611	-0.54752	1.26712	1
16	7.21395	20.044	-0.743297	-0.510533	1
16	13.3463	20.7604	0.375795	0.655478	1
16	11.9958	24.5689	-1.15575	0.425944	1
16	17.4866	14.2984	0.428945	-0.541228	1
16	10.1908	25.5324	1.22674	-1.85242	1
16	25.2311	13.3687	1.55617	-0.306391	1
16	12.9157	26.599	-0.00089128	-1.38963	1
16	9.8661	35.5314	-0.310836	0.878535	1
16	23.1615	14.2088	0.805209	2.28678	1
16	24.0149	16.7645	-0.283832	-0.0211294	1
16	26.4761	23.8622	-1.31967	-1.65992	1
16	23.3173	19.8848	-0.270201	0.341281	1
16	23.4651	28.5863	0.621574	2.005	1
16	20.4333	26.5856	-0.38652	-1.78139	1
16	23.162	18.7124	0.339775	0.238039	1
16	25.7077	30.0051	-1.42836	1.29532	1
16	25.7188	34.4851	-0.577288	0.595704	1
16	33.8225	30.9538	-0.157521	0.336808	1
16	0.593711	37.3376	-0.28953	2.38727	1
16	37.0811	27.1399	-0.096662	-0.671023	1
16	3.302	21.7266	1.39061	0.604159	1
16	37.1518	30.393	0.247213	0.230374	1
16	34.9366	31.2263	-0.361541	0.704616	1
16	27.5394	34.0758	0.388527	-0.158084	1
16	8.60262	15.9201	-0.204649	-0.099878	1
16	6.61916	21.3776	0.5198	-0.736679	1
16	39.0461	28.9082	-0.111558	-1.7366	1
16	0.38076	33.2611	-0.998519	0.0116073	1
16	11.0844	30.048	-0.741446	-1.77142	1
16	8.88221	24.314	-0.319994	-0.936333	1
16	5.50867	28.9812	-0.316843	0.533698	1
16	10.2581	26.7725	0.363433	0.16719	1
16	8.81579	14.7261	-0.457356	0.603147	1
16	19.4824	21.6127	0.511368	1.31078	1
16	22.3351	20.7446	0.511374	1.54263	1
16	11.2624	25.6847	1.17774	-0.516118	1
16	14.8928	30.0642	1.99247	0.159146	1
16	25.3464	25.3003	0.536772	-0.260604	1
16	19.4579	22.7221	0.360274	-0.295636	1
16	8.32838	22.9608	0.477662	0.385487	1
16	26.9963	17.6536	-0.112219	-0.303816	1
16	23.1676	25.2978	-0.49809	0.932224	1
16	24.2201	13.5208	0.122202	-1.44641	1
16	20.6986	24.6298	-0.855743	0.860641	1
16	25.3749	33.347	0.722394	0.996014	1
16	33.28	37.8617	-0.977183	1.26985	1
16	36.3918	27.9163	0.910422	1.45923	1
16	34.8841	33.9939	0.50954	0.665557	1
16	29.8878	22.984	-1.48125	-0.434582	1
16	1.36029	32.5547	0.417082	-0.401865	1
16	27.8395	24.0719	-0.804334	-1.88686	1
16	34.7666	23.3366	-0.941236	1.97576	1
16	35.2074	34.969	-0.817446	-1.26768	1
16	36.5391	25.6734	1.89301	-0.0623903	1
16	1.27152	31.5179	-0.980288	-0.0993512	1
16	31.055	17.973	2.11006	0.586455	1
16	0.0333882	30.8449	-0.107296	-0.838213	1
16	25.4385	31.7846	0.183546	0.373316	1
16	2.63688	26.8572	-2.26385	-0.0522162	1
16	7.11293	1.49594	0.47052	-0.455819	1
16	2.36816	33.7809	-1.66354	0.280852	1
16	3.38177	24.6965	0.249342	-1.53456	1
16	9.4715	37.9652	0.715404	0.276077	1
16	7.02757	0.143253	-0.0660512	-1.36202	1
16	38.7864	23.7324	0.578335	-0.65125	1
16	2.87184	1.76408	0.533683	0.230175	1
16	17.2069	22.0955	0.6243	-0.209781	1
16	12.2655	27.4735	-0.840075	0.0419513	1
16	12.3547	28.567	0.435864	0.815062	1
16	10.1337	30.9565	-0.197879	-0.0120421	1
16	21.883	21.8969	-0.940544	-0.666838	1
16	19.3292	32.9713	-0.511043	-0.400067	1
16	11.471	23.554	1.01066	0.0906589	1
16	27.3533	19.5622	1.32453	1.22943	1
16	13.8475	27.2259	-0.0808303	-0.345413	1
16	14.1882	26.2998	-2.49574	0.899963	1
16	23.8966	27.5583	0.27099	-0.697509	1
16	17.1504	29.8632	-0.695092	0.22294	1
16	33.0328	27.7293	-0.839868	-0.966694	1
16	22.9539	30.964	-0.284516	-0.801718	1
16	34.9876	26.8036	2.13075	0.150333	1
16	26.4108	36.6261	0.327694	0.134997	1
16	25.725	35.9035	0.645438	-1.47603	1
16	18.2567	27.0419	0.917272	-0.310617	1
16	31.1237	28.6735	-0.0662927	-0.345359	1
16	26.4469	26.1335	1.14457	0.0370602	1
16	27.3207	29.861	-1.13566	0.549325	1
16	38.2094	30.633	-1.12252	-0.379392	1
16	6.84402	26.0047	0.0583865	1.19457	1
16	4.88982	27.727	0.21985	-1.24936	1
16	7.67945	30.0132	-1.00262	0.601493	1
16	31.5237	32.1238	-0.122467	1.00492	1
16	4.50021	25.9235	-0.0411438	0.101599	1
16	35.2606	25.1375	0.0410783	-1.28416	1
16	2.07621	22.1414	-0.769657	-0.969277	1
16	4.52738	36.2586	-0.991348	0.337084	1
16	5.56177	26.9179	1.28327	-0.202864	1
16	24.117	18.0432	0.155973	-0.279908	1
16	10.7613	17.2958	1.25778	-0.0247479	1
16	13.4557	25.4741	1.43561	2.4887	1
16	14.1839	24.2637	-0.207167	0.533659	1
16	13.7694	16.4092	1.13952	1.04014	1
16	19.4575	39.7167	1.07238	-0.120785	1
16	12.9096	23.163	0.564055	0.0759531	1
16	9.68921	33.0492	0.945371	-0.24874	1
16	19.5876	35.2833	-2.04686	0.727716	1
16	15.258	26.4459	-1.85225	-1.06564	1
16	21.1398	20.3417	0.850809	-0.220712	1
16	18.5424	25.999	-0.860644	0.349743	1
16	16.5049	24.0696	-0.327469	-1.11563	1
16	24.5546	32.6939	2.73845	-0.797953	1
16	18.6105	31.8389	0.141572	-0.167389	1
16	17.6061	18.4107	0.967635	0.180412	1
16	32.037	33.2467	-1.75846	-1.07995	1
16	26.4478	18.8094	0.781517	-2.42012	1
16	33.0338	32.9552	-1.1439	0.379343	1
16	30.0995	25.8631	1.67665	0.0317377	1
16	29.3021	26.6081	0.476498	0.471756	1
16	17.4226	26.0413	-0.0818241	-1.54665	1
16	32.1409	30.8807	1.75221	-0.612954	1
16	39.7024	27.8423	-0.297611	1.10822	1
16	7.74303	28.8164	0.616207	1.16203	1
16	6.67846	33.9797	-0.12347	0.748653	1
16	34.0996	21.3616	-0.540788	1.31725	1
16	3.10845	31.0001	1.65302	1.56375	1
16	7.0386	28.0909	-0.752087	0.157385	1
16	2.4002	38.2774	0.368443	1.06253	1
16	7.96525	39.7069	0.0711087	0.0146575	1
16	31.7088	39.3082	-0.327777	-0.493454	1
16	4.97013	34.7415	0.0504517	0.558085	1
16	0.0609887	20.9863	1.04473	-1.02321	1
16	11.8249	26.5425	-1.4616	0.3034	1
16	3.78945	26.9441	-0.137135	-0.116619	1
16	20.6746	34.872	-0.121079	1.66406	1
16	17.3698	27.6252	-0.88346	-1.02514	1
16	11.3061	28.9375	-0.659258	1.2844	1
16	19.7539	23.9775	-1.30556	0.22646	1
16	17.675	28.881	0.000380588	-2.06485	1
16	22.3199	35.2763	0.33683	0.0139911	1
16	23.3244	36.2688	0.737507	0.719958	1
16	14.2401	21.2858	-0.00213732	0.15021	1
16	17.0771	25.0563	-1.56277	-0.750992	1
16	28.9182	28.2694	-0.901605	-0.0775607	1
16	21.7303	31.109	0.357677	-0.255228	1
16	26.5622	33.6436	0.869315	-1.05966	1
16	26.35	27.6474	0.760916	-0.966829	1
16	30.1329	29.5011	0.551843	0.351675	1
16	24.0359	29.8984	1.07475	1.44816	1
16	30.0921	30.6095	0.899363	-2.1212	1
16	0.771929	35.6338	-0.384617	1.39032	1
16	30.3512	35.2999	-0.792024	1.04353	1
16	35.9399	29.9108	-0.442087	0.681154	1
16	2.57516	32.0389	-0.389067	0.598912	1
16	38.2406	34.0188	0.346387	-0.156826	1
16	38.9398	24.8589	-0.279973	0.855745	1
16	3.54228	32.8367	0.323066	1.47186	1
16	10.6819	37.1881	-0.101684	0.756905	1
16	30.8375	26.6913	0.532542	1.34151	1
16	1.6605	29.2799	-1.27687	-0.24907	1
16	3.82295	28.1544	0.0612633	-1.02027	1
16	9.86958	29.7126	-0.425241	0.350303	1
16	13.8282	17.9442	-1.15934	0.447492	1
16	12.1863	21.4226	-0.982706	-0.291107	1
16	1.75078	2.50316	-0.102431	0.122781	1
16	10.742	19.9452	-0.286811	-0.0920343	1
16	9.60168	14.0483	-0.64954	-0.333162	1
16	12.7293	15.9367	-0.568787	-0.908667	1
16	12.8483	17.4964	-0.0872999	-0.529819	1
16	22.1954	28.6582	-1.10051	-0.0351791	1
16	5.54543	30.2876	0.0480508	0.332913	1
16	5.83717	28.0682	-0.340375	-0.292873	1
16	13.4772	34.5468	0.590503	2.18845	1
16	18.9918	2.41519	0.157787	1.47533	1
16	8.54746	36.2029	1.56029	-0.44561	1
16	18.3182	33.0261	0.164465	-0.260875	1
16	25.6263	37.2586	-0.405386	0.13658	1
16	36.5621	32.7661	0.207349	-0.77815	1
16	24.9385	17.4048	-0.661654	-2.03656	1
16	32.1551	29.6517	-2.12389	-0.619286	1
16	25.3421	23.9682	-1.95972	-1.10082	1
16	30.2482	34.2356	-0.128089	-0.0921326	1
16	32.6784	25.5091	-1.29099	-0.144744	1
16	27.3882	31.3094	-1.23339	0.567391	1
16	34.0307	29.0468	-0.130551	-0.268637	1
16	34.0229	34.7456	0.304489	-1.33036	1
16	1.07101	30.2483	-0.564393	1.18185	1
16	34.1649	32.4467	-1.41695	-0.030744	1
16	35.7218	31.9551	1.08305	-0.35327	1
16	6.12135	31.8449	0.0144	-0.94126	1
16	8.77671	34.7259	1.65023	-0.744919	1
16	6.47464	36.157	-1.17689	-0.00875505	1
16	1.99514	20.8648	-1.47712	1.38792	1
16	15.5811	34.7154	-1.79009	0.10362	1
16	7.52133	36.6232	1.32658	-1.30106	1
16	15.6191	35.871	-1.42665	1.18259	1
16	3.73209	29.3199	-1.92681	-2.90116	1
16	7.86224	23.8583	-0.724758	-0.116352	1
16	7.34354	35.0981	1.05332	-0.806082	1
16	9.96743	34.0932	1.02844	0.623223	1
16	4.32721	4.38727	-1.16704	0.502912	1
16	18.206	1.72654	-0.50553	1.74275	1
16	20.076	27.9939	-0.211331	-0.252963	1
16	18.9459	34.2916	1.47859	-1.31687	1
16	22.1904	7.64854	-1.1762	-1.82387	1
16	29.846	31.6776	1.64245	-0.658559	1
16	21.6253	34.3601	0.490281	-0.540576	1
16	11.4543	22.5459	1.47006	-0.206544	1
16	33.339	34.021	-0.063607	-0.900055	1
16	27.6177	32.4214	0.36302	0.0654195	1
16	26.4705	30.7191	0.495684	0.395562	1
16	19.6638	25.6051	0.0329722	-1.9883	1
16	4.39048	0.373138	-0.975458	0.258208	1
16	16.3611	28.4621	-0.613081	-1.94661	1
16	38.8411	34.9724	-0.312238	0.99609	1
16	29.7342	36.8946	0.0437188	0.363123	1
16	29.7352	24.9348	-2.0234	0.879837	1
16	33.3618	29.9146	2.65366	2.83692	1
16	34.4835	30.0883	1.55641	-0.206917	1
16	37.1571	20.2111	0.669124	1.21	1
16	31.4119	35.4545	-0.349846	-0.176467	1
16	0.727354	28.3076	0.18465	-0.0880411	1
16	35.1306	1.23158	1.20387	-0.885788	1
16	36.4151	37.0328	0.283433	-0.976382	1
16	7.22112	32.0083	-1.44706	0.615386	1
16	5.59473	37.0807	0.480471	-0.794125	1
16	2.48964	28.0498	0.234137	0.293683	1
16	7.73113	33.1287	-0.301765	1.14577	1
16	15.4309	32.4562	-0.402495	0.349978	1
16	11.3857	39.9822	-1.15783	0.879241	1
16	8.66603	33.6147	0.697177	-0.503702	1
16	13.0533	36.8785	1.16294	0.470991	1
16	7.92097	31.0558	-0.182237	-0.78986	1
16	20.9838	33.505	-0.954775	0.184505	1
16	14.8658	28.8414	-0.322431	-0.884383	1
16	13.0427	29.961	-0.317316	-0.724741	1
16	6.4469	30.9031	-1.06135	0.386758	1
16	16.8341	32.5363	0.0633299	0.258872	1
16	19.6017	31.2861	-1.27538	0.852961	1
16	24.5353	35.4671	-0.630429	-0.527826	1
16	21.6565	29.952	-0.042825	-0.427871	1
16	20.3322	35.9316	-0.889922	-0.132371	1
16	27.5004	21.9867	-0.46964	-0.80403	1
16	21.5344	39.6315	-0.880199	-0.618412	1
16	26.4965	32.2992	0.4533	-0.0405744	1
16	32.0638	24.3702	1.57725	-0.960572	1
16	30.1936	28.1252	-0.158598	-0.387058	1
16	27.3054	35.9483	-0.638412	0.520251	1
16	32.5737	35.6661	-0.290878	1.24467	1
16	3.68149	38.1695	0.868163	0.411119	1
16	38.2016	0.344987	-0.91024	-0.295704	1
16	5.26615	31.3082	-0.125079	-0.413344	1
16	3.31255	0.0681176	1.51555	0.737718	1
16	28.3616	1.68689	-1.19191	-0.394791	1
16	32.8828	31.753	1.98229	1.07867	1
16	2.29777	36.927	-0.526961	-0.0714869	1
16	29.2443	35.7872	-1.49416	-1.50879	1
16	35.311	39.836	0.72414	-1.3723	1
16	8.27814	0.924977	-1.65872	-0.323077	1
16	6.96982	37.7713	1.40989	-0.317153	1
16	8.34356	38.2046	0.448663	0.787618	1
16	10.6106	5.97581	0.960156	1.61512	1
16	12.236	6.88923	-1.48348	-0.156145	1
16	10.0142	27.8081	-0.227421	0.356158	1
16	15.4385	24.5001	1.27487	-0.439083	1
16	9.15193	26.2195	-1.93643	-0.326026	1
16	13.8222	30.7553	0.0509603	0.962829	1
16	17.9626	35.1685	0.926945	0.248783	1
16	18.6986	5.24176	1.12313	1.37848	1
16	18.7276	23.7298	0.108393	-1.20558	1
16	26.7117	34.9122	0.204276	-0.0762973	1
16	20.9485	36.8321	-2.40709	-0.822663	1
16	24.8802	2.74427	-0.95596	-0.541429	1
16	23.592	0.555593	0.562263	0.358896	1
16	18.4729	0.384763	-1.01384	-0.262069	1
16	27.483	26.7671	-0.779528	1.79957	1
16	29.6696	38.3511	1.11482	0.351985	1
16	29.0103	30.8435	-0.890459	1.65363	1
16	19.8739	3.09804	0.461677	0.0497441	1
16	32.0379	36.6119	-1.39763	1.38579	1
16	33.9457	17.464	1.23425	0.416001	1
16	28.5212	33.1423	0.320494	0.736916	1
16	33.0497	36.7375	-0.891054	1.43303	1
16	34.376	0.312605	1.34753	-0.502248	1
16	35.1763	32.8813	-0.404602	1.4764	1
16	5.81468	5.76262	0.321364	0.302348	1
16	5.45261	2.24817	0.835038	0.447573	1
16	2.01276	35.8223	0.0379721	-0.359791	1
16	36.6749	38.2082	1.55236	1.02006	1
16	39.6556	39.4856	1.85808	-0.458911	1
16	39.3282	34.0167	-2.11649	0.331222	1
16	6.35998	6.72298	0.24324	2.28238	1
16	9.57666	36.663	0.875519	-1.23168	1
16	6.35554	32.9192	2.12904	-0.257013	1
16	19.3997	30.2565	-1.72106	0.35496	1
16	12.5022	34.939	0.988309	1.35772	1
16	17.8008	10.736	0.322664	-0.842996	1
16	16.4027	27.3081	-0.0470164	-1.11021	1
16	16.1396	29.6944	-2.04563	-0.681765	1
16	10.7938	1.80674	0.758168	0.384297	1
16	0.334501	29.4019	-1.47519	-1.25711	1
16	13.5852	7.58022	0.343139	1.0696	1
16	5.7869	4.68996	-0.532702	-2.12924	1
16	23.4357	33.079	0.790354	1.76011	1
16	20.7659	3.73016	0.430954	0.0821971	1
16	21.6816	3.26805	0.442448	-1.10796	1
16	24.1726	26.1294	-0.202929	-1.06309	1
16	16.6051	31.378	0.742264	0.379349	1
16	39.731	35.8722	0.274539	1.08599	1
16	24.597	28.9703	0.0509256	-0.366133	1
16	24.7239	34.2562	-0.897254	-1.24554	1
16	30.0944	1.24964	0.324443	1.52314	1
16	39.3975	37.5599	1.05308	1.27715	1
16	30.618	37.8369	-1.43408	1.26403	1
16	27.2443	25.078	0.134493	-0.0155359	1
16	34.6369	4.09991	0.94014	-0.934868	1
16	32.0119	34.6273	0.993664	0.475856	1
16	30.6299	38.925	-0.740498	-0.720069	1
16	3.40049	34.0498	-0.589368	0.173952	1
16	35.109	27.9192	0.848922	0.444628	1
16	4.67215	5.43414	1.1749	-0.290826	1
16	29.1863	0.759825	-0.108249	-0.0716591	1
16	5.23268	32.5846	0.574057	-0.272669	1
16	36.0851	12.4307	-0.248714	-1.43005	1
16	1.1739	10.4954	0.840227	-1.27624	1
16	6.87931	5.79943	0.510019	0.0530906	1
16	9.20593	1.55736	-0.861996	-0.406061	1
16	5.59352	10.3147	-0.877725	-0.176367	1
16	35.8487	4.21939	1.30252	-1.04272	1
16	7.77701	34.1883	-1.36959	0.140022	1
16	19.5179	38.5078	-0.0308332	0.458893	1
16	5.32676	7.20671	0.415916	0.794894	1
16	4.49962	37.3635	0.461088	-0.325515	1
16	20.4394	0.120811	0.724135	-0.182041	1
16	7.74988	3.95575	0.253142	-0.780033	1
16	14.8009	31.2622	0.332442	-0.801426	1
16	17.5988	31.2162	0.493441	-0.828611	1
16	28.3059	36.6468	0.752011	-1.19001	1
16	37.6036	39.0755	0.25351	-0.0480888	1
16	13.0989	24.2971	0.840182	-1.39564	1
16	36.2345	3.2021	-0.829106	0.407758	1
16	23.5773	34.8834	-1.33739	-1.02861	1
16	30.6533	0.364618	1.29859	-0.737679	1
16	28.8857	34.6794	0.595784	1.52494	1
16	26.5598	0.189378	-1.38085	-0.459639	1
16	31.992	37.9198	-0.295257	1.02155	1
16	35.3906	11.5442	-1.13082	-0.0902093	1
16	30.8929	32.9873	-0.0609414	-1.59478	1
16	35.545	38.7691	-0.878698	-0.42492	1
16	37.0149	2.33163	0.212979	1.0951	1
16	19.9157	29.2676	0.310336	-0.182702	1
16	32.9688	8.28808	2.28111	0.143182	1
16	39.327	0.752196	-1.26009	1.35055	1
16	4.54924	33.7107	-1.2444	-0.967659	1
16	0.758955	4.25586	0.132613	-0.28698	1
16	9.06746	38.9667	1.29083	-0.245363	1
16	5.22692	1.07951	0.520584	0.743554	1
16	11.8537	33.0404	-0.0926953	0.514559	1
16	4.13562	31.9607	-0.687336	1.07482	1
16	8.24734	9.22241	-0.797928	0.306928	1
16	36.3265	35.7107	0.456424	-0.309762	1
16	21.9951	33.2896	1.15736	-0.734699	1
16	9.69691	2.89065	-0.0984734	0.605075	1
16	2.83338	4.50131	0.274913	0.225099	1
16	38.3236	3.75781	0.422625	0.287205	1
16	12.2805	0.596958	0.614635	1.99883	1
16	20.4075	32.5366	1.00766	-0.191969	1
16	17.4533	38.9109	0.873498	-0.358475	1
16	11.0095	27.5904	-0.677417	-1.48548	1
16	17.1586	1.36695	0.186089	-0.0393918	1
16	23.0221	39.4753	1.64159	0.347472	1
16	38.5766	38.7103	-0.82931	1.03174	1
16	21.2027	2.28888	-0.573095	-1.13114	1
16	25.3787	38.3365	1.05581	-0.0464416	1
16	21.9633	22.9757	-3.2158	-0.252109	1
16	27.5383	39.0211	-0.7141	1.10278	1
16	27.0311	28.8156	-0.840139	-0.116311	1
16	28.3249	26.0088	0.283827	-0.89763	1
16	35.0953	5.49684	0.911804	-1.59059	1
16	34.655	2.19206	-1.05026	1.17868	1
16	36.5233	39.2524	0.124075	0.883244	1
16	37.0249	0.301766	1.8908	0.839772	1
16	20.6714	31.3566	-1.3374	-0.23589	1
16	32.3333	1.61978	0.865774	-0.268252	1
16	33.41	0.21855	-0.190083	0.823313	1
16	1.63188	1.45188	0.119979	0.638872	1
16	3.41315	36.767	1.02292	0.192978	1
16	6.08611	34.9502	-0.0446389	0.33146	1
16	38.5658	4.8324	0.500317	-0.524744	1
