28	32.8761	27.7408	-2.03725	0.0741448	1.05287
28	32.3076	29.4411	-0.506007	-0.439881	0.947479
28	35.4449	34.9929	-0.597776	1.2021	0.939138
28	35.0565	39.7685	-1.07098	1.0621	1.25706
28	7.51441	35.9374	1.29358	-0.280244	1.07633
28	37.5931	35.026	0.328717	1.56314	0.97114
28	10.6095	2.26958	-0.831336	0.0376032	1.05532
28	17.9401	9.36231	0.926093	0.256225	1.07242
28	16.2714	5.67429	1.28883	-1.15835	1.026
28	10.7489	6.17316	1.34667	-1.68191	0.976391
28	12.6768	37.9493	-0.972226	0.302776	1.01192
28	7.19758	4.53152	0.859397	-0.659076	1.18542
28	17.395	35.8751	-0.155963	0.358539	0.975637
28	21.705	35.7598	1.213	-0.322491	0.92656
28	15.0559	29.8278	0.604504	2.59856	0.976662
28	16.7544	3.1409	-0.7542	-1.52235	0.975364
28	3.05734	30.9243	0.095801	0.660146	0.997112
28	7.81171	31.3413	2.03248	0.0233131	1.02598
28	28.7505	4.49786	-0.622304	-0.713761	1.24916
28	34.8846	4.22101	0.107812	-1.3337	1.11083
28	21.1172	34.5519	-0.226039	0.339247	1.16011
28	35.397	8.37864	-0.398224	0.717979	1.15204
28	23.1511	32.2964	-0.299068	0.210415	1.04785
28	36.5816	2.14522	-0.104903	-0.138809	0.902038
28	35.5993	37.1064	0.25176	0.577774	0.795111
28	25.6661	0.42776	0.127328	-1.0033	0.931817
28	3.50113	3.66776	1.24793	-0.253304	1.01436
28	0.0706221	18.3734	0.722188	-0.570328	0.94092
28	34.0534	0.878212	-0.887999	-0.728281	1.06321
28	1.51976	14.2154	-0.407715	0.0274644	1.05918
28	9.33066	13.3523	-1.23601	-0.114673	0.809015
28	6.63155	12.5796	1.07396	-0.403502	1.01917
28	1.35931	10.8934	0.252552	-0.106961	1.03724
28	6.70128	7.56453	0.406093	-0.589423	1.06177
28	5.57411	38.919	1.57261	0.7302	0.885971
28	2.33322	1.86946	1.8693	0.767254	1.01255
28	4.60301	13.5307	-0.274613	0.766206	0.843364
28	5.23072	36.8668	-2.33872	0.508025	0.977559
28	5.22579	2.10399	-0.168829	-0.353765	0.965938
28	14.0629	7.09102	-0.432554	-0.0621577	1.04249
28	8.28198	11.6327	0.855127	1.36902	1.05394
28	6.40961	34.3454	0.696327	-0.427526	1.04389
28	39.5798	30.0179	-0.529017	0.952886	0.849696
28	11.8942	7.71195	1.07377	0.658229	1.15581
28	16.8246	1.74055	0.504753	0.915654	0.909238
28	18.3307	5.63379	0.396134	0.0840806	0.895328
28	9.01428	33.3529	0.304497	0.879185	0.92336
28	25.2745	8.74908	-0.625425	1.92122	0.976647
28	34.906	6.04807	-0.271764	0.617238	0.960469
28	33.5763	5.61288	0.234584	0.584855	1.01579
28	19.2295	5.82436	1.39396	1.99374	0.904588
28	11.7473	32.4772	0.980911	-0.231793	0.905845
28	27.0586	8.2989	-0.291882	0.192151	1.16905
28	37.0675	3.26525	1.40166	-1.24164	1.07773
28	30.9651	37.0187	-2.14944	-1.84955	1.05068
28	28.1779	6.4463	0.256187	-0.012628	1.07555
28	33.2905	37.4738	-0.178564	-0.154331	0.854925
28	22.2749	0.782758	-1.78951	-0.0386774	0.992584
28	33.7632	2.04179	-0.785809	0.274271	0.978369
28	38.7203	8.00504	1.56029	-0.0565691	1.16716
28	2.62295	0.767971	-0.390901	1.33123	1.06387
28	32.1847	37.7916	-0.350649	-0.645279	0.994022
28	37.2218	13.4375	-0.0850342	-0.413619	0.952121
28	5.70979	11.333	-0.645337	-0.555194	1.02988
28	13.2354	4.98068	1.33429	-0.48745	0.834598
28	38.327	31.6383	1.20942	-1.9404	1.14275
28	0.854816	0.135569	-0.141018	1.06612	1.06822
28	39.6099	39.1321	-0.0322138	0.920324	1.14714
28	24.4361	11.4081	1.28891	0.529242	0.808892
28	35.4336	36.1729	0.775373	-1.7357	1.09979
28	0.173121	7.40586	-1.38117	-1.11656	0.957236
28	15.162	11.8862	0.56553	0.864956	0.945794
28	2.13459	33.5815	-0.249174	1.7145	1.13334
28	11.4318	12.2205	-1.20512	0.936841	0.96705
28	8.10661	3.66958	0.324103	1.69509	1.02799
28	3.48402	16.7696	1.62843	0.689839	1.00098
28	8.85471	4.54374	-1.02432	-1.66111	0.924032
28	16.225	39.8239	-1.32574	1.63431	1.12374
28	21.3356	4.18936	0.330174	-0.796866	1.04784
28	21.5821	11.2977	-0.867727	0.952393	0.899323
28	4.5658	7.41813	1.11988	1.51295	0.926327
28	37.2894	0.500763	0.4426	-1.56321	0.998632
28	24.7374	2.66038	0.887232	-0.647039	1.00461
28	24.7794	5.46916	-0.384121	1.02585	1.19149
28	31.352	0.256334	0.42598	0.0854157	0.889748
28	25.3406	1.45762	-0.676956	0.490547	1.10798
28	33.5044	9.48266	-1.40363	0.777713	0.926953
28	37.9725	15.895	-1.13616	1.38461	0.987513
28	23.8717	8.73157	0.428281	-0.458286	1.03163
28	30.9871	35.7841	0.435739	1.34565	1.12402
28	38.5638	3.99093	0.732206	-0.512607	0.951236
28	0.295101	2.66034	0.0312343	-0.695598	0.953273
28	20.0867	36.1937	-1.88116	1.66379	0.989545
28	4.75313	10.6322	-1.30425	1.35397	1.13406
28	11.0669	1.31844	-0.380692	-0.210159	1.00139
28	37.997	9.64345	-0.486697	-0.43064	0.877926
28	6.11022	2.44954	-1.09067	0.211379	0.937331
28	32.1926	32.8438	-1.60288	1.14035	1.15401
28	22.3522	6.64178	0.638595	0.465621	1.05234
28	9.48913	9.61086	0.0220852	-0.535681	0.83217
28	3.93231	6.37729	-0.648616	0.2764	1.11106
28	3.42009	7.98885	-1.19356	0.486907	1.07911
28	3.66268	11.4005	-0.343982	1.12858	0.980132
28	3.95186	0.813682	-0.301036	-0.679901	1.17847
28	3.72226	39.7129	0.424936	-0.175013	0.968647
28	2.42784	13.7293	-0.121095	0.347547	0.910589
28	4.29419	37.4103	0.794296	0.919389	1.2101
28	9.98618	10.8859	1.03645	1.39758	1.02193
28	10.9767	7.18208	-0.962689	-1.47101	0.908248
28	18.7743	7.63928	1.66569	0.243424	0.982876
28	12.8451	6.20163	-1.26539	-0.565638	0.797761
28	14.5399	1.48734	-0.625577	-0.380403	1.06506
28	13.6932	34.7476	1.06811	0.091431	0.772408
28	24.2393	7.39699	0.17587	-1.058	0.948526
28	19.6891	34.967	0.174311	-0.723829	0.954032
28	13.7258	0.467807	0.419074	1.07461	1.0871
28	38.0636	3.01461	-0.256737	-0.587368	0.828045
28	24.8403	6.51388	-0.278756	0.948229	0.966907
28	29.3914	8.64766	0.222453	-0.59764	1.04529
28	21.9292	2.83274	0.0522832	0.418422	1.161
28	32.2704	39.4947	0.528319	-0.834362	1.06128
28	27.4659	11.0044	-0.58328	-0.585962	0.928709
28	37.3755	14.6648	1.59608	-0.784952	0.966148
28	32.5363	5.25314	0.204613	0.199215	1.11228
28	34.1138	36.0597	0.713783	1.75054	1.09961
28	30.2666	4.57648	0.871561	0.169726	1.00023
28	39.2998	1.61024	0.184584	-0.607091	0.939589
28	39.8401	4.14805	0.182613	-2.25984	1.00976
28	4.46198	4.12956	-0.448972	2.13528	0.861294
28	38.3661	14.6536	-0.411748	0.768213	1.0142
28	37.0669	16.5174	-0.337177	1.08344	1.03877
28	13.8893	8.28621	-0.273232	0.668008	1.10492
28	8.4939	32.6721	2.69625	0.657319	0.890209
28	2.79142	5.44429	0.578467	1.99057	1.05727
28	2.88859	18.1336	1.06903	-0.645044	1.03069
28	15.5401	8.78543	-1.7005	0.673921	0.950758
28	13.0099	9.65272	0.321105	0.489288	1.03849
28	11.7637	6.39141	0.630589	-0.00730237	0.983774
28	9.09573	2.38599	-0.499372	0.355742	0.904413
28	8.56139	26.8326	0.4535	0.300127	0.875078
28	12.6182	8.6656	0.812847	0.257467	1.04267
28	25.6019	34.3482	0.296181	-0.473876	0.934138
28	8.74599	6.39846	1.06545	-0.195421	1.05154
28	7.59552	33.381	0.189413	-1.11949	1.08291
28	12.1503	1.94408	0.418062	-1.42389	1.14691
28	35.4858	1.77723	1.10163	0.68426	1.05957
28	9.06298	39.3921	0.35843	-0.287874	0.937754
28	25.4089	4.00692	-2.06578	-1.37782	0.956706
28	20.0706	1.85158	0.307877	0.337909	1.03943
28	36.2821	4.22723	0.607589	-1.1587	1.03425
28	17.4004	4.04375	-0.864754	-0.712966	0.968696
28	25.9894	36.3056	0.858408	0.464733	0.976431
28	29.3364	39.8993	-2.20041	-0.558471	0.969879
28	26.0999	2.77759	-0.46134	-0.832618	1.0033
28	15.5777	1.04968	-2.03936	1.17989	0.988273
28	30.9117	3.93134	2.54355	-1.83316	0.90043
28	26.636	38.1839	-0.478092	-0.469727	1.08115
28	37.7431	8.61922	0.794084	-0.760586	1.10996
28	38.7933	9.06867	-0.648068	0.728548	0.921734
28	25.4891	37.7776	-0.672326	0.210301	1.00798
28	24.5696	28.6489	-1.58382	-2.08836	0.862318
28	23.3171	6.89661	-0.243464	-0.573909	0.970769
28	39.0577	6.89446	0.176095	-0.159693	0.891255
28	6.9853	2.01509	-1.32842	0.35861	1.10178
28	38.5046	11.2885	0.0125005	0.807211	0.849497
28	0.217901	10.7453	-0.353239	-0.870481	0.964389
28	1.55588	12.8943	0.938147	-0.15786	1.10296
28	9.83188	12.1232	0.47698	1.95178	1.24608
28	7.5907	6.15726	-0.209454	-0.954401	0.894324
28	4.80735	5.13867	0.768616	-1.19706	1.04002
28	0.822572	11.8764	0.624805	1.01002	1.05541
28	3.46963	2.43856	0.318506	0.91226	1.00049
28	17.3426	5.05624	0.440951	2.12717	1.04691
28	19.7427	7.30619	-0.40235	0.108974	1.02162
28	22.718	7.76693	-1.67442	0.682315	0.944313
28	2.54937	6.64002	-0.539325	-0.622547	0.894753
28	14.2647	15.007	-1.35778	1.47116	1.00366
28	22.6098	11.8263	0.00716366	-0.516528	0.999687
28	15.5335	13.1681	1.10215	-1.96216	1.02454
28	8.12792	5.31411	1.97377	0.249728	0.92108
28	26.1551	9.93189	0.6877	-0.169604	0.986509
28	18.745	3.54376	1.45002	2.74876	0.912131
28	27.2515	6.85326	-0.799241	-0.678484	0.968554
28	33.9318	6.57969	0.710184	-1.80734	1.0591
28	17.7864	2.06685	-1.14102	-0.359509	1.07249
28	31.0508	21.7825	0.590634	0.436601	0.926529
28	39.66	15.0274	-0.431391	0.419153	0.868034
28	36.0312	6.39908	0.410781	-1.48645	0.960466
28	24.5211	13.2531	0.282486	0.0591626	1.13284
28	36.8005	10.1633	-0.567292	1.1072	1.16335
28	29.2533	10.4901	-0.482622	-0.0631178	0.833039
28	36.6202	15.5776	-1.16074	1.51942	0.759895
28	35.2957	33.3475	-1.08364	0.279846	1.16971
28	32.9952	38.4779	0.00840387	0.087456	1.12323
28	30.1102	6.5618	-0.373869	0.596377	1.02474
28	0.38723	5.21111	2.10623	1.25889	1.02669
28	39.0977	10.3841	-0.202482	-0.97749	1.14343
28	2.4315	4.20042	-0.262436	-3.18085	1.08101
28	0.972717	18.6273	-1.03534	0.640768	0.800965
28	0.217228	12.7838	0.597872	0.710207	1.10481
28	30.1031	14.4648	0.376351	-2.20213	1.05833
28	8.82857	16.4021	0.910081	0.811227	0.922586
28	21.0116	10.1521	1.12015	0.240674	1.08892
28	6.86411	13.778	-0.520553	0.568121	1.0121
28	5.57946	6.20551	-1.19388	1.11518	0.92865
28	9.71283	37.4461	-1.11682	1.05386	0.94102
28	4.45642	17.2696	-1.23831	-0.353266	1.15832
28	9.77752	1.46639	0.77536	2.72023	1.08352
28	5.95057	8.2226	-0.795982	-0.161839	0.819986
28	9.42757	5.40155	-0.46725	-0.269772	1.10243
28	27.8006	3.5643	-1.33933	-0.178877	0.916297
28	22.8843	5.73203	-0.42022	0.467375	0.998895
28	19.0663	8.78122	0.982877	-1.13105	1.06713
28	24.3199	3.64008	0.467576	0.936332	1.14424
28	20.4237	8.277	-0.749932	-0.651266	1.15085
28	25.4465	7.53636	1.10343	-1.24927	1.09502
28	26.8991	12.9739	-0.493721	1.17521	0.959073
28	25.4179	11.211	-0.490022	0.374991	1.03552
28	29.7093	1.69392	-0.83101	0.447726	1.1048
28	21.305	1.77483	0.272586	-0.805577	1.02167
28	21.1996	9.16289	0.611467	-0.355502	1.02129
28	28.8013	3.14066	0.279667	-0.333253	1.0764
28	39.1727	2.76123	0.51487	0.514331	1.06753
28	39.9192	21.037	0.382531	-0.129565	0.819467
28	34.9279	14.3629	-1.14456	-0.631722	0.909768
28	6.38273	10.4719	-0.609316	-0.261778	0.946268
28	36.3344	1.0572	-0.865452	-0.165417	1.04509
28	33.2052	15.3372	-1.62508	0.248775	1.06482
28	30.4694	9.91434	0.953911	-2.65308	0.954411
28	39.563	11.8074	-1.16222	0.815894	0.909098
28	35.715	5.33759	-1.98229	-0.629323	1.10945
28	38.4354	13.4601	0.186198	-0.550045	1.04822
28	34.1876	12.0633	-2.0066	0.249853	0.787519
28	1.61139	7.51008	-0.124968	-0.990798	1.18516
28	2.25101	14.9322	0.994693	0.0512054	0.835288
28	9.79747	7.23691	-2.47218	1.32688	0.925506
28	2.75196	8.9284	0.757789	-1.43639	1.01144
28	15.157	14.0062	-1.48439	-0.822363	0.673106
28	10.6827	8.83214	-0.451424	-1.0593	0.954705
28	24.2923	0.798063	-0.368977	-0.525658	0.911092
28	17.365	6.96257	-0.464523	0.962002	0.912556
28	23.2128	9.70151	1.76609	1.11577	1.11182
28	8.14834	7.32905	0.163715	0.633799	1.03823
28	7.62116	37.6765	-0.151541	0.0997972	1.06344
28	22.1908	8.99779	1.13211	-1.14532	1.02967
28	22.604	1.83096	-0.680357	-0.406561	0.98664
28	17.9139	0.933191	-0.888962	-0.658367	1.01285
28	22.141	38.8593	-0.699891	0.614493	1.14892
28	22.7513	4.13197	-0.183664	-0.493833	1.04911
28	19.2579	15.8904	-0.947535	-1.97105	1.0118
28	34.422	8.90337	0.421934	-1.20959	0.868632
28	21.0437	15.5237	-0.243122	0.372027	1.11363
28	36.6741	8.80568	0.364302	0.198822	1.00124
28	38.5912	5.18894	1.42718	-1.52697	0.903026
28	32.3928	7.75953	-1.18668	0.842954	0.92553
28	38.0431	16.9799	0.653729	1.17662	0.903086
28	5.46501	9.81608	1.45998	0.718238	1.00988
28	3.46377	36.5918	-0.477004	-1.11509	1.08114
28	0.312695	17.1964	0.424009	0.853281	0.922249
28	36.5893	12.2173	-0.267971	1.01385	1.03284
28	37.7316	7.43563	2.63506	-1.03028	0.762293
28	36.3832	17.3072	1.34001	-0.252241	0.985325
28	37.9365	37.5213	-0.512254	-0.0595956	1.14603
28	9.72307	32.3805	-1.23027	-0.923241	0.998413
28	8.17995	23.6693	-0.716389	-0.584358	0.760413
28	30.0942	20.4847	-0.44334	-0.615679	1.01886
28	12.2023	5.44688	0.907848	-1.53536	1.03306
28	3.43518	13.5248	-0.395267	-0.657488	1.19345
28	6.83125	16.2337	0.456739	1.75717	0.845594
28	16.0627	10.9736	-0.108396	0.0910994	1.15656
28	14.762	5.94471	0.493375	1.95551	1.02494
28	16.6958	7.78475	1.09176	0.991881	0.919059
28	11.0319	11.2514	1.24017	0.505343	0.997357
28	8.91684	10.4673	1.40303	0.820054	1.11297
28	11.9156	16.265	0.353112	-1.38119	0.997899
28	20.0297	9.42335	0.909858	0.762523	1.16777
28	21.5816	5.73158	0.216583	-0.1251	1.12769
28	24.8477	10.1072	-0.410265	-0.802601	0.946353
28	18.2124	4.65809	0.585742	0.8616	0.795489
28	14.7481	2.54937	-0.432859	-0.254921	1.07558
28	19.1845	37.226	0.0914316	1.59772	1.01272
28	25.9618	5.05013	-0.940261	-0.0480456	1.04431
28	28.8653	9.61901	0.668876	0.860303	0.956197
28	23.7346	12.1262	0.129058	-0.732291	0.887342
28	37.4046	4.34819	1.11246	0.993684	1.03889
28	31.3766	8.09482	-2.08856	0.9799	0.941107
28	23.8933	18.5275	-0.16524	-1.72447	1.01289
28	37.4082	11.238	1.23296	0.571425	1.05199
28	33.8239	17.1309	-1.46485	-2.09861	1.01602
28	30.7467	5.68872	0.370228	0.67436	0.948893
28	20.5528	16.806	-1.14195	-1.40255	1.02732
28	34.3391	7.76677	0.305786	0.409508	1.10272
28	36.2959	14.4846	-0.0200502	0.399723	1.07192
28	35.751	16.3432	-0.622947	0.188563	1.04503
28	1.21114	20.3799	-0.026539	-0.479514	1.08444
28	39.8271	9.38219	0.68741	0.358374	1.14986
28	38.7257	17.7697	0.467804	-0.616823	1.04132
28	3.2106	24.6589	0.922199	0.342802	0.88976
28	8.05924	2.59045	-0.635371	0.235504	0.871631
28	3.45631	22.423	0.363404	-0.543795	0.886968
28	37.4686	17.9595	-0.518356	0.923982	1.14447
28	38.0009	22.1052	0.920926	-0.0672485	0.881165
28	4.88685	18.9297	-0.951544	-0.277185	1.05497
28	10.9945	14.1103	-0.81727	-1.13463	1.05417
28	39.0764	16.277	1.50211	0.0476813	1.23637
28	17.7655	8.16787	1.50853	0.798622	1.05645
28	14.2661	38.7789	0.124051	0.50699	1.00559
28	16.8312	16.7486	0.689018	0.656781	1.00416
28	21.8308	12.6335	0.889789	0.258372	1.03635
28	13.0288	7.69339	0.507803	-1.10796	0.900822
28	19.6003	13.9539	0.290928	0.249811	0.851813
28	16.6054	13.1462	1.1854	0.270134	0.941289
28	36.6713	7.62331	-2.31534	0.168796	0.988242
28	23.0095	15.0877	0.0351838	0.0775992	0.929338
28	28.0048	10.2104	0.675607	-0.281947	0.825775
28	23.2334	2.83339	0.598523	1.73685	1.06464
28	19.3035	20.1798	0.228514	-0.135761	0.849349
28	17.6833	12.5371	0.566904	0.21587	1.02638
28	27.4834	12.0916	-2.68689	0.268495	0.931546
28	29.4718	5.70617	-1.27007	-0.299646	0.966834
28	35.6847	13.5323	-0.656019	-1.46759	0.967442
28	12.4587	20.7901	0.279116	-1.63889	1.02745
28	38.831	12.4331	0.158754	-0.996915	1.09178
28	28.4402	14.3922	1.01435	-1.25812	0.931271
28	31.4778	4.95092	0.840882	0.525009	1.01681
28	39.0625	21.6668	0.613686	-0.85468	1.02293
28	33.2428	18.0536	-0.304955	-1.23126	1.06715
28	33.6123	14.249	1.79977	0.294965	1.14209
28	31.7372	14.7153	0.838503	-0.250978	1.09635
28	34.5767	9.91481	-0.746182	-1.40355	0.962484
28	0.542553	13.784	0.950544	-0.485416	1.04991
28	10.4412	9.87827	-0.0693276	-0.999421	0.962727
28	1.74863	19.357	0.98954	-0.820171	0.92501
28	2.67504	15.8592	-0.410988	-0.453503	0.918988
28	6.96562	11.3602	1.00998	-0.667563	1.03274
28	12.6564	17.4476	0.864776	-0.691405	1.00286
28	1.68002	22.9477	1.21329	-0.120108	0.740997
28	18.9497	9.96719	-0.248814	-0.626625	1.08731
28	16.6607	8.88986	0.0144881	-2.78478	0.975299
28	9.97256	14.6749	1.31345	-0.556115	0.958491
28	26.718	3.59065	-1.12219	-0.303963	0.973967
28	20.839	7.1404	-0.389114	-1.87979	1.03814
28	20.5221	4.967	0.433132	2.26447	1.06302
28	14.3317	10.1397	-0.681097	-0.61744	0.97514
28	26.1011	12.1874	-0.76027	1.70548	0.868623
28	27.0228	9.50796	0.654131	0.136478	0.801815
28	30.319	7.68675	-0.276686	0.116157	1.12179
28	30.5758	8.81111	-1.44102	1.36328	1.01218
28	19.4798	17.2534	0.721471	-1.59141	0.91505
28	27.2209	2.34713	0.0626104	-1.90466	1.16069
28	30.7075	11.5619	0.358023	1.29101	1.06095
28	23.1683	25.6432	-0.469129	-0.573291	1.00343
28	34.4417	15.3923	0.950795	-1.20927	0.857313
28	29.5942	11.6346	1.41715	-0.0108274	0.944168
28	36.1655	26.0445	1.85693	-1.97228	0.847043
28	0.858152	6.18498	-0.247004	0.296799	1.05344
28	17.6448	21.3887	-0.541936	0.890603	1.03559
28	29.1856	7.1469	1.68646	0.995821	1.01471
28	16.1681	21.3331	0.187465	0.789137	1.09554
28	37.712	12.4407	-0.801658	-0.139695	0.984209
28	35.3869	12.1985	-0.977238	-0.293167	1.13311
28	32.5427	11.8867	0.247676	-0.013268	1.04724
28	2.31335	10.6613	-0.948241	1.06789	0.89063
28	31.7053	12.909	0.509748	0.521873	1.02345
28	39.5044	13.6484	2.79045	-0.785596	0.944736
28	4.34416	14.6626	-1.80416	-0.0625116	0.868835
28	0.259492	28.1097	0.551951	0.978825	1.02386
28	3.1691	12.4497	-0.0139315	-0.354235	0.937678
28	8.10231	15.5245	0.42229	0.47165	1.05503
28	18.7474	12.3717	0.386186	-0.432266	1.10561
28	4.55224	12.0658	1.99026	-2.64926	1.09762
28	18.2834	16.3974	-0.62068	0.684848	1.06175
28	15.9813	9.79074	-1.22358	0.845149	1.19522
28	13.9705	3.57478	-0.621577	-0.901457	1.03169
28	17.3775	14.0642	-0.751323	0.658789	1.04318
28	21.3398	0.22685	-0.301911	-0.71492	0.918605
28	32.3915	6.46278	-0.584366	1.2697	1.08889
28	21.5731	17.5769	-0.166129	0.0644771	1.07294
28	18.5906	13.7435	0.705903	2.16375	1.13561
28	18.9037	21.2329	0.697628	0.487875	1.09488
28	23.6955	10.7159	1.38231	-0.0252308	1.01055
28	24.887	12.2334	1.10932	0.147362	0.915896
28	18.4079	15.1683	1.06856	0.222014	0.929554
28	24.2106	14.999	-0.50087	-1.32759	0.955324
28	20.7326	14.441	-0.694249	0.242897	1.00405
28	15.7057	16.0561	0.999428	-0.54623	1.01627
28	33.0607	4.12307	-0.346385	2.30185	1.04402
28	31.9738	4.01092	0.690541	-0.489808	0.978351
28	22.7002	13.7401	0.313785	0.314392	1.1435
28	34.657	16.3615	-0.730908	-0.618868	0.902288
28	32.8655	13.14	-1.15707	-0.776813	0.94688
28	32.1694	31.7899	-1.63604	1.77731	0.956562
28	36.9977	19.9906	0.234228	1.51294	1.01331
28	1.81509	9.39914	0.228222	-1.38823	0.838978
28	2.88992	19.3389	0.579514	1.29688	0.986992
28	16.6088	11.9925	-0.394311	0.957558	1.08988
28	35.3585	23.0754	0.908056	0.708584	1.0452
28	37.0399	38.5563	0.834453	-2.6748	1.03366
28	7.21224	17.6611	-1.37424	0.543904	0.978294
28	39.8061	6.39004	-0.469977	-1.75038	0.855219
28	10.6243	29.2475	-0.991308	-1.3741	0.977043
28	11.0942	15.2088	0.52119	1.8934	0.90702
28	6.57159	18.6641	0.194452	1.55259	0.940533
28	13.0169	16.5351	0.347224	0.821323	0.926766
28	34.1049	22.2826	0.36935	-0.677574	1.03652
28	13.0622	13.73	0.237649	-0.940484	0.894836
28	13.0086	23.5582	-0.833951	1.17562	1.05904
28	21.237	19.7489	1.24603	-1.60313	0.935742
28	12.7253	15.0904	-1.11566	1.39388	1.13504
28	9.76657	16.9748	0.315702	-0.851732	1.1254
28	22.466	10.6152	-1.31275	1.09497	0.99045
28	12.7207	12.0113	1.04092	0.853375	1.08772
28	11.6768	9.24604	2.12556	1.07194	1.02303
28	22.8561	23.9151	-0.166004	1.51653	1.0591
28	17.9452	20.0801	-0.86782	0.749005	1.03903
28	20.5649	26.0796	-0.985549	-0.638498	0.900031
28	25.4684	15.5388	0.420892	-0.0717153	0.813238
28	31.2874	6.65237	-0.91587	0.851155	1.16658
28	35.8563	9.50912	2.76658	0.1022	1.00623
28	25.4028	18.9475	-0.410417	0.302588	1.06807
28	31.8861	17.6944	-0.189729	2.05617	1.11145
28	28.1027	0.505245	-0.0405538	1.07682	1.24022
28	25.2324	20.7877	-1.35234	0.660771	0.938252
28	32.8269	19.4358	0.134107	0.1863	0.85336
28	35.9159	20.6681	0.873909	-0.468713	0.969076
28	33.7712	11.2037	0.231773	0.914948	0.990007
28	34.7093	10.9532	0.205196	1.28065	0.941548
28	36.5598	24.9605	0.304008	-0.17215	1.05686
28	35.0634	17.3414	0.571165	-0.480585	0.982775
28	3.66513	15.5585	0.604554	-0.0964473	0.933066
28	2.35416	17.0092	-1.03796	0.911605	0.929152
28	13.1061	26.4343	-0.257867	-0.320102	1.01498
28	16.9511	15.7199	-1.49775	-1.31037	0.955528
28	0.857563	15.1786	1.26237	1.1445	0.960927
28	9.68724	22.8279	-1.45185	-1.05471	0.934051
28	7.58496	24.4336	-0.359278	0.51022	1.20842
28	2.28115	11.6706	0.253093	1.67279	1.1588
28	20.0036	27.0963	-0.360717	-0.0756941	1.08392
28	11.8898	10.4256	0.330249	-0.161143	1.18565
28	15.0558	21.0231	0.562061	0.308166	0.940922
28	7.74263	13.0426	-1.04195	0.520776	1.11355
28	19.4658	11.0923	0.191066	0.611905	0.965002
28	19.9979	13.1286	0.608335	-0.754104	0.8697
28	14.3468	13.5676	0.138955	-1.14754	1.04
28	8.43482	14.3767	0.788825	2.09281	1.00709
28	14.1515	12.5021	-0.408302	-1.55305	0.998425
28	11.9403	13.0176	-0.0527815	-0.207015	0.841373
28	25.8001	13.2514	-0.349817	-1.17795	1.20383
28	14.9677	22.5076	-0.165211	0.354117	1.14444
28	29.3397	15.3902	-0.204331	0.230462	1.08821
28	24.4875	16.2634	1.04601	-0.00970295	0.995824
28	29.1126	13.2687	-0.783197	-0.244656	0.991229
28	29.3713	29.9266	1.18544	0.907437	0.94135
28	28.248	16.2062	0.28379	0.577811	0.847731
28	22.4695	20.5599	1.03663	-0.499281	1.0312
28	25.9612	16.5886	0.385421	1.42462	1.05868
28	23.6247	21.9116	0.0908044	1.04249	1.05182
28	37.0373	21.6801	-1.45699	0.95991	1.02989
28	35.8539	11.2984	-1.31445	0.184553	0.846784
28	26.2481	20.5922	1.63331	-2.21615	0.841041
28	28.13	20.786	-1.03509	0.625082	0.971308
28	6.19655	17.4258	0.259614	0.19586	1.06054
28	2.98773	20.3696	2.0143	-0.60877	1.12303
28	5.92881	14.9981	0.921846	0.706295	0.804941
28	2.82809	28.1328	-0.522867	0.422252	1.13072
28	3.50135	10.2827	0.594674	0.367951	0.918083
28	3.45717	26.2274	0.459757	-1.10225	1.08595
28	39.2268	23.4344	0.91658	1.07183	1.08921
28	14.0838	23.1441	1.03399	1.58058	0.936757
28	16.1371	19.0491	-0.974628	1.94925	1.04198
28	5.41119	16.3728	0.614295	0.134989	0.93557
28	1.25351	24.1306	-0.336176	0.795165	0.915052
28	13.9722	24.1884	-0.0115874	-0.249487	1.06008
28	11.2134	17.326	0.13353	0.492283	1.02637
28	18.4238	18.9705	-0.471159	-0.24565	1.03045
28	13.47	18.9178	-0.727323	-1.46716	0.77209
28	16.773	24.7373	0.491419	2.76361	1.0087
28	19.1666	23.276	-0.917523	0.00204346	0.85614
28	15.7618	33.2944	-0.715471	-1.17786	0.922624
28	10.2594	3.84704	-0.941655	-0.121204	1.19487
28	27.8126	15.2471	1.49791	1.47288	0.9413
28	27.1353	16.3624	-0.0972778	0.715844	1.02689
28	15.3227	24.6815	-0.574573	0.844895	0.993518
28	21.8754	14.7374	-0.117263	1.0231	0.978877
28	28.508	11.2301	2.17764	1.11918	1.11033
28	29.0745	23.3987	-1.12758	0.0105287	0.892199
28	28.2675	18.7827	-0.410249	-0.362147	0.969363
28	35.4571	18.3564	-0.273731	0.0371831	0.895891
28	31.0642	16.94	-1.24108	1.2914	1.01983
28	15.4288	17.0888	0.406841	0.604242	0.951229
28	24.1161	17.4643	1.01555	0.453386	0.914439
28	30.3246	16.2199	0.330542	-0.88545	1.06388
28	32.5677	16.5587	-1.04269	-0.198286	1.09131
28	32.7468	10.3672	0.818938	-0.0229954	1.15311
28	35.4681	15.2897	-0.727021	-0.779576	1.05816
28	7.07569	8.75413	-1.9708	-0.727011	1.20479
28	5.513	12.8304	-0.0993252	1.06314	1.01035
28	1.33994	16.5568	0.329659	-0.852326	0.908373
28	39.4554	25.6275	0.540746	1.46155	1.04845
28	14.4193	26.6577	-0.856337	-0.0614888	0.996292
28	9.5932	20.0438	1.23573	-0.23505	1.02373
28	18.4382	11.1225	-0.484104	-1.40921	1.17466
28	8.50685	17.4793	0.9496	-1.13034	1.11695
28	10.624	22.2776	0.780498	0.703393	1.10914
28	19.6578	18.1787	-0.0873998	-1.05111	0.863419
28	19.2948	22.3108	-2.19363	-0.848919	0.843172
28	2.85062	23.2254	0.19489	0.425285	1.10267
28	9.7108	8.29673	1.35971	1.65701	0.931626
28	13.218	20.1533	-1.47339	-0.370028	0.934155
28	26.4204	15.1958	-1.27771	0.209286	0.893692
28	21.9524	16.5127	1.26741	-0.0789641	0.973185
28	2.11022	21.162	1.36702	-0.902833	0.999162
28	4.57512	31.5637	0.724649	0.450373	1.03764
28	12.6999	19.5173	-1.35331	-0.709747	0.711965
28	25.1655	14.4423	0.367282	2.655	1.14118
28	27.1669	28.1853	-0.44555	-0.300353	1.05785
28	13.6994	17.2372	-0.948947	-0.0661079	0.831106
28	28.0545	7.69613	-0.317051	-0.0819757	0.888759
28	37.7111	20.7962	0.182211	0.794424	1.00896
28	23.9209	29.7834	-0.260249	-1.37014	0.93635
28	29.194	16.9415	-0.566108	-0.705208	0.968958
28	29.9594	22.4816	-0.517895	-0.759129	1.09966
28	29.2991	26.0908	-1.1818	-0.574067	0.890092
28	31.6294	19.233	-0.115429	-0.926367	0.901392
28	36.437	18.7453	2.33455	-0.264511	1.00766
28	31.9998	22.309	-0.826302	-0.593964	0.967808
28	31.4938	25.3035	-0.275177	-1.16789	0.977735
28	38.1382	23.1533	-0.366091	0.49875	0.994967
28	30.1461	27.3107	0.490668	-1.09418	0.995407
28	3.82291	18.6734	-0.570525	0.358874	0.951372
28	34.9923	24.5105	0.994218	0.368264	1.15396
28	3.11543	14.6178	-0.860376	0.0156182	0.933548
28	1.04658	21.5923	-0.997487	0.704021	1.12214
28	14.641	16.1203	-1.12314	-0.614317	1.0442
28	9.93305	21.2941	0.536593	1.46246	1.02204
28	10.0645	25.4163	-1.05001	0.542883	1.10016
28	12.6546	27.5641	0.448523	-0.731199	0.92516
28	37.5917	36.4713	-0.550656	-0.717275	1.01689
28	20.274	12.133	-0.572946	0.706456	0.98146
28	30.4106	18.959	-0.548086	-0.513612	1.14381
28	16.8729	20.1841	0.642278	-0.209608	1.1643
28	11.2781	25.2205	0.404515	-0.0190201	1.16649
28	22.3795	21.9162	-0.0885552	-1.27304	1.12889
28	18.0469	22.6029	1.6247	1.08609	1.02822
28	12.4238	18.6073	0.833626	0.659657	0.882712
28	20.3131	20.5842	-1.21284	-2.2188	1.12953
28	19.891	14.9489	1.50684	2.10083	0.881478
28	11.7977	19.3961	-0.348874	-0.591725	0.929907
28	16.8669	17.9279	0.29033	-1.3177	0.938823
28	26.8497	5.6171	-0.150639	0.121914	1.12928
28	28.0406	13.3461	0.501497	-0.863065	1.08029
28	33.6896	20.9617	-0.551304	0.117479	1.14049
28	25.4017	31.2018	-0.155809	-0.701219	1.09221
28	0.354624	25.0925	-0.166076	-0.132185	1.00816
28	28.8351	18.0061	-1.6108	-0.0755695	0.884985
28	27.8903	17.2374	0.239999	-0.582105	1.04706
28	25.6799	17.7977	-0.639255	0.739436	0.856262
28	22.7468	18.3978	-1.19658	-1.30685	1.07152
28	33.7584	25.9858	-0.608015	1.83845	1.08441
28	28.3607	19.7557	-1.32296	0.308479	0.909356
28	35.93	22.0908	0.653453	1.88913	0.944952
28	38.6742	18.9582	0.475286	-0.492774	1.0482
28	37.2365	23.9329	0.0999732	1.11882	0.983681
28	5.70409	25.8509	1.33942	-0.0974373	1.18314
28	4.25388	21.5183	-0.905897	1.52386	1.06702
28	6.25251	19.7936	0.906726	0.517556	0.824006
28	11.6536	26.6453	1.74674	1.66024	1.15925
28	16.2083	29.2958	1.28076	-0.632727	0.983577
28	8.56069	21.1428	0.54207	0.962781	1.06133
28	15.1671	23.6042	-0.16431	0.0218608	0.917036
28	11.2996	20.4422	0.209555	0.689526	1.135
28	11.3466	23.5672	0.306249	0.269415	1.104
28	13.406	22.1231	-1.25652	0.167305	1.09227
28	20.0138	24.7441	0.900944	-0.0815875	0.882439
28	15.6057	20.0972	-1.04049	0.442025	1.0202
28	20.1679	29.7634	-0.341711	-0.0356684	1.12081
28	19.0283	24.315	-0.308258	-1.37761	1.12655
28	30.9533	22.9574	-0.610584	-0.231616	0.941696
28	21.8778	33.5141	-0.405312	0.427681	1.06539
28	13.5911	15.8442	0.518514	-1.09537	0.873462
28	18.3162	17.7414	1.65986	0.149853	0.929709
28	12.3873	36.7995	-1.29359	-1.12536	0.93615
28	17.1334	25.651	0.303526	-1.51637	0.863807
28	16.8843	22.2675	-0.717123	1.83787	1.125
28	26.314	14.2116	0.252438	-0.181627	0.832753
28	24.5788	34.5747	1.45317	1.04192	0.82884
28	26.8955	23.4078	-0.45065	1.87196	1.00967
28	27.2839	14.2016	0.613532	0.323599	0.912434
28	28.5299	12.3451	1.07113	-0.55241	0.897019
28	33.6345	24.6735	-0.148235	1.91567	1.12667
28	35.0238	21.5933	0.296411	1.33815	1.08324
28	0.345228	16.1219	-0.359754	1.06059	1.03485
28	7.92957	18.7515	-0.530843	0.933463	1.24276
28	39.8113	22.4432	0.95641	-0.260249	1.12299
28	1.73876	18.084	-1.36626	-0.696887	0.994894
28	37.4911	19.0479	0.137274	-0.557865	0.933465
28	7.46589	21.7403	-0.059325	0.230044	0.951556
28	34.7751	20.5811	-1.53946	0.186494	0.841157
28	8.65102	22.2235	-0.613505	-0.646691	0.995835
28	11.5874	27.8976	-0.525523	-1.3953	1.11281
28	10.6742	19.4537	0.454059	0.585531	1.01335
28	7.09535	19.7441	1.02469	-1.33382	0.916288
28	1.8718	30.9597	0.784929	-0.108124	1.09607
28	6.61165	20.7136	-0.0990235	-0.361137	1.07224
28	10.3711	18.1433	0.327123	-1.08965	1.07308
28	10.6951	16.3427	0.539115	1.45834	0.958488
28	8.16949	20.1292	0.825563	-0.427574	1.12881
28	10.4734	13.0531	1.14529	-0.943901	1.07562
28	16.6682	23.4913	-0.580575	0.0240992	1.05157
28	13.3065	28.9678	0.806494	-0.661955	1.06381
28	31.4684	9.75817	0.758194	-0.084854	1.00464
28	25.407	25.6724	-0.086991	0.678061	1.08725
28	19.1623	28.9822	-1.2153	0.606859	0.904988
28	24.3636	19.567	2.28032	0.581043	0.985511
28	20.2042	23.7064	-1.48262	1.09249	1.10688
28	26.209	28.6505	-0.0906375	1.00861	0.951703
28	29.1394	20.7772	-0.134812	-1.50605	0.877738
28	22.5648	36.9702	0.228781	-0.582102	0.973233
28	29.686	33.8348	-0.759787	-1.87912	0.97848
28	31.1941	20.8174	0.938848	-0.448887	0.922796
28	27.833	23.8829	1.31198	-0.582628	1.09906
28	28.0603	22.77	-0.00434658	-0.365699	1.05922
28	30.2273	12.7428	-0.0604234	0.58728	0.989231
28	21.3637	13.5895	0.019228	-0.662534	0.98957
28	32.273	23.4864	-1.23313	-1.06768	0.986011
28	6.12377	22.6866	-1.14594	-0.754069	0.958946
28	27.2753	24.9889	0.323497	0.472416	0.952873
28	5.32904	19.8661	0.706253	0.451599	1.01559
28	39.3599	24.5392	0.372082	0.544885	1.02325
28	0.519204	19.4792	0.0172514	0.319788	1.07003
28	5.23803	35.7417	-1.01918	-0.866011	0.96405
28	8.91781	31.2613	0.634808	1.08567	0.994874
28	14.2593	18.5719	0.662745	-0.265528	0.940905
28	29.0861	27.7598	1.30662	0.182305	0.859218
28	5.05064	32.8517	0.959847	-0.0981462	1.11675
28	14.5375	19.9064	0.319691	0.597173	1.06379
28	9.13092	26.0047	1.05729	-0.844051	1.03547
28	4.3375	23.9165	-0.425342	-1.55558	0.904478
28	15.4487	27.259	0.534211	0.933298	1.03339
28	16.2189	26.17	1.54948	1.93294	1.00348
28	8.09522	25.7621	1.19544	-0.529575	0.85245
28	15.2115	25.8137	-0.339958	-1.38205	0.981078
28	11.6046	35.7841	-0.64874	0.386234	1.09934
28	19.5013	25.7296	0.898533	-1.73401	0.929835
28	19.1179	31.4245	-0.45021	0.157615	0.973805
28	31.1444	29.5141	-1.21416	-0.0339406	0.787326
28	17.9978	23.8454	-0.581875	-0.148265	0.915032
28	5.35353	14.1102	0.2594	1.11588	1.02309
28	33.428	23.1542	-0.00891642	0.537404	0.985308
28	25.145	17.0657	-1.65125	-1.35256	0.882345
28	20.144	19.3452	-0.558154	1.98008	1.06327
28	33.076	22.1289	1.82711	-0.339383	1.12307
28	21.1311	31.7351	1.22691	0.861518	1.05406
28	21.4197	20.8021	0.556353	-0.606269	1.01469
28	28.9691	25.142	0.125085	-0.19468	0.887268
28	30.1599	25.5785	-1.77861	-0.483566	1.10091
28	38.0572	32.9404	1.76083	-0.958679	0.827478
28	21.4076	30.632	1.46381	-0.964418	1.05527
28	27.3203	19.4274	-0.659688	0.87692	1.17781
28	36.7255	22.8219	-0.46369	-0.540885	1.04039
28	0.4653	30.2618	0.742389	0.567465	1.02947
28	3.50342	31.7703	-0.223812	2.26199	0.839922
28	7.33735	22.9287	1.07715	-0.154493	1.06345
28	16.2085	28.0803	0.473683	-0.633584	0.998966
28	12.2601	22.7175	2.15131	0.860884	1.11453
28	5.40453	21.8342	0.179462	0.154349	1.07335
28	14.6385	17.4608	-0.58145	0.138596	0.907825
28	5.2599	28.5813	-0.143169	0.913439	1.20963
28	14.4223	36.3433	0.653623	0.351776	1.06437
28	38.9945	27.1032	0.0883349	0.0837373	1.07832
28	17.3492	28.7904	0.201349	0.0154259	1.07419
28	13.2891	33.7198	0.523096	0.637055	1.02344
28	17.099	34.1021	-0.333594	0.265223	1.07691
28	22.3582	24.881	0.810992	1.91447	1.01678
28	19.6732	33.2696	-0.32034	-0.350351	0.657501
28	9.15665	27.8287	-0.229444	0.0278559	1.17889
28	16.6292	27.094	-0.58878	-0.160633	1.09755
28	23.5579	20.4786	-0.398535	0.656912	0.987402
28	26.4078	18.6936	-0.0309409	0.041295	0.922283
28	16.8414	31.2345	-1.24823	1.86325	0.935093
28	16.1484	35.465	-0.872249	-0.687971	1.01199
28	19.1733	27.8021	-0.899822	1.04616	1.00627
28	21.1722	27.2055	0.984652	0.38505	0.956657
28	29.9133	35.6421	-0.796098	1.08962	1.01182
28	26.4394	26.006	-0.332498	0.914721	0.968304
28	31.724	28.3518	0.592962	-0.693805	1.00962
28	26.0719	24.586	1.69977	-1.36563	1.17263
28	27.0393	21.3308	0.892011	-0.171316	1.21871
28	32.4846	24.4653	-0.0173006	0.885495	0.930227
28	8.67345	35.7329	0.858185	1.10415	0.991463
28	31.018	26.5684	-0.208301	2.34245	0.944261
28	0.142223	26.8421	0.851899	0.127218	1.01251
28	1.54654	28.3408	0.609117	0.94481	1.04949
28	28.6404	28.7558	0.0633653	0.175081	0.898944
28	27.8666	31.8418	0.00959303	0.994883	0.876482
28	26.2455	19.5541	-2.33532	0.788858	0.887543
28	4.33387	19.7285	1.39306	0.895888	0.897621
28	35.8	28.3978	0.089875	-0.992828	1.17575
28	6.56661	21.7975	0.544595	0.170326	0.856095
28	6.18222	1.37543	0.445467	-0.707942	0.962523
28	4.48951	29.4912	0.377255	-0.145415	0.906882
28	1.60343	35.1388	-0.388461	-0.520214	1.04984
28	2.69774	29.7208	0.500953	-0.556301	1.38703
28	1.00339	36.0666	1.46565	0.00723994	0.875627
28	9.28961	28.9646	-1.06437	-0.952783	0.970964
28	20.6346	28.6407	-0.424967	0.367395	1.13538
28	6.74605	31.4038	-0.826979	-0.213847	0.906234
28	9.53677	18.8045	-0.142776	1.25345	0.96867
28	25.7641	23.2587	0.405209	-0.572618	1.05423
28	22.2673	34.5945	-0.615471	1.40057	1.07609
28	15.3567	28.5893	0.601483	-0.730275	1.0294
28	21.5661	29.5056	1.40943	-1.3427	1.08023
28	14.9745	31.4823	-1.59427	-1.26316	1.02093
28	21.5143	23.0389	-0.268749	1.42148	1.21767
28	21.3725	18.6657	-0.478137	-0.521938	1.09072
28	26.4737	31.6093	-0.342924	0.406558	1.0895
28	27.4611	30.909	-0.674979	1.33912	0.995604
28	38.7875	29.3329	-1.64378	-0.103629	1.05881
28	15.7669	17.9676	-0.176807	0.290721	0.916603
28	26.889	17.7701	-0.891119	1.33295	0.970595
28	0.239277	23.9211	0.410928	-0.358553	0.902984
28	34.0954	28.4967	-1.36379	-1.7091	0.988791
28	23.9531	33.6255	-2.08423	1.20315	1.03647
28	38.5384	30.5703	-0.837831	-1.39054	1.05155
28	37.5471	26.5585	-0.603823	-1.05606	0.9909
28	28.721	33.9738	0.121934	-1.08574	0.949671
28	36.4909	29.2995	-1.159	0.569917	0.954312
28	32.4216	20.4567	0.406205	1.11188	0.946967
28	1.13585	38.9738	-1.00267	1.29099	1.02262
28	7.29829	3.16695	-0.0402576	0.456374	0.90491
28	6.49741	37.3885	-0.379203	-0.567008	1.02804
28	34.7685	26.5321	1.02628	0.154758	0.909534
28	9.83447	0.258226	-0.341135	1.21229	1.17336
28	14.0563	25.5882	-1.702	0.600645	1.07297
28	8.89681	24.9799	-0.718736	-0.172055	1.03892
28	19.0888	1.22238	-0.800044	1.93055	1.02168
28	3.08998	21.5367	1.37974	-1.76237	0.877559
28	14.628	32.9121	0.697574	0.174456	1.10314
28	15.9343	30.5173	-1.56854	-0.347544	0.953048
28	23.9717	27.5637	0.287755	0.767491	1.11905
28	20.1636	38.0257	-0.680648	0.0848152	0.948019
28	14.2849	34.0181	-0.214964	-0.405393	0.953359
28	25.0272	33.5686	0.918961	-0.0943313	0.881806
28	16.8233	32.491	-0.729428	-0.484982	0.958569
28	22.8875	35.6722	-0.681809	-0.27359	0.868608
28	15.2982	34.3361	0.0144814	0.175839	1.03496
28	18.7297	26.9116	0.147708	0.0895063	0.848648
28	27.1004	29.679	1.07813	0.840406	0.90867
28	20.7104	39.3936	0.593636	1.33632	0.978004
28	21.1308	38.4741	0.0614749	0.324117	0.972369
28	28.8378	32.5904	-1.38465	-0.551137	1.04646
28	31.7436	27.289	0.548336	0.352968	1.03183
28	28.8622	30.9483	-0.0657103	-0.317314	1.13415
28	4.56935	26.4381	1.04431	-0.129894	0.967244
28	0.82146	22.8283	-0.860951	-0.588793	0.95787
28	39.579	32.0607	1.04708	0.62432	0.683338
28	30.647	28.151	-0.826169	-2.09277	0.917518
28	33.7936	27.1388	0.575605	-0.031944	1.07866
28	35.8696	30.3668	-0.645783	-0.981487	0.912687
28	38.0837	38.6936	0.976838	-0.797212	1.01274
28	33.1362	30.4951	1.26064	-1.59625	1.23003
28	6.25255	36.3669	-0.218509	1.19597	0.984129
28	2.41461	26.6552	1.05838	0.700359	1.08388
28	39.8173	0.460852	1.01189	-0.196667	1.08099
28	2.69226	39.2915	0.603433	0.432347	1.03715
28	38.5017	25.9561	-1.13338	0.355971	0.977865
28	13.9884	31.9778	-1.43124	0.321506	0.939672
28	21.9445	26.3479	-0.589683	1.54479	1.05864
28	4.19866	25.1351	2.17617	-0.469865	0.936801
28	10.3387	35.4284	0.654193	2.58509	1.00744
28	24.0119	26.3755	-1.04367	0.257471	1.14662
28	13.9319	27.9358	0.227636	0.133787	1.0112
28	18.952	35.6782	0.218826	0.129417	1.03869
28	11.4276	37.3549	-0.208722	0.330709	1.16802
28	21.4066	25.3722	-0.00655496	0.664143	0.935849
28	21.7326	8.03437	-1.68542	-0.328271	1.0979
28	11.4755	38.5596	-0.301608	0.0958365	0.957758
28	15.8938	1.97223	-0.139013	-0.86432	0.754984
28	13.362	37.1993	-0.73995	-0.7614	1.01529
28	16.7818	0.719483	-0.854838	0.0478767	0.954975
28	24.9104	22.4374	-0.816925	-0.225324	0.92256
28	28.0541	35.0867	-0.277258	0.36859	1.07079
28	29.9407	31.6665	-0.269009	0.787564	0.986661
28	23.3263	37.6936	-0.477124	0.497562	1.00487
28	35.9452	38.7854	0.383564	-1.05607	1.13105
28	36.4378	36.8739	0.14043	0.171848	0.897915
28	35.3797	19.4475	0.252775	-0.133948	0.970593
28	32.6451	25.551	-1.39778	-1.07823	1.13756
28	34.3311	23.6426	-0.982484	-2.43511	0.978948
28	1.17221	26.8995	0.993248	0.915441	0.812844
28	30.3747	30.4769	-1.93012	2.29585	0.902719
28	27.3622	33.5313	-0.20213	-0.0570824	0.852532
28	4.1115	30.3986	0.0928312	1.25791	0.942445
28	1.98138	24.9967	-2.34849	1.12182	1.06955
28	34.4912	32.6485	-1.04498	-1.37369	0.972498
28	9.07718	23.8394	1.20339	-0.105393	1.04494
28	38.4986	34.5588	1.40846	0.207489	0.914691
28	37.7715	28.0154	-0.531807	-0.556495	0.932613
28	10.3241	23.8534	-0.225404	-0.362011	1.05664
28	10.6578	39.331	-1.30785	0.131347	0.955718
28	5.18393	34.3828	1.12831	-0.213459	1.03439
28	6.20949	27.5951	-0.843386	1.90228	1.10849
28	18.1126	29.7049	-1.1218	-0.609512	0.949986
28	18.0865	24.9254	-0.525727	0.910215	0.890232
28	12.8327	34.58	0.0933906	-0.649906	0.867628
28	10.4321	26.3715	0.486874	0.261835	0.978675
28	20.3014	30.902	1.37204	-0.053035	1.026
28	35.8751	3.02472	1.93838	-0.568675	1.08337
28	24.2099	35.6612	1.10722	-1.06399	1.08619
28	19.5177	2.86197	0.0910957	0.165728	1.0097
28	15.4229	37.683	0.131334	-0.449229	1.17454
28	25.3475	35.5189	-1.06308	0.910143	1.0171
28	14.3997	28.9247	0.174454	0.903756	0.964068
28	23.0654	22.8249	1.22716	-1.03443	0.898918
28	25.4578	32.1881	-2.14136	-1.64735	0.918085
28	22.6971	29.2893	1.03461	-0.657198	0.946318
28	27.4859	27.0228	-2.36816	0.78287	1.11065
28	33.568	39.8755	-1.83996	-0.853696	1.05132
28	33.9081	19.8177	-0.971721	-0.653763	1.07754
28	34.3429	18.4334	-0.0891003	-0.95639	1.0575
28	29.942	28.8793	0.494228	-0.109189	1.03775
28	31.8345	34.2736	-1.04507	0.642642	0.935274
28	23.2106	19.3803	0.0497267	1.50052	1.14903
28	0.191305	29.2534	0.797684	-0.378583	0.875744
28	26.3666	33.3483	0.384994	-0.491271	0.980216
28	11.3872	30.2303	-0.378926	-0.647482	0.997946
28	39.557	34.5704	0.910416	-1.28426	0.956637
28	3.71802	28.6489	-0.474851	0.627767	0.85566
28	13.7211	5.81368	0.888464	0.152197	0.83691
28	8.50873	36.8817	0.592047	0.141476	1.00107
28	5.23957	24.6733	-2.31397	-0.169918	1.0346
28	3.76857	4.86901	-0.187406	1.09452	1.02166
28	8.23302	9.41636	0.382014	0.274619	0.92723
28	13.9496	20.9346	0.618112	1.00284	1.07261
28	17.7034	26.6861	1.27905	-1.27778	1.13526
28	10.0851	36.531	0.584664	0.32087	1.02498
28	16.1058	6.77158	0.748751	1.58271	0.957029
28	8.29286	30.2097	-0.532759	0.785624	1.08983
28	10.3838	28.1396	0.21202	-1.53427	1.02311
28	15.4954	4.76024	0.689324	1.43905	1.00183
28	12.5767	30.9096	-1.13525	0.117517	1.0354
28	11.7892	33.7139	-0.0978542	-0.33647	1.08902
28	29.789	24.3703	0.777379	-1.94186	1.06525
28	20.7194	2.76759	-0.732789	-2.67506	0.943208
28	19.3646	30.5021	-0.812331	-0.827601	0.856898
28	37.5184	29.1815	-0.251547	0.20363	0.861361
28	28.7924	21.9723	1.52134	-0.00827496	1.00661
28	21.7069	28.4676	-1.52423	0.655984	0.949876
28	22.6683	31.2613	0.712455	0.119141	0.905565
28	34.2939	29.8773	0.898551	-1.16946	0.974634
28	38.1868	1.81415	1.47076	0.967595	1.06793
28	33.6058	34.6945	-0.723956	-0.491052	0.970194
28	34.6802	37.292	-0.0832617	-0.711324	0.986903
28	30.8882	24.1091	-0.250386	-0.79225	1.09479
28	27.8645	25.9542	1.00659	0.868675	1.06057
28	37.515	39.563	-0.361263	0.304165	0.875089
28	39.4479	36.0441	1.96368	-0.284819	1.20433
28	24.5861	37.1101	-1.19773	-0.675041	1.09896
28	4.52059	22.6502	-0.640918	-0.175998	0.971233
28	0.969163	25.9653	1.87155	1.00783	0.995458
28	6.93067	39.7763	0.198782	-0.496092	0.908455
28	6.97372	0.737584	2.21032	1.49579	0.897644
28	8.47793	34.5367	-0.901035	0.437143	1.06273
28	9.61736	30.0723	-0.526058	-0.390441	1.18546
28	2.91765	34.8324	1.06051	-0.885205	1.01109
28	5.55782	37.9386	-0.881479	-0.950935	1.04744
28	25.1796	29.4204	-0.262418	-0.466097	0.962787
28	35.0248	27.5888	-0.00455379	0.473559	1.13878
28	13.2772	35.6555	-0.303598	2.64149	1.0573
28	12.6607	29.8564	0.917214	1.40863	1.07618
28	17.8188	30.8991	-0.500077	-2.25312	1.00509
28	12.7407	32.7759	1.56198	0.79254	0.887721
28	20.347	6.27501	-0.21569	-0.100734	0.920194
28	20.1028	3.89272	0.740926	1.54116	1.11929
28	23.2468	39.0607	0.253067	-0.241647	0.991367
28	17.0549	37.5037	0.618002	-0.707419	1.092
28	28.6935	36.3151	0.503431	-0.502647	0.977985
28	32.8947	35.9047	-0.830717	-0.0465999	1.00606
28	24.2386	25.1188	-0.297755	0.625254	1.18814
28	28.2443	29.8784	1.37253	-0.857345	1.0004
28	35.2747	29.3895	0.0209915	-1.15413	1.07715
28	2.50128	35.9391	0.568822	-1.09845	0.943983
28	20.1948	32.382	0.243366	1.63858	1.11295
28	25.2239	27.8588	-0.510864	-1.06313	1.17036
28	26.2627	26.9848	-1.24151	-0.857053	1.06997
28	31.0434	32.6693	-0.770908	0.410712	0.951949
28	29.9847	17.7126	0.687414	0.958369	1.16375
28	30.7342	33.5936	0.732577	0.0180986	0.973649
28	33.3452	33.1279	-0.00547951	0.941278	1.22913
28	2.33168	2.99902	-0.0300387	0.643434	0.957514
28	36.0843	23.7396	-1.69648	0.50155	0.831235
28	39.6476	31.036	-0.877384	-0.616666	0.86062
28	4.28871	35.2022	0.230751	-0.314728	1.09369
28	30.4933	34.6279	-0.487054	1.23271	1.02364
28	28.2215	37.3443	-1.03088	-0.32783	1.0726
28	2.58262	32.3345	-0.0528832	-0.555541	0.988589
28	0.420374	35.322	-2.08986	-0.341763	1.06477
28	10.6291	32.7229	0.235219	-0.152318	0.771194
28	10.5094	38.103	0.628462	-0.621051	0.981508
28	5.61657	30.1478	-0.0721412	0.322391	1.10792
28	23.8324	24.1005	-1.37497	1.68655	0.896306
28	13.1276	39.1728	0.845351	0.0626661	1.12393
28	18.6979	0.191023	0.202144	0.814095	0.996433
28	24.4678	32.3981	-0.0747946	-0.721495	1.25186
28	7.97122	29.0421	1.50461	-0.194657	0.946438
28	19.2898	4.70997	0.95249	0.201083	1.00693
28	18.8968	32.944	2.07404	-0.0384206	0.867159
28	31.5272	3.01861	-1.46401	1.70222	0.9394
28	25.1596	26.6983	-0.924121	0.985123	1.00997
28	18.0344	36.8395	-0.738026	-1.49846	1.04254
28	21.314	37.015	-0.655367	-0.218699	0.924871
28	34.7745	2.51165	0.467615	-0.920305	1.01489
28	22.6742	30.3091	-0.0932266	-0.713433	0.834544
28	29.3248	34.8864	0.754487	0.238161	0.920987
28	34.4662	34.253	-0.857669	-0.719836	0.916462
28	17.2557	19.0199	2.34638	-1.16976	0.999718
28	22.926	33.6453	0.216413	1.69776	0.962089
28	24.0207	30.8956	0.83132	-0.89042	1.07259
28	31.2732	39.2027	1.09983	-1.55259	0.862297
28	24.9271	24.1958	-0.558235	-0.920245	1.04291
28	28.2934	39.2236	0.490148	0.259526	1.04689
28	32.5072	0.483513	-0.817498	0.0412656	0.829545
28	37.6375	30.1605	0.393487	0.157437	0.964022
28	34.6305	30.9402	0.997292	-0.748415	1.0539
28	1.19683	29.4285	1.31028	-0.583456	1.10701
28	4.44883	3.08783	-0.0566382	0.955649	0.906435
28	39.1921	37.5418	-0.644399	-0.802373	0.963527
28	4.40756	27.5378	-1.20564	-0.716165	1.04972
28	9.54545	34.3958	1.20035	-0.826458	0.976859
28	35.0858	25.6241	-2.81527	-0.476566	0.865485
28	11.5607	3.04933	0.168424	-0.292	1.01793
28	8.76524	38.0983	-0.369706	0.36982	1.09418
28	16.2148	38.5464	-0.897824	-0.798201	1.01573
28	24.1547	1.85016	-0.533903	1.21439	0.94182
28	11.4103	31.5492	0.0566459	-1.07748	0.928245
28	16.4582	4.38965	-0.0575888	-0.375404	0.947174
28	20.833	33.4242	-0.273896	-1.05095	0.970742
28	14.3169	37.4503	-2.43342	-0.410338	0.958173
28	14.7086	35.1604	0.0072671	-1.01866	1.05787
28	14.8012	39.8165	-0.214847	-0.255917	0.999357
28	21.8962	32.4164	1.90565	-1.42088	0.874998
28	23.619	4.96971	0.19725	0.381998	0.90787
28	24.0216	39.5214	-0.419615	0.311763	0.810987
28	23.4332	34.6869	-0.392823	-0.927847	1.31115
28	23.5534	28.7994	-0.287703	1.19926	1.07389
28	29.6396	37.0292	-0.670847	-0.600395	0.984738
28	22.6185	39.8079	0.778853	-1.15321	0.841995
28	27.3966	36.3304	0.429128	0.33305	1.07683
28	26.1196	21.8678	1.93133	-1.84641	0.754633
28	26.3287	30.4369	0.491112	0.723897	0.939505
28	30.433	0.541758	-0.37816	0.796625	1.00663
28	29.0841	38.0563	0.682276	-1.51493	1.06184
28	36.4131	39.8048	1.00741	0.32484	1.04467
28	1.41602	3.52817	-0.451265	-0.262562	1.05081
28	0.489377	1.47215	-1.21816	0.60798	1.03991
28	4.56613	38.6325	-0.324028	-0.159957	1.12965
28	1.60763	1.04423	0.728821	0.593711	0.961272
28	5.0009	39.8138	0.624906	1.02398	1.07878
28	33.3415	31.9382	-0.22657	-0.350456	0.992426
28	39.6465	33.0153	1.62936	0.339281	1.01433
28	35.6503	31.3422	2.42857	-1.73285	1.00942
28	5.76028	4.42918	-0.851378	-0.287802	1.01909
28	0.57468	34.0452	0.192642	0.513378	1.03301
28	7.47366	38.8231	-0.612614	-0.282328	0.95529
28	4.18194	33.8624	0.758554	0.877014	0.869293
28	12.4896	0.825224	-0.906396	0.70453	0.989064
28	8.09757	39.6733	-2.05402	-0.0851477	1.11128
28	10.5977	33.7113	0.0810996	-1.17849	0.986113
28	18.2721	38.05	-0.257454	1.48789	1.05817
28	11.6278	4.41075	2.78662	0.606399	0.94755
28	30.8193	2.14347	-0.148239	0.965813	1.06177
28	30.0554	3.04572	1.08538	0.625914	1.06565
28	19.9671	0.505879	-1.90454	1.39623	0.871509
28	31.9773	1.8809	-1.43776	1.13847	1.10119
28	26.8314	39.8185	0.807895	-1.26136	0.952636
28	36.1788	27.3913	-1.40888	0.30264	1.06296
28	23.4278	36.5942	-0.861776	0.448996	0.95659
28	26.6152	34.6867	-0.0937823	0.30271	0.999888
28	4.69788	8.60234	-0.772058	0.938987	1.13493
28	30.3011	39.1807	-0.403407	0.263993	0.909899
28	23.4297	0.285299	0.291875	1.40178	0.876859
28	2.13469	38.2413	0.377436	-0.262224	0.965244
28	36.8408	28.3298	0.598639	-0.00643524	0.91018
28	24.9581	39.4946	0.0627362	0.216071	0.942904
28	31.2883	38.2814	-0.806074	0.0417727	0.94048
28	1.29145	32.728	-1.16436	0.733078	1.03991
28	0.342235	37.1494	-0.668142	0.730375	1.00405
28	3.87511	9.33285	-1.26268	-0.863879	0.930221
28	36.5836	35.7799	-0.697337	0.866852	1.11385
28	1.41029	2.3071	0.428149	-1.31629	0.947616
28	9.16184	3.50493	-0.179226	-0.373878	1.04578
28	7.72661	10.4439	-0.30669	1.20195	0.954146
28	0.361148	31.6999	-0.420736	-1.63415	1.04381
28	6.49013	38.4406	-0.457312	-0.421197	0.844592
28	12.8226	3.19068	-0.260282	-0.646663	1.05415
28	7.33206	34.7536	0.725935	-0.310405	0.792411
28	6.76257	29.701	-1.63034	-0.324001	1.0835
28	8.17254	1.60096	0.462706	0.375403	1.03714
28	38.2214	24.7492	0.190387	-0.140337	1.1377
28	13.6435	30.5903	-1.65595	-0.373569	1.02658
28	10.0195	31.1434	-0.579863	-1.73037	1.01609
28	10.5392	5.02578	0.0275339	-0.409102	1.01858
28	38.6819	0.48221	0.0703709	0.641622	1.09509
28	5.35729	27.1853	0.494397	-0.293622	0.782251
28	16.9933	30.2643	0.440985	-0.0471164	0.944361
28	11.4929	0.143671	-1.30068	0.612228	1.19502
28	32.668	3.12535	1.95105	-1.17826	1.00351
28	21.9091	37.7397	-1.31992	-1.08603	0.998294
28	35.6451	7.34214	1.80412	0.0646466	0.844767
28	15.9249	31.9404	-0.0270902	-0.212526	1.06466
28	31.9665	36.5768	0.291882	-1.07176	0.971931
28	19.3905	39.2147	-0.787378	-0.486246	0.9658
28	17.3677	38.6408	-0.480806	0.608377	0.968445
28	36.3997	32.693	0.198132	-0.57172	1.25072
28	32.7772	34.2101	0.7339	-0.987266	0.876619
28	34.5192	38.5986	1.95188	0.589991	0.933907
28	28.3554	1.98609	-0.882347	1.2981	1.19391
28	1.82426	39.8011	-0.0111673	0.317614	0.978201
28	31.1815	31.3454	0.965099	1.41779	1.01452
28	2.00393	22.1501	-0.758508	0.0892927	1.03803
28	24.2689	38.7497	-0.553041	1.61034	0.84063
28	37.2099	31.4943	-0.146753	0.319344	1.00818
28	33.2622	29.1125	-0.112138	0.713475	0.996256
28	3.35094	38.368	0.198096	-1.16703	1.09528
