20	2.31937	35.8516	-0.952719	1.09137	1
20	11.2196	39.3898	0.89161	1.49832	1
20	0.167908	31.4075	-0.400953	1.74508	1
20	19.1441	33.5856	0.119638	-0.368545	1
20	11.6089	36.307	0.277087	-1.32057	1
20	5.58758	4.4355	-0.183829	-0.0247448	1
20	5.88425	0.912374	0.11416	0.661547	1
20	1.39984	6.82882	0.987054	0.214895	1
20	16.1387	0.0930077	2.09318	-1.06577	1
20	14.4678	7.9149	0.352173	-2.63026	1
20	20.5668	29.8471	0.156992	0.594981	1
20	14.0894	3.77335	-0.448496	0.143808	1
20	10.5742	0.408096	-1.22005	-0.900861	1
20	14.3919	34.0007	-0.488633	-1.93055	1
20	28.8387	4.38152	-1.04584	0.277122	1
20	16.1127	3.55803	-0.712109	-0.454559	1
20	20.5131	1.3033	0.2898	0.333256	1
20	29.5095	39.2076	0.078071	0.00826934	1
20	32.2584	1.32727	0.073187	0.169262	1
20	21.6104	1.286	0.566469	-0.258509	1
20	22.6528	33.2682	-1.20816	-0.80729	1
20	18.5871	6.74589	-1.52122	0.668891	1
20	34.6991	3.64521	0.525911	-0.681459	1
20	32.4521	2.49119	-0.535187	0.221302	1
20	28.5972	0.29305	0.472173	-0.238916	1
20	36.7882	6.90424	0.12145	-0.759461	1
20	37.4115	5.45359	0.148667	-0.650404	1
20	0.783726	38.9518	0.134327	-0.607995	1
20	26.7716	2.78856	0.169733	-0.467429	1
20	32.9398	17.6157	0.329759	1.11343	1
20	1.94559	3.9175	1.28975	-0.417927	1
20	7.78353	5.68111	0.905059	0.46203	1
20	4.86244	39.8837	0.964672	1.19312	1
20	38.3257	10.0673	-0.732153	0.349284	1
20	37.6232	38.7515	0.189003	1.10809	1
20	1.25906	0.999086	1.89516	-0.295873	1
20	38.5518	7.3471	0.62413	-0.480276	1
20	1.40739	39.7945	-0.233898	-1.15452	1
20	14.8466	4.69781	-0.459465	-1.32498	1
20	6.94123	8.3659	-0.617177	-1.4259	1
20	11.6291	29.4963	0.444351	-0.0420921	1
20	5.795	11.5046	1.34389	0.109506	1
20	8.44979	0.931041	-0.434596	-1.14351	1
20	11.8486	37.3883	-0.912536	-1.49466	1
20	13.9751	39.9216	-0.129649	-0.655508	1
20	12.2487	34.4361	0.0285201	0.892935	1
20	32.3971	32.4479	-0.141207	1.10462	1
20	12.0562	3.78411	-0.843819	-1.16017	1
20	13.5352	30.7858	-1.42575	1.38953	1
20	25.282	37.875	-0.585232	-0.268098	1
20	16.1607	4.74233	0.0601765	1.51701	1
20	18.1269	28.9915	0.063349	1.74627	1
20	21.1092	3.92555	-1.56954	-1.16132	1
20	26.0712	35.3448	0.735137	0.010785	1
20	30.3206	9.29352	1.4138	-0.482538	1
20	35.2936	5.55803	0.522174	1.07586	1
20	27.6688	1.3898	-2.25342	-2.05385	1
20	29.2466	13.3807	-0.579814	0.598205	1
20	29.9596	0.262662	0.286737	-0.233626	1
20	31.3045	1.64119	0.941415	0.488954	1
20	1.10881	35.4472	0.0146792	-0.375539	1
20	28.6436	1.7052	-1.67152	-0.0141245	1
20	24.4795	36.7928	-0.0292663	-2.05145	1
20	39.5178	9.70418	1.39214	-0.113891	1
20	37.7511	36.2574	1.00272	-0.66608	1
20	39.0952	8.5216	0.322431	-0.171263	1
20	39.5706	5.69345	-1.46996	-1.33417	1
20	9.3334	7.62066	-0.758831	-0.689307	1
20	5.73208	5.45528	-1.08813	-1.05213	1
20	0.954571	12.7988	0.497816	0.913997	1
20	38.9717	3.36246	1.522	-0.0651308	1
20	18.7419	12.5015	0.271923	0.642581	1
20	38.9737	15.6304	-0.960077	0.363067	1
20	1.03969	7.78575	1.00167	0.638254	1
20	16.2519	11.0277	0.0312046	-1.59106	1
20	14.7865	37.6523	0.136458	-1.24585	1
20	16.479	5.92735	-0.517058	0.0933524	1
20	18.2752	36.2833	1.7062	1.41598	1
20	9.27561	39.2183	1.00011	-2.83807	1
20	15.3264	11.6795	-1.52497	0.965676	1
20	21.8334	39.2923	0.565528	1.24645	1
20	25.5798	34.3488	1.86719	0.109696	1
20	28.2922	36.0435	1.12214	-0.91301	1
20	22.1501	0.289567	1.85942	0.200013	1
20	8.0954	39.7371	-0.693367	1.1381	1
20	27.4275	38.3026	1.40795	-1.32829	1
20	19.3678	11.1119	-0.66785	-1.23289	1
20	21.4641	6.31505	0.101415	-0.789094	1
20	31.9098	5.076	-0.479221	-0.276895	1
20	24.7518	1.08868	0.0794912	0.0318147	1
20	38.3906	14.5473	0.0300201	-1.09903	1
20	22.0886	5.36338	-0.126901	1.79582	1
20	38.5192	38.2683	-3.06652	-0.318894	1
20	39.6013	7.51525	0.673281	1.62011	1
20	36.0547	6.17343	-0.247329	1.24376	1
20	31.6497	10.994	1.70062	0.0915465	1
20	29.8489	38.1558	-0.472318	1.15321	1
20	37.6401	37.6475	-0.368502	1.10985	1
20	16.5926	8.31009	0.851816	2.21107	1
20	36.7772	17.9526	1.47916	0.640631	1
20	37.4247	20.9218	0.657921	-0.472707	1
20	9.62755	1.14757	0.380844	-1.63145	1
20	3.96745	7.13116	1.4015	-0.0108326	1
20	7.16109	4.07784	0.946041	-0.43795	1
20	2.38107	0.60462	-0.307507	-0.931119	1
20	7.96678	3.35616	-1.85221	-1.06039	1
20	13.698	14.473	0.866502	-1.48418	1
20	5.74043	39.2613	0.640658	-0.805731	1
20	9.19271	4.14019	0.863858	-0.230165	1
20	21.4979	9.67125	1.08068	-0.733243	1
20	7.98199	7.77839	-0.675388	1.02638	1
20	17.1669	4.16673	0.483974	-1.14377	1
20	13.0785	35.2929	0.431938	0.768802	1
20	26.1005	39.6588	-0.631311	-0.748975	1
20	25.2911	5.31664	-0.752316	1.84987	1
20	17.2148	39.6435	0.696153	2.0007	1
20	21.8544	31.6631	0.181274	-1.86294	1
20	23.1406	2.25366	1.31525	0.527748	1
20	25.1927	2.20328	-0.584944	-0.372268	1
20	35.747	1.61176	0.104033	1.07758	1
20	22.7455	3.43777	0.587615	-0.236958	1
20	27.9377	4.04242	0.91341	0.867195	1
20	31.6639	8.72004	1.50151	-0.212911	1
20	28.177	39.2691	-0.831471	-1.96836	1
20	30.3172	2.66693	-0.672894	-0.826837	1
20	36.714	0.889857	-0.501553	1.00866	1
20	5.62082	35.2226	0.997871	2.2786	1
20	35.6142	10.8029	-0.85024	0.515294	1
20	1.15534	11.5484	-0.247679	0.0242217	1
20	35.6914	9.63215	0.153339	-0.513023	1
20	31.5542	4.07253	0.146907	0.96599	1
20	3.69281	36.0567	0.437204	1.10565	1
20	34.7969	14.5495	-0.83224	-0.798472	1
20	0.353278	13.5759	0.2087	0.0245377	1
20	4.37254	8.52619	-0.84934	0.528241	1
20	1.12976	8.97609	-1.03753	1.24946	1
20	5.59648	8.56648	-0.55133	0.248385	1
20	37.8205	15.7389	0.196872	1.13476	1
20	5.19392	1.88067	1.80609	0.608798	1
20	9.1137	2.58978	-0.801473	0.371038	1
20	3.1165	32.5363	0.778981	-0.262098	1
20	17.1446	38.2477	0.104128	-0.038921	1
20	19.779	3.98581	-0.74167	-1.09222	1
20	12.5794	36.65	1.99153	-0.545197	1
20	10.9448	32.0764	0.627037	-1.31434	1
20	9.22313	6.61203	-1.23885	-0.763228	1
20	17.7172	37.171	0.918529	1.61211	1
20	15.1691	3.77471	-1.34629	-0.755992	1
20	23.967	6.11039	0.783324	-1.0359	1
20	21.2549	37.0644	0.373959	-0.416509	1
20	24.1259	1.9379	-0.717863	-1.12774	1
20	25.0324	6.63467	-0.360311	-0.0549662	1
20	28.9307	7.46687	0.71093	-1.92337	1
20	18.4369	11.5309	1.76598	0.907923	1
20	20.2495	10.2274	-0.0619635	-0.717812	1
20	13.5955	2.35874	1.08294	-0.224494	1
20	19.0865	7.74075	1.89421	0.122301	1
20	36.7018	2.29938	-1.10329	0.0504782	1
20	23.0393	36.2681	-1.1317	0.338898	1
20	32.7229	4.40577	-0.21312	0.0121589	1
20	39.9795	1.50744	1.1574	0.608627	1
20	23.599	0.542881	-0.34606	-0.779662	1
20	12.4677	30.9031	-1.76373	0.915527	1
20	33.6021	12.7489	1.1594	1.91215	1
20	1.18404	5.15152	0.944631	-0.0262879	1
20	29.8346	16.9468	0.129603	0.227031	1
20	36.3165	5.05966	0.23695	1.28268	1
20	0.503665	6.19039	-1.71346	-0.355043	1
20	37.1256	10.2775	-0.0923417	-0.77644	1
20	2.59481	2.39873	0.125929	1.62197	1
20	39.532	2.44867	0.853318	-0.0844181	1
20	3.20464	6.28435	0.473249	-1.12806	1
20	4.03344	11.22	-0.852217	-0.864464	1
20	10.4038	4.39692	-0.620154	0.538803	1
20	16.5915	33.8498	-0.497042	-0.580698	1
20	11.7731	7.9932	0.251967	-0.68068	1
20	16.2051	34.8169	0.545904	0.211063	1
20	15.4242	33.8605	-0.206844	-0.480733	1
20	16.3089	12.1752	-0.551649	0.341791	1
20	14.9728	0.00681392	0.247205	-0.191146	1
20	15.4787	10.0922	-1.20166	0.694826	1
20	22.3324	37.9169	-0.994337	0.0575249	1
20	20.528	11.8835	-1.4194	-1.39596	1
20	21.8169	7.27492	1.38135	1.27631	1
20	29.0055	23.728	-0.093462	-1.17743	1
20	27.6784	19.0254	0.5655	-0.278885	1
20	22.0393	2.43672	0.36291	0.668112	1
20	23.3429	11.5628	-1.16607	0.206902	1
20	29.9857	18.0554	-0.0698111	-0.782567	1
20	33.1109	5.73549	0.0485759	-0.73215	1
20	27.1016	39.4306	-2.02911	-0.0900231	1
20	27.1941	5.62393	0.0849433	-0.0155369	1
20	38.2727	6.25286	-0.17514	0.346066	1
20	34.329	5.8296	1.0814	0.50158	1
20	2.51906	5.58965	-1.88513	-1.04209	1
20	36.2115	37.3641	-0.622163	0.701042	1
20	37.7264	12.0828	0.896385	-0.453267	1
20	35.5375	19.785	-1.10741	1.12224	1
20	38.861	12.5633	0.166249	0.898706	1
20	2.72929	13.1621	-0.0518009	-0.321457	1
20	3.28176	16.3561	0.297936	0.382668	1
20	4.3852	3.66583	0.478333	1.32672	1
20	13.7683	6.51012	-0.666206	-0.0306634	1
20	21.4767	14.1389	1.85478	0.147028	1
20	12.3852	5.74805	0.320619	1.15763	1
20	18.1965	13.5181	0.690507	0.522013	1
20	15.3534	13.0198	-0.894722	0.422558	1
20	20.6553	38.0939	-0.421361	-0.548105	1
20	13.2333	39.2643	0.457447	-0.159578	1
20	23.6146	35.4697	-1.09299	1.5681	1
20	17.8549	8.70282	0.715086	-0.703723	1
20	20.5163	7.63387	-0.224868	-0.401953	1
20	10.5028	9.45812	0.567022	-1.22204	1
20	22.7547	1.37249	-0.441856	0.000122209	1
20	18.1248	38.9265	1.37298	-1.75015	1
20	20.2319	36.9208	0.0443308	-0.262151	1
20	29.5039	19.5197	0.0779199	2.87696	1
20	24.9746	38.9732	0.863676	0.0720423	1
20	35.5221	4.31177	0.555534	-0.286603	1
20	19.0512	15.784	0.554628	-0.772529	1
20	29.6811	6.6286	1.62559	-1.64235	1
20	22.6582	14.1292	0.220628	1.04234	1
20	32.1132	16.6467	-0.203033	0.764198	1
20	31.3924	6.26318	0.270223	0.192951	1
20	32.4581	7.9127	-0.92165	-1.55747	1
20	2.06529	11.1668	-1.00923	-1.68777	1
20	34.6303	9.16968	0.00617655	0.441591	1
20	34.4666	4.81414	1.2424	-1.72699	1
20	31.5071	15.4622	0.557723	0.228797	1
20	31.8268	12.1899	0.0285172	0.127	1
20	33.2841	9.64893	-1.66654	-0.426688	1
20	32.883	23.1055	1.47367	-1.19008	1
20	37.0083	13.7509	-1.7068	1.15984	1
20	4.96646	12.2103	-2.06045	0.3006	1
20	4.36123	6.1307	0.265227	-0.698477	1
20	2.48111	7.54824	-0.725281	-0.0976525	1
20	35.9018	16.8794	-0.402542	1.24183	1
20	20.9011	17.1366	-0.368959	0.827213	1
20	0.117408	15.0599	0.0851569	1.90054	1
20	13.2201	1.07404	0.197946	1.69962	1
20	6.86066	11.5122	-1.08799	0.229954	1
20	9.36258	8.75566	0.0748973	-1.2472	1
20	17.5914	35.3807	1.12982	-0.06067	1
20	15.9781	38.5133	0.744066	-0.609559	1
20	14.6248	36.0241	1.059	-1.04959	1
20	12.5895	2.75859	-0.429555	-0.145172	1
20	22.6941	6.53279	1.04255	-0.881969	1
20	16.9709	0.809906	0.476849	-0.339731	1
20	14.1679	11.8548	-0.448207	1.6872	1
20	24.7747	0.119604	-0.920662	-0.200017	1
20	26.1335	6.21712	-0.808665	-0.900529	1
20	27.0016	8.64075	0.750762	1.76768	1
20	26.0145	9.12427	0.593639	-0.875395	1
20	29.4197	9.93636	-0.78666	1.09678	1
20	28.6236	11.1963	-0.668003	0.749125	1
20	25.9618	10.5988	0.181442	-0.640377	1
20	36.5782	12.6629	0.0804625	0.292964	1
20	35.3266	38.2039	-0.449267	-1.51892	1
20	37.4811	9.12588	-2.24201	-2.24552	1
20	28.7963	3.38174	-1.3209	-0.327838	1
20	33.4388	14.1808	-0.595957	0.0776328	1
20	29.3338	5.39251	0.787268	-0.147113	1
20	34.5301	37.394	0.67776	1.39935	1
20	26.5323	1.74454	-1.62476	0.203803	1
20	33.9106	22.4174	2.16239	0.924396	1
20	5.73836	16.6053	0.353908	0.767375	1
20	1.14847	2.09191	1.5317	0.132297	1
20	3.36903	15.1938	-0.2553	1.88681	1
20	6.02455	15.4508	-0.229536	1.61099	1
20	0.0258117	11.9878	0.565716	-0.230114	1
20	19.1655	36.9117	0.0544785	-1.52736	1
20	20.4642	18.171	1.86128	0.0618301	1
20	4.10609	9.6959	0.762283	-0.213261	1
20	7.58115	15.4062	-2.15705	1.11424	1
20	19.709	8.57372	0.537915	-1.24451	1
20	15.4411	36.9493	-1.23528	-2.00626	1
20	17.711	10.1757	-0.307494	0.622131	1
20	13.3337	16.3981	-1.40578	-1.04871	1
20	15.8025	9.05335	-0.145938	-1.30437	1
20	28.3018	6.59533	-0.710357	-0.197656	1
20	18.7609	2.79485	1.28869	-0.751231	1
20	30.6906	8.07905	-1.89728	1.0344	1
20	22.6978	9.40067	-0.360778	1.28084	1
20	24.7938	9.13349	0.947862	1.51149	1
20	33.6211	6.82567	1.15553	1.06931	1
20	20.1272	12.8966	1.07294	1.38863	1
20	22.8476	18.0376	-0.281672	0.857261	1
20	16.0552	14.1223	0.822888	0.937886	1
20	29.4235	12.3405	0.96849	-0.0364637	1
20	19.8933	6.4842	-1.32122	0.467115	1
20	35.0442	6.74659	-1.76021	-0.884105	1
20	30.6156	10.4807	1.99571	-0.850995	1
20	26.2573	16.3817	1.03156	0.125246	1
20	33.6754	20.0471	1.41634	-1.31778	1
20	4.58299	16.2877	-1.03534	0.542173	1
20	2.48694	17.2126	1.87059	1.47213	1
20	39.7909	24.127	0.0449656	-1.18012	1
20	9.5256	17.9367	-0.185876	-0.127527	1
20	5.26557	9.53293	-0.353859	0.705671	1
20	37.6285	7.91174	-0.480719	0.425061	1
20	13.1131	37.4611	-0.061571	-0.469425	1
20	11.633	11.0227	-0.401099	0.860119	1
20	10.7713	8.13993	0.493396	-0.997766	1
20	2.42629	8.77491	-0.0653878	0.25153	1
20	8.92634	5.61199	0.42525	-0.8302	1
20	2.01917	12.3004	1.38673	0.114441	1
20	7.17112	21.7851	-0.55255	-0.49019	1
20	16.7589	9.55006	2.96894	-0.763016	1
20	9.45263	10.1521	0.100908	-0.391149	1
20	10.7252	11.8931	0.89496	0.262597	1
20	20.3417	13.8937	1.4064	0.174451	1
20	11.0287	1.44083	0.575181	-2.04488	1
20	31.3773	13.054	0.104164	1.2246	1
20	15.0498	6.54718	0.0573587	-0.489836	1
20	24.0931	4.99468	-0.441644	-1.04173	1
20	13.0776	4.17601	-0.931235	0.0957081	1
20	17.8663	5.02979	1.71448	0.288355	1
20	23.6293	12.8484	0.605995	-0.769593	1
20	23.7955	9.51869	0.150826	-1.29198	1
20	17.3931	17.3099	-0.684694	-1.47073	1
20	31.2739	14.1681	0.35463	0.148374	1
20	22.3631	10.5823	1.57989	-0.277697	1
20	28.8031	18.1281	0.0661038	-1.11421	1
20	31.212	21.9894	-0.171578	-0.217557	1
20	36.3698	8.79306	-0.199558	0.0839004	1
20	21.529	12.6707	-0.302996	1.68949	1
20	34.5156	17.1776	1.63018	0.0744052	1
20	32.6122	13.4029	-1.16029	-0.833151	1
20	31.115	16.8087	0.727379	0.587143	1
20	3.61955	21.256	-1.44715	0.603377	1
20	36.7679	20.1376	0.274828	0.573589	1
20	0.635255	18.6448	-1.3746	-1.05179	1
20	6.4018	3.22492	0.883687	-0.504554	1
20	3.00944	11.9018	0.629347	1.04015	1
20	38.9772	11.5033	-0.536979	-0.527156	1
20	7.84877	12.1357	1.23004	0.899265	1
20	14.6653	9.31843	-0.461911	-1.97832	1
20	8.47486	17.9	-1.23647	0.805878	1
20	11.4752	9.043	-1.71731	-2.06903	1
20	11.3801	5.62772	-0.27984	0.336238	1
20	11.5684	12.6126	-0.844795	0.245336	1
20	18.0935	1.85342	0.452472	-0.582386	1
20	16.6926	16.4319	-0.161183	0.828852	1
20	20.7739	14.9189	-1.36627	1.01261	1
20	23.0748	4.53959	0.635561	-0.249191	1
20	27.1733	11.1499	-1.50932	-0.780156	1
20	20.9135	8.68567	1.94204	0.147578	1
20	31.5402	7.33163	0.292123	1.60972	1
20	26.8825	4.48289	-0.792014	-0.512492	1
20	25.7737	14.7428	-0.696142	0.402155	1
20	27.751	7.54238	-1.04859	-0.609938	1
20	31.0817	24.232	0.211098	-0.309656	1
20	30.4335	15.7912	-0.754468	0.774592	1
20	27.5299	16.8943	1.6956	0.303217	1
20	28.2065	13.7092	0.675028	-0.452286	1
20	35.1674	22.4702	0.184729	-1.57754	1
20	34.6523	11.956	0.820235	1.33339	1
20	25.6803	3.84012	-0.923792	1.18342	1
20	33.7449	15.1615	0.838907	1.6279	1
20	32.2267	14.7894	0.784036	0.428673	1
20	38.6632	5.08605	-2.19197	-0.433312	1
20	28.0215	9.08737	1.41382	0.501047	1
20	1.29631	13.878	1.55725	1.2191	1
20	36.533	26.9289	0.48088	0.056766	1
20	38.6312	19.1704	0.60402	0.511193	1
20	16.4294	37.391	0.099148	-1.27972	1
20	2.15475	15.9406	-0.584588	-0.139809	1
20	9.36678	13.0747	0.65457	1.01262	1
20	35.971	13.6397	0.357595	1.27018	1
20	6.19685	19.7849	-0.190863	-0.414099	1
20	12.3267	10.0732	-0.415431	-0.983144	1
20	8.31081	11.0582	0.742609	-0.927149	1
20	12.2499	16.9465	0.555013	0.804082	1
20	14.7672	16.2179	0.158081	0.13001	1
20	8.27073	13.2642	3.13215	0.573138	1
20	9.72365	15.4363	-1.10833	-0.0128996	1
20	7.87851	20.8122	1.29907	1.14568	1
20	10.3785	13.1235	1.16719	-1.95607	1
20	11.7946	13.7052	1.40543	0.345067	1
20	10.4958	6.96698	0.485536	-0.115683	1
20	16.2778	17.3586	0.398823	1.05807	1
20	19.8048	15.0552	-0.00653229	1.30955	1
20	27.0775	6.74637	-0.582911	-0.343301	1
20	18.721	9.26668	-3.34357	-0.390683	1
20	27.8487	14.9297	1.66799	-0.656265	1
20	26.4749	7.7618	-0.487734	-0.335616	1
20	37.838	11.1285	0.530611	-0.0183729	1
20	29.294	8.70935	0.317067	-1.01143	1
20	32.5018	25.4982	1.45367	1.11367	1
20	32.5931	10.614	1.02103	-0.925791	1
20	0.462797	23.0997	0.743687	-0.48119	1
20	33.459	18.6336	-1.61482	0.431689	1
20	39.883	16.0868	-0.923612	-1.10681	1
20	16.0808	2.50048	-0.264961	-0.372692	1
20	7.08763	17.6403	-1.61587	-2.05751	1
20	16.5973	22.3627	-0.595484	0.756628	1
20	31.412	25.3599	-0.612605	-0.353914	1
20	1.30958	15.1516	0.0910742	-0.555454	1
20	0.242751	8.37322	0.137374	-1.59889	1
20	5.25286	26.4485	0.205735	-1.08127	1
20	13.2582	20.6428	1.49703	1.95355	1
20	7.50586	13.9414	0.00363075	0.372297	1
20	8.77996	14.3401	0.818876	-0.146755	1
20	1.3584	21.1169	-1.19972	-0.542085	1
20	39.3304	13.6792	-0.521473	0.723	1
20	24.604	12.182	0.119129	-1.51365	1
20	38.0464	18.0251	-0.71231	-0.249946	1
20	12.6509	12.153	0.563585	0.418571	1
20	12.7	8.64269	1.14853	1.70253	1
20	14.6428	17.5604	-0.54355	1.26337	1
20	24.234	3.00246	0.192962	-0.929426	1
20	3.37438	8.14868	-0.418184	-0.944893	1
20	11.4444	26.3246	-0.20567	0.44842	1
20	14.4636	10.545	2.25712	-0.855745	1
20	23.8154	26.1295	0.714034	0.630088	1
20	14.4833	22.6488	1.35526	0.617001	1
20	24.4411	17.7255	0.696464	-0.219853	1
20	24.8346	15.3002	-0.288405	-0.477805	1
20	38.2941	26.9405	0.783827	0.23037	1
20	31.649	19.0194	-1.04478	-0.268687	1
20	30.3243	20.3532	-1.2797	0.375001	1
20	31.5185	9.88159	-2.97338	-0.517795	1
20	26.2359	13.2272	-0.481056	-0.532565	1
20	23.8186	29.729	0.0778915	-0.43582	1
20	31.293	18.0219	-1.53566	1.14875	1
20	36.8806	16.1243	-1.07407	-0.879534	1
20	30.1241	25.1546	1.33458	1.3126	1
20	31.1761	23.0347	-2.89313	-0.286036	1
20	36.6895	21.9826	-0.291412	1.05715	1
20	13.4657	11.1277	-2.34626	-0.424261	1
20	6.33021	13.9337	0.0476327	-1.04025	1
20	3.90762	12.4914	1.66374	-0.0824204	1
20	13.9446	13.3934	-0.924384	-1.49655	1
20	1.3357	23.6407	1.22425	-0.454932	1
20	2.71175	19.4888	-0.91088	0.218887	1
20	37.3842	23.8744	-0.293663	-0.252627	1
20	1.71815	19.1189	-1.07577	1.14609	1
20	6.77362	12.8575	0.355263	0.94324	1
20	3.72191	13.5463	-2.52812	1.11435	1
20	11.8358	18.0441	-1.53577	0.612051	1
20	3.7215	17.719	0.64718	-0.651355	1
20	16.7244	20.1139	-0.161759	0.0813009	1
20	19.578	20.7115	-0.179767	-0.847191	1
20	14.7912	21.6479	-1.01214	0.783607	1
20	17.3106	7.43327	-0.371506	1.62025	1
20	16.3969	15.4773	0.244677	-1.29833	1
20	22.2164	11.759	0.639289	-0.937063	1
20	24.5201	16.365	0.597726	-0.34393	1
20	23.331	8.36371	0.318509	-0.0220413	1
20	14.0509	19.5597	-0.65749	0.0255353	1
20	20.8098	24.5899	0.581593	0.0961743	1
20	26.4768	27.9446	0.332781	2.09331	1
20	22.2631	24.8789	0.0615739	0.260404	1
20	26.9345	20.1065	1.68146	-1.38982	1
20	33.7479	0.551939	0.424741	1.05765	1
20	27.3202	28.8021	0.672773	-0.74642	1
20	34.8991	20.6467	-0.664167	-0.217945	1
20	38.8113	1.3649	0.241114	1.2375	1
20	28.8139	17.004	0.284349	1.70567	1
20	34.4454	13.4032	-0.668281	-0.0778275	1
20	33.692	16.4398	0.338339	0.976894	1
20	1.66231	22.2902	-0.28631	0.340702	1
20	7.94876	19.6739	0.0359114	0.273059	1
20	4.70271	17.9468	-0.00995454	-0.656645	1
20	8.91663	20.1493	-0.388366	-0.708598	1
20	2.47731	14.2733	-0.186258	-0.250048	1
20	6.83791	16.1182	-0.568903	-0.995297	1
20	4.83686	30.2176	0.460632	-0.185694	1
20	39.5649	17.8758	0.0530496	1.42266	1
20	2.6661	18.3784	-0.711649	1.85527	1
20	5.66623	13.1566	-1.61311	0.0364043	1
20	14.7584	18.6041	-0.395545	-1.75357	1
20	7.43416	22.851	0.584051	0.240073	1
20	11.8796	24.1626	0.525655	0.654659	1
20	11.6657	14.864	-0.214405	0.257632	1
20	17.3622	12.412	0.439668	-0.538919	1
20	15.8389	21.5547	-1.41183	-1.76598	1
20	3.7604	19.6855	-0.308854	0.117362	1
20	7.32903	29.1298	-1.24838	-0.425528	1
20	35.6692	12.0456	0.258743	0.178456	1
20	15.1308	19.5292	-1.97968	1.26757	1
20	19.3148	13.6559	-0.40475	1.02373	1
20	30.7494	4.79945	-0.101086	-1.52338	1
20	25.3803	8.24728	-0.409754	-0.221024	1
20	19.4173	18.2547	0.411009	0.377887	1
20	19.7404	26.678	-0.811007	0.0758129	1
20	32.5525	6.64646	-0.291513	0.533838	1
20	25.7118	21.7242	0.564958	0.967368	1
20	28.2443	26.0393	0.46995	2.17974	1
20	38.62	33.802	1.58879	0.590377	1
20	5.74381	18.9257	0.710088	0.36726	1
20	32.5502	24.2006	0.0141638	-0.621396	1
20	28.4086	20.0689	-1.11646	2.10485	1
20	1.72815	20.144	-0.0710923	1.57535	1
20	38.6171	16.9352	-0.314186	-0.397131	1
20	29.2956	16.0239	-0.406642	-0.437623	1
20	0.776592	17.1358	0.160097	0.0525364	1
20	4.75506	13.6306	-2.12148	0.616899	1
20	2.32762	24.1895	-1.09824	1.15474	1
20	8.91225	26.7519	0.801015	-0.187211	1
20	3.74708	25.6342	-0.692383	2.20606	1
20	14.9841	38.7393	0.913147	0.721873	1
20	13.1473	9.55731	-1.21309	-0.0828733	1
20	10.3524	10.7156	1.12442	-0.600949	1
20	7.19466	9.50771	0.436725	0.553793	1
20	14.8555	14.0782	-0.423179	0.174457	1
20	16.7247	13.3708	-0.463801	-0.20739	1
20	20.8033	16.0638	-0.340547	1.59035	1
20	11.0528	17.1108	0.155548	-1.03443	1
20	17.3486	14.2334	0.926875	0.114532	1
20	5.69358	20.9732	0.135039	-0.811903	1
20	21.9862	17.254	-0.990455	-0.78759	1
20	23.5515	19.2617	-2.67819	1.64393	1
20	24.7828	26.6027	-0.0749497	-0.332696	1
20	28.0376	10.1191	0.0980686	-1.16543	1
20	21.3033	18.9886	-1.37109	-0.466185	1
20	23.1803	26.9812	-0.216756	1.56451	1
20	15.3687	15.1642	1.00228	-0.617451	1
20	30.2238	22.5676	0.868641	0.116025	1
20	34.0144	27.09	0.0224773	-1.2887	1
20	38.1353	13.3079	-0.742678	-0.426573	1
20	31.2667	20.8689	-0.113462	1.21501	1
20	33.4428	32.5711	0.636754	0.193569	1
20	29.4262	14.8479	-0.99306	-0.431502	1
20	37.7536	19.729	0.432096	0.305138	1
20	33.6849	25.0827	0.744158	0.495845	1
20	0.509991	25.8176	-0.529635	-2.65632	1
20	30.6731	11.6245	-1.15923	0.440499	1
20	39.9441	20.8966	0.0652657	0.535655	1
20	5.77662	23.2809	0.305694	0.750801	1
20	35.2777	23.5818	-0.461546	1.71971	1
20	37.4611	26.3173	-0.36339	0.493553	1
20	35.9439	18.6864	0.453656	0.146872	1
20	9.55643	11.6244	-0.703901	1.33006	1
20	3.55432	23.0756	0.988183	-0.768817	1
20	2.6094	20.647	0.0633035	1.82014	1
20	8.3434	8.84182	-0.503602	0.781415	1
20	5.8666	17.6065	0.698318	-0.297176	1
20	9.75926	16.7546	-0.0435499	1.58624	1
20	24.4771	21.5772	1.27521	0.927276	1
20	19.7291	16.9137	-1.49678	-0.295591	1
20	21.3468	10.8629	1.22276	-0.834065	1
20	23.9618	7.25247	-0.78309	-0.649227	1
20	20.1878	19.782	0.679298	0.0411581	1
20	18.1331	20.7952	-2.03564	0.0145536	1
20	13.8585	27.2872	-0.0178539	0.282821	1
20	26.9925	10.0402	0.352251	-0.391472	1
20	29.7249	11.2042	0.702724	-0.704303	1
20	35.0118	27.4132	-0.202126	-1.62311	1
20	30.1241	21.4851	1.00716	-0.883666	1
20	29.6915	32.4665	0.773176	0.181471	1
20	24.2751	32.0438	-0.321419	0.706257	1
20	25.1408	22.6136	-0.538234	-0.219356	1
20	36.419	23.3581	-0.142582	-0.196432	1
20	22.4192	16.1033	-0.55969	0.662257	1
20	38.6351	21.4497	1.10734	-0.774811	1
20	26.6696	25.1201	-0.430947	-0.548474	1
20	34.8569	29.1856	-1.68251	0.192116	1
20	39.0235	20.4472	-0.516075	0.0381484	1
20	5.5189	22.0053	0.268151	0.600885	1
20	0.599721	21.8969	-0.899437	2.62449	1
20	2.92969	10.2142	-1.57678	0.277124	1
20	28.2599	12.2705	-0.478539	-0.15262	1
20	0.627789	19.8187	0.708427	0.0896531	1
20	35.9397	14.7333	-2.90466	0.124373	1
20	8.25677	22.0245	-1.58049	0.640378	1
20	6.43581	25.5439	-0.613354	0.401146	1
20	13.2429	7.51654	0.513872	-1.36074	1
20	1.66435	17.8377	-0.114543	0.326892	1
20	38.345	22.8521	0.510634	0.45603	1
20	2.61523	25.1826	-1.80261	-1.31928	1
20	0.891771	16.0788	0.99645	-1.09689	1
20	19.1362	19.7455	-0.743232	0.739763	1
20	8.13338	23.9075	-0.632072	0.345541	1
20	29.0908	24.8628	0.753777	0.20222	1
20	15.9845	23.3262	-0.292383	1.35025	1
20	23.8388	14.1186	0.330904	1.07393	1
20	22.5487	21.047	-1.52985	0.146732	1
20	22.3464	28.8862	0.276883	-0.169247	1
20	19.156	21.7217	-2.04118	1.13781	1
20	20.913	28.7458	-0.662864	1.32753	1
20	22.0717	22.3668	-0.899189	-1.48239	1
20	13.9315	26.1152	0.396483	-0.0898319	1
20	28.3616	21.5367	-1.34201	-0.337457	1
20	23.6064	24.8859	0.347656	-1.39695	1
20	23.5007	22.0671	0.679054	0.391564	1
20	32.2595	3.45515	-0.24952	1.12567	1
20	27.145	13.9924	-0.459386	-1.5792	1
20	37.0773	30.253	1.2312	0.0362051	1
20	31.8539	28.3447	-0.823085	1.77382	1
20	32.6805	19.6091	0.588152	0.611677	1
20	1.04502	24.7423	0.371533	-0.696149	1
20	39.5855	33.6652	0.435779	0.434896	1
20	10.6861	20.8396	1.43102	-0.93862	1
20	5.44451	25.0577	-0.154404	0.658094	1
20	32.7823	29.2354	-0.517349	0.398653	1
20	37.2738	25.0037	-1.80955	-0.567302	1
20	9.21843	19.1745	-0.92501	-0.960638	1
20	2.14048	26.6712	-1.08544	0.563221	1
20	12.0882	23.0789	-0.121795	-0.347919	1
20	11.7348	16.023	0.949869	0.623265	1
20	6.84107	20.8362	-0.04638	-0.150989	1
20	14.0052	23.8585	-1.328	0.0495981	1
20	15.1151	24.1626	0.110252	0.892401	1
20	4.44755	23.8983	0.401257	0.933077	1
20	12.912	29.932	0.229102	-0.267418	1
20	10.5999	18.3141	0.729467	-1.64586	1
20	30.1588	13.9633	0.581024	-0.422713	1
20	26.1784	18.8211	0.874782	1.08833	1
20	18.6669	17.4811	1.28633	-0.280346	1
20	21.8421	26.7713	-0.222612	-0.284145	1
20	19.2097	25.5678	0.262365	2.41255	1
20	17.5079	15.481	0.509667	1.05288	1
20	26.2477	17.7471	-0.00480882	-2.18243	1
20	26.954	21.6423	0.74259	-1.31809	1
20	20.8459	20.5183	0.850812	-0.291491	1
20	25.8047	30.2034	-0.831171	0.36938	1
20	30.8482	32.0441	-0.688504	0.264081	1
20	18.4279	24.6533	-0.592277	0.390403	1
20	0.411762	29.7859	1.1883	-0.589021	1
20	24.0771	23.0336	1.48318	-2.24794	1
20	0.981802	32.2281	-0.320686	-1.89019	1
20	23.3041	23.7233	-1.20801	0.0437119	1
20	29.2281	22.5323	-0.857335	0.731301	1
20	36.8711	35.6709	0.85093	0.418833	1
20	36.368	24.3328	-0.0358071	-0.0199799	1
20	34.0723	26.0353	-0.0279607	0.521938	1
20	39.5018	26.9881	-0.919465	-1.48876	1
20	1.82007	33.6456	0.793953	0.979237	1
20	12.3701	19.9015	-1.9167	-0.217958	1
20	39.512	37.4046	0.73921	-0.782418	1
20	7.36821	30.6507	-0.802098	-1.15357	1
20	15.0237	20.6463	-1.08223	0.447833	1
20	3.40921	24.356	-0.947697	0.33868	1
20	22.218	19.6817	-0.609462	-0.0861084	1
20	7.83248	27.0465	-0.861166	-1.29179	1
20	7.06339	19.0111	1.53251	-0.419865	1
20	13.7368	18.5852	1.00863	1.20305	1
20	12.7534	25.0179	0.893133	1.10187	1
20	18.391	14.6643	0.275395	-0.259463	1
20	9.84147	22.2184	1.14762	-0.0332529	1
20	27.345	12.841	-1.24234	0.101986	1
20	10.6657	27.8733	-0.395716	-1.79844	1
20	10.4482	36.0863	-1.25561	0.728983	1
20	21.7607	15.334	0.0715342	1.51383	1
20	23.4346	16.9876	-0.533387	-0.124444	1
20	25.9907	23.3038	0.54519	-0.307681	1
20	23.4789	20.5047	-0.38251	0.56716	1
20	23.9835	27.6601	-0.738396	-1.48312	1
20	20.3152	25.538	-0.203657	-0.642652	1
20	25.2256	20.6491	-1.2026	0.730209	1
20	25.1606	29.2116	0.917558	-0.60668	1
20	26.0933	33.3842	0.106871	0.730461	1
20	36.6663	32.8851	1.79604	1.90035	1
20	1.55916	37.8937	-1.48132	0.414668	1
20	37.2351	27.708	-1.85636	-0.88037	1
20	4.58702	20.8185	1.47645	0.623838	1
20	38.8688	32.7667	-0.523734	0.440211	1
20	36.89	31.6409	1.41475	-1.48941	1
20	29.2505	35.4827	-0.781708	0.0939407	1
20	8.72434	16.907	0.695039	-0.47447	1
20	5.18212	19.8501	-0.198884	-0.93273	1
20	37.7415	29.2983	-1.46231	0.707986	1
20	0.18425	34.7296	0.860568	1.09021	1
20	10.0844	31.5031	-1.0152	1.66078	1
20	9.54074	24.827	0.75583	1.05645	1
20	2.80396	31.4167	0.68423	0.832916	1
20	10.661	24.096	-0.268471	0.810288	1
20	10.7551	14.2113	1.02782	0.0027601	1
20	17.8046	19.8027	0.808806	-0.0178429	1
20	20.9052	22.9558	0.292483	0.997027	1
20	11.6927	25.304	-0.217175	-1.7853	1
20	14.2881	29.5682	-0.612689	1.72843	1
20	24.707	24.3067	1.11133	-1.40055	1
20	18.9937	23.064	-0.00326866	-0.394637	1
20	8.83028	23.0784	-0.0318282	0.22452	1
20	28.2485	16.0626	0.252035	-1.46841	1
20	22.5526	25.9368	-1.07906	0.616283	1
20	23.625	15.2732	0.0139897	2.46677	1
20	21.453	25.4386	-0.684481	-0.579285	1
20	25.0525	31.1717	-0.446172	0.587976	1
20	31.978	39.0933	-0.741655	-0.728178	1
20	35.4678	28.3063	2.04704	0.395958	1
20	35.5034	34.8857	0.280081	0.412847	1
20	30.0387	23.9395	-1.25918	-0.125221	1
20	2.00019	34.8219	-0.768083	1.01895	1
20	27.9124	25.0024	0.619194	-0.72095	1
20	35.3143	24.6549	1.11508	1.92853	1
20	33.3593	36.2739	1.57359	0.302509	1
20	36.5507	25.7041	-0.573108	0.309229	1
20	0.845894	33.291	-0.418259	0.73424	1
20	30.5326	19.1314	0.678483	-1.12068	1
20	2.18409	32.2872	-1.02232	0.458716	1
20	24.7512	30.1392	-0.28677	-0.488158	1
20	1.57377	25.7632	0.574548	-0.0678499	1
20	7.42671	0.968263	0.887481	1.35094	1
20	39.9641	36.0715	-0.341696	1.70745	1
20	4.46115	21.9945	0.255657	-0.660387	1
20	10.7347	38.4004	-0.423592	0.56119	1
20	7.2553	38.8971	-0.0165864	0.177587	1
20	39.3246	23.2248	0.785735	0.804367	1
20	5.28827	3.07741	0.783502	-0.542091	1
20	17.0709	21.2101	1.01494	0.0557902	1
20	9.90237	25.9935	-0.933357	-0.0589232	1
20	9.90304	28.8141	-0.125177	0.130761	1
20	8.9374	30.6617	0.564245	0.974744	1
20	21.9887	23.8462	0.191344	0.226247	1
20	17.2195	31.6216	-1.98844	-1.44516	1
20	13.369	22.5889	-2.53205	0.163751	1
20	29.3511	20.7759	0.868956	0.504205	1
20	13.0544	28.252	0.930529	-1.04892	1
20	12.4674	27.0709	0.731607	0.730709	1
20	25.2684	25.5798	-0.161404	0.891796	1
20	15.5489	29.4133	-0.906815	0.251062	1
20	33.0336	27.788	0.127406	0.455659	1
20	22.694	31.0403	0.44019	0.82056	1
20	33.8408	29.7935	0.230126	0.0114223	1
20	25.8301	36.7194	-1.37312	-0.435741	1
20	27.2012	33.2335	1.28679	1.02179	1
20	20.777	26.5824	-0.33739	0.914705	1
20	31.1605	30.6462	0.649992	2.23565	1
20	27.0453	26.2983	-0.121023	0.605721	1
20	27.9148	31.5301	0.87122	0.0211107	1
20	38.4856	30.1999	0.296731	-0.449219	1
20	7.62943	26.0265	-0.729691	0.739798	1
20	3.8668	31.4396	1.23812	-1.61562	1
20	5.56175	29.3063	-1.58369	-1.17761	1
20	31.3314	33.4434	1.00219	-0.169201	1
20	4.11505	27.4814	-0.173574	-2.19901	1
20	35.2134	26.0016	1.38486	0.123149	1
20	2.47462	22.8576	-0.804527	1.18498	1
20	5.91042	37.2115	1.38159	-2.10307	1
20	6.33078	26.7674	-0.313946	0.182233	1
20	24.9671	18.6802	-0.187213	-0.705232	1
20	10.7543	15.7526	-0.982446	0.126382	1
20	12.8215	26.0834	-1.27381	-1.66629	1
20	13.9494	24.8858	-0.0883106	-0.163975	1
20	13.9978	15.4422	0.858274	0.860007	1
20	20.219	39.0535	-0.584033	0.712684	1
20	12.496	22.0843	-0.897529	1.09824	1
20	9.80034	32.9387	0.759268	1.18878	1
20	18.6393	34.7556	-0.635826	-0.848102	1
20	15.1026	27.3293	1.87284	-1.01842	1
20	21.2398	21.7009	0.164235	-1.36493	1
20	16.4173	25.7933	-0.487675	0.610667	1
20	17.1121	23.5696	1.03908	-1.19015	1
20	23.7434	32.9955	-2.23613	0.898954	1
20	16.158	31.8733	-0.73474	0.501872	1
20	18.0605	16.3979	-0.204937	-0.837474	1
20	32.6106	34.3986	0.38062	0.707336	1
20	27.2585	18.0194	1.16111	-1.57262	1
20	35.8799	31.8826	-0.218834	-1.24864	1
20	30.4944	26.1852	-0.41795	-1.31519	1
20	29.8109	27.2454	-0.461761	0.89029	1
20	18.6161	26.5366	-0.110334	1.83259	1
20	32.515	31.3157	0.0510878	0.994793	1
20	38.6674	28.3447	1.66054	-0.9546	1
20	6.86855	28.064	1.42858	0.886968	1
20	6.72216	34.832	0.741294	-0.354458	1
20	32.6727	21.0521	1.03943	-0.911001	1
20	4.01495	33.3358	-0.539229	0.00922092	1
20	4.24392	29.4578	-0.363396	-0.00454356	1
20	3.04185	39.4974	0.801247	-0.492237	1
20	8.37953	37.3289	-1.00659	1.70503	1
20	30.9376	0.665224	0.316584	0.215545	1
20	4.57316	35.1496	-0.249783	0.617061	1
20	39.396	22.2496	0.305234	0.399834	1
20	10.4781	26.863	-1.87815	0.78406	1
20	3.19045	26.6005	-1.35643	-0.538053	1
20	19.7477	34.5284	-0.682403	0.29012	1
20	16.7852	27.1721	-0.171521	-0.787217	1
20	10.3923	29.8847	1.49096	-0.82724	1
20	19.4343	24.1896	0.0415965	-0.925693	1
20	17.8306	27.721	-1.15543	-1.3157	1
20	20.9574	34.7089	-0.664334	-1.11626	1
20	22.2992	35.1598	0.564913	0.0104863	1
20	13.7089	21.5907	-0.963594	-0.233139	1
20	17.176	24.8492	0.178695	-1.03195	1
20	28.5811	27.9217	0.85847	0.753345	1
20	21.4963	30.5706	-1.48885	1.79093	1
20	28.1343	33.537	0.325596	-0.733276	1
20	26.5105	29.5594	0.351814	-1.21251	1
20	29.5427	28.8928	0.463509	-0.32732	1
20	23.823	31.1111	-0.3589	-0.783962	1
20	30.0668	31.049	1.54582	-0.154823	1
20	3.03268	38.2468	-0.578038	-0.268789	1
20	31.4543	35.7237	0.22852	1.70198	1
20	38.1506	31.5571	1.07133	-0.115426	1
20	2.88698	33.469	0.506793	-0.60332	1
20	37.8128	35.0348	0.493833	0.0806595	1
20	39.251	25.8044	0.272375	-0.505122	1
20	3.72631	34.3274	-0.505537	0.0743834	1
20	12.2296	38.4435	-0.976346	1.03999	1
20	30.4879	29.6773	-0.877669	-1.1764	1
20	1.2363	31.1228	-0.0304269	-0.550741	1
20	3.44743	28.7387	0.16987	1.01111	1
20	9.00656	29.5544	-1.16778	-0.112891	1
20	13.5829	17.5396	0.0274212	-0.0282659	1
20	11.9711	20.9434	1.68151	-1.34195	1
20	3.06655	3.38414	1.24615	-0.721807	1
20	11.3704	19.1505	0.129589	-0.848119	1
20	9.8297	14.4074	-0.868764	0.107965	1
20	12.748	15.2874	-0.0158386	1.01429	1
20	12.6404	14.1442	-0.268221	-1.03412	1
20	23.1684	28.3557	-1.87276	0.311663	1
20	4.87914	31.4975	-0.31985	-1.03532	1
20	2.94732	29.6215	0.153299	0.852855	1
20	14.6669	35.0236	0.282136	-0.877008	1
20	18.865	5.51417	0.339207	-0.154514	1
20	9.50681	35.1637	1.02456	-0.386217	1
20	16.9633	32.8274	-0.49855	-0.849973	1
20	24.5196	35.0412	-0.868776	-0.77964	1
20	37.3338	34.0549	1.27165	0.201486	1
20	25.3536	17.0388	1.16523	0.242208	1
20	31.8281	29.6885	-0.713185	1.49554	1
20	26.9831	22.7685	0.696554	0.69606	1
20	30.5564	35.1717	-2.11213	-0.928024	1
20	32.7173	26.6451	0.709803	0.266021	1
20	29.0126	31.5672	0.886271	0.2467	1
20	33.7835	31.0676	-0.984598	1.25789	1
20	33.5757	34.1637	-1.22213	-1.06484	1
20	1.58564	29.1234	-0.70756	-0.805222	1
20	35.0235	32.5857	0.426853	-1.76929	1
20	37.756	32.6387	0.545328	-0.0135123	1
20	7.36019	32.9786	2.54	0.819543	1
20	10.6365	35.0633	0.291939	-0.788563	1
20	7.27568	37.8191	-0.365453	0.768141	1
20	2.70626	21.7568	0.887425	-0.0271179	1
20	16.8079	36.2864	-1.3069	-0.530228	1
20	9.04888	36.1415	0.667462	-1.1241	1
20	15.646	35.7835	-0.38581	-0.506456	1
20	1.78113	27.837	-0.834538	-0.138468	1
20	7.26449	24.3953	-0.186807	1.1434	1
20	6.76346	36.3763	0.400265	-0.486691	1
20	11.0576	33.8605	1.81143	2.36655	1
20	3.63229	5.18154	0.476269	-0.714253	1
20	17.4188	2.68911	0.794519	0.133434	1
20	20.9876	27.7327	0.83202	0.165839	1
20	17.7657	34.2464	0.45105	0.43028	1
20	22.1038	8.45152	0.680012	-0.548871	1
20	28.382	30.5533	0.393172	-2.47056	1
20	20.494	33.7245	0.799778	0.580564	1
20	11.046	22.9706	-0.795726	-0.258138	1
20	32.4176	35.5465	0.0409371	0.706054	1
20	28.543	32.592	2.17716	-1.60467	1
20	26.1204	31.4785	-0.0187856	0.953391	1
20	17.9751	25.6605	0.516778	-0.302213	1
20	4.64174	0.969503	0.920083	0.17576	1
20	15.8627	28.2084	-0.582026	0.592714	1
20	38.7957	36.3507	0.319461	1.26014	1
20	28.7458	38.3488	0.162279	0.480346	1
20	29.3491	26.146	1.75172	1.19969	1
20	32.6949	30.327	-0.955609	-0.244571	1
20	36.0531	30.4926	-0.634663	0.827573	1
20	36.1589	20.9713	-0.698038	-0.743874	1
20	31.2533	36.9548	1.63789	1.82921	1
20	0.677441	27.5022	-0.179845	0.980769	1
20	33.5955	2.61783	-0.421702	-0.416917	1
20	35.9106	36.0966	0.298347	1.41048	1
20	7.98473	31.4279	0.813943	0.810843	1
20	6.28182	38.2941	0.604335	0.672717	1
20	2.92327	27.6451	0.821067	1.32689	1
20	8.49555	33.3657	0.0307942	-0.048335	1
20	15.6631	32.765	-0.0340875	-0.755547	1
20	12.4573	0.376844	0.14948	0.498081	1
20	8.75168	32.3439	-0.339364	0.531116	1
20	13.9347	38.226	0.904986	-1.31401	1
20	6.3659	30.0133	-0.157156	-0.631457	1
20	19.1577	32.3558	-1.05063	-0.940112	1
20	14.7753	28.3751	-0.364434	-1.00009	1
20	10.9327	28.772	0.815464	-0.283711	1
20	5.7389	30.921	0.589178	0.589675	1
20	15.9707	30.4915	1.12219	0.299354	1
20	18.3853	30.3706	-0.670888	0.893927	1
20	24.6149	33.5182	0.170073	1.9146	1
20	22.4302	30.0381	-0.0754069	0.106115	1
20	20.5634	35.9043	0.975252	0.943072	1
20	27.6443	23.8635	0.164136	1.4594	1
20	19.9081	0.379873	-0.403595	0.528316	1
20	26.9892	32.2153	-1.96999	1.91924	1
20	31.5339	26.4737	-1.02073	2.0092	1
20	30.4847	28.0045	-0.108724	0.345138	1
20	27.1055	35.5485	0.345441	1.35705	1
20	33.2141	37.6094	0.62047	1.17002	1
20	3.68436	0.268217	-1.35577	0.367901	1
20	39.4424	38.9776	-0.520223	-0.730719	1
20	6.33903	32.7148	0.983492	-0.517951	1
20	3.6281	1.58967	1.21747	-0.147228	1
20	25.8109	0.663949	0.630139	-0.525791	1
20	34.8644	30.5217	-0.846729	-0.108457	1
20	3.95776	39.1794	0.486293	0.034666	1
20	28.8927	37.2158	0.169307	2.02797	1
20	34.8802	39.4752	-1.99643	-1.6205	1
20	6.70774	39.7567	0.751935	0.145285	1
20	8.34842	38.3621	0.937913	-1.07243	1
20	10.4718	37.1523	2.34986	-1.83175	1
20	10.0441	5.89992	0.326	0.916609	1
20	11.3919	4.63182	0.480335	-1.02915	1
20	8.2786	28.6526	-0.721566	-0.417303	1
20	15.6186	25.1072	-0.738211	-0.133619	1
20	8.09758	25.0629	-1.49916	0.385556	1
20	12.6771	32.5985	-0.716052	-0.411348	1
20	19.3457	35.6832	-0.262642	-1.30371	1
20	17.569	6.35292	-0.699195	-0.826241	1
20	17.8093	21.8921	-0.182361	-1.43966	1
20	27.6418	34.5123	-0.956019	-0.207052	1
20	21.7298	36.148	0.487892	-0.190544	1
20	23.9051	39.3899	-0.877697	-0.91071	1
20	24.0488	37.7908	-0.0168692	-0.0444788	1
20	19.1261	38.7162	-0.304507	-0.0416643	1
20	27.5589	27.2705	-1.30156	-0.323015	1
20	30.9282	38.1415	1.09116	-1.70019	1
20	29.5617	33.8006	0.00692815	-0.092972	1
20	18.3344	3.96986	0.32396	1.80256	1
20	32.1356	37.812	0.796403	1.20553	1
20	34.8675	18.1755	1.00335	0.221572	1
20	28.74	34.5023	-0.607124	0.78275	1
20	33.202	38.8275	-1.14462	-0.0529998	1
20	34.8286	0.927309	0.654088	-0.941617	1
20	36.1038	33.9616	-0.0587296	-0.836038	1
20	6.85301	6.25901	-0.184598	0.304687	1
20	7.81043	2.07418	1.41897	0.880787	1
20	2.83946	37.2193	-0.611528	-0.303622	1
20	37.0348	39.9088	0.395871	-0.78563	1
20	0.406987	0.252994	0.767126	-0.457824	1
20	39.0376	35.1811	-0.50361	1.55363	1
20	6.65118	7.21869	-0.761449	0.556057	1
20	8.03574	35.1328	0.609448	0.806711	1
20	7.71062	34.0346	0.0833208	0.393361	1
20	19.3504	29.4465	0.542295	-0.566987	1
20	13.7095	36.4492	-0.127396	-0.0825919	1
20	18.7399	10.341	0.915922	1.9547	1
20	15.1244	26.1577	0.410437	-0.0790995	1
20	17.0247	28.5521	-1.27978	0.147785	1
20	10.2526	2.13882	0.426593	-0.503734	1
20	0.650412	28.5596	0.414051	-0.627532	1
20	13.8817	8.69008	0.511884	-1.88888	1
20	6.75361	5.15282	0.400039	0.547787	1
20	23.0123	32.0279	-1.23399	-0.336911	1
20	19.7796	2.70263	0.278387	-1.49614	1
20	20.9253	2.53629	0.573756	0.0828811	1
20	25.7586	24.4667	1.57468	-1.31742	1
20	14.6978	31.0662	-0.546789	1.62509	1
20	0.735933	36.7175	-0.444333	-0.961994	1
20	25.17	27.8567	1.25229	0.0250817	1
20	23.4507	34.0248	0.431511	-0.962526	1
20	29.9681	3.73914	0.546364	1.57938	1
20	1.76632	36.9226	-1.24898	0.0451911	1
20	31.9711	0.16889	-1.70721	0.970979	1
20	25.8393	27.0257	-0.00158199	0.163634	1
20	35.989	3.16185	-1.7479	-1.18626	1
20	32.3499	36.7955	0.300148	0.848212	1
20	30.7648	39.3215	1.48376	1.03537	1
20	3.08246	35.125	2.0323	-0.867752	1
20	33.7996	28.6066	0.289149	0.0937563	1
20	5.47862	6.65466	-0.108255	-0.218076	1
20	27.7861	2.47999	-0.016904	-0.970845	1
20	6.23432	33.7201	-0.794466	-0.271184	1
20	36.7309	11.4732	0.625963	1.13687	1
20	1.08327	10.3562	-2.22504	-0.218161	1
20	7.69747	6.79159	2.42198	1.43775	1
20	10.0215	3.41003	0.49971	1.34	1
20	6.51941	10.2651	2.63931	1.47552	1
20	37.7377	4.25891	-0.296838	-0.330863	1
20	9.84309	34.0584	0.671082	-0.286412	1
20	19.5634	37.8225	0.128111	0.972482	1
20	5.05928	7.60153	0.397727	0.998583	1
20	5.18667	38.1707	-1.40235	-0.647832	1
20	18.7814	39.7545	1.02071	-1.93555	1
20	8.30459	4.68502	-0.760633	1.09197	1
20	13.2852	34.2689	0.595749	-0.1156	1
20	17.3805	29.9718	0.0919161	-0.212957	1
20	26.9081	37.2319	-1.49068	0.72174	1
20	38.2568	39.622	0.428875	0.744013	1
20	12.9251	23.8787	0.543754	1.82626	1
20	37.5459	3.12426	0.643945	-0.356792	1
20	21.6054	33.8368	0.191254	-0.593575	1
20	30.1843	1.64608	-1.65527	0.973009	1
20	29.8153	36.8469	-0.520012	0.318962	1
20	26.2423	38.3297	0.134976	-1.25349	1
20	32.9892	39.9451	-0.494597	-1.65354	1
20	33.7748	11.3768	0.119016	0.848529	1
20	31.6424	34.5115	-0.303942	1.5375	1
20	36.3988	38.8916	1.22198	0.256158	1
20	38.2738	2.28748	1.409	0.756401	1
20	18.9014	28.033	-0.207561	-0.904556	1
20	35.3373	8.35332	1.44512	-1.26164	1
20	39.1742	0.331057	0.408652	0.862251	1
20	4.88829	33.9765	1.0947	1.48114	1
20	2.75148	4.55418	-0.511333	0.865615	1
20	9.37343	38.0598	0.408732	-0.293036	1
20	6.44206	1.95642	0.59467	2.54008	1
20	11.2273	30.6806	-0.0502561	0.201297	1
20	5.25529	32.7084	-0.669811	0.185946	1
20	8.45512	9.90443	0.835127	-1.48347	1
20	34.2906	35.3872	-1.62006	-0.242687	1
20	21.3929	32.6816	-0.818662	1.14372	1
20	11.1906	2.55358	-1.75201	-0.200359	1
20	4.68573	5.09947	0.406774	0.271241	1
20	0.235084	3.38197	-0.552415	1.10893	1
20	12.0632	1.38384	-1.61826	1.62791	1
20	20.7626	31.5243	0.676637	-0.728163	1
20	18.3652	37.8533	0.0233566	-0.773985	1
20	10.6533	25.2461	1.60635	-0.536086	1
20	17.9581	0.726659	0.0781418	-0.617508	1
20	20.9867	0.247349	-1.95841	1.49063	1
20	0.445827	37.9393	0.704024	0.0424846	1
20	19.1715	1.59622	-0.67455	0.577086	1
20	25.0423	35.8979	-0.399213	0.257297	1
20	20.075	22.3806	-1.2646	0.399458	1
20	27.1427	0.457189	0.204499	-0.4309	1
20	27.2914	30.1086	-0.614967	-0.715891	1
20	28.6683	26.9481	1.63353	0.645529	1
20	36.606	3.96671	1.31085	-0.671531	1
20	35.0707	2.56775	-0.216284	0.166257	1
20	35.8707	0.13478	-2.22908	1.0456	1
20	37.8734	0.606371	0.210092	0.56373	1
20	19.4352	30.639	0.572236	0.785064	1
20	31.25	3.09426	-1.28687	-0.800973	1
20	33.3347	1.53919	-1.06048	-0.080063	1
20	4.19037	2.55643	-0.618171	2.25068	1
20	4.57099	37.2938	1.11136	1.45553	1
20	5.14733	36.2343	0.939326	-0.989146	1
20	39.6995	4.35476	0.945592	-0.855561	1
