13	34.7256	31.2598	-0.818437	-0.161805	1.05287
13	33.7096	28.4826	-0.453141	2.05278	0.947479
13	37.0087	37.8161	-0.537933	-1.6001	0.939138
13	34.6168	1.29509	-0.341385	-0.549997	1.25706
13	8.86715	37.6851	-0.431189	-0.575555	1.07633
13	37.9975	37.1998	1.17784	0.350137	0.97114
13	7.52046	1.83758	1.03208	-0.00913655	1.05532
13	14.0468	11.2759	0.164782	-1.11285	1.07242
13	12.9106	2.7965	2.27013	-0.756543	1.026
13	8.5779	3.12991	-0.110876	-2.02748	0.976391
13	13.6656	36.9923	-0.455199	0.631055	1.01192
13	6.29442	3.6074	-0.501551	-0.0684813	1.18542
13	20.9711	36.5166	-1.15804	-0.563229	0.975637
13	24.9469	33.2962	0.45486	0.230332	0.92656
13	13.7833	29.8842	0.914114	0.860975	0.976662
13	15.9759	38.1958	-1.806	1.46776	0.975364
13	2.88521	31.6956	-0.263445	0.915978	0.997112
13	12.7342	31.7239	-0.495952	-0.0221646	1.02598
13	25.2293	7.38663	1.90075	1.2654	1.24916
13	33.8611	6.54584	-0.0551985	1.02395	1.11083
13	22.0731	35.697	-0.485426	-0.927524	1.16011
13	30.6179	7.00399	-0.0578983	1.52081	1.15204
13	21.5325	30.8945	0.111005	-2.15112	1.04785
13	34.3803	2.4021	0.366742	-0.00923903	0.902038
13	31.8524	0.656242	-0.239503	0.285011	0.795111
13	27.6749	37.8301	0.262475	0.341186	0.931817
13	2.81401	1.39208	-1.64187	0.844629	1.01436
13	38.3838	15.3118	0.54526	-1.08924	0.94092
13	33.0317	38.9059	-0.640331	0.868204	1.06321
13	4.06468	10.8414	-0.836407	-1.25859	1.05918
13	7.44021	11.7871	-0.403475	0.355557	0.809015
13	7.89211	17.1942	-0.422779	-2.04383	1.01917
13	3.45717	4.59527	-1.43518	1.66083	1.03724
13	4.0222	0.646626	1.5354	-0.0260913	1.06177
13	5.5962	38.3261	-0.310649	0.260765	0.885971
13	37.8566	1.87353	-0.654284	0.412762	1.01255
13	4.95864	10.0706	0.137361	-1.64255	0.843364
13	1.96327	36.8843	0.358092	-1.40986	0.977559
13	2.90965	0.365546	1.42768	1.23287	0.965938
13	14.1754	4.60811	-0.741499	1.01124	1.04249
13	7.85835	5.07025	-0.840884	-0.380867	1.05394
13	9.95653	33.7028	-1.10792	0.246874	1.04389
13	39.7704	32.1581	-0.406085	0.631286	0.849696
13	12.6653	4.89254	-0.498099	0.0499881	1.15581
13	15.3198	0.331748	0.718697	-0.487487	0.909238
13	11.869	3.61186	-0.86826	0.471758	0.895328
13	9.04116	35.5734	-0.839204	-1.68987	0.92336
13	21.3154	5.80095	-0.389595	-0.181537	0.976647
13	31.9085	6.61963	0.151842	-0.316534	0.960469
13	30.8669	5.82391	-0.547021	0.576074	1.01579
13	16.3336	2.95862	-0.330822	2.19638	0.904588
13	11.5593	33.2954	-0.231617	-1.85827	0.905845
13	22.6266	9.49285	0.233547	2.62769	1.16905
13	31.3719	4.35241	2.14466	-2.39606	1.07773
13	31.5936	36.8552	0.6354	-0.209899	1.05068
13	26.1521	10.3638	-1.13872	-0.125012	1.07555
13	30.762	39.6373	0.744038	0.1088	0.854925
13	25.5588	38.1555	0.978801	-0.541654	0.992584
13	32.6557	1.28626	-0.510223	-1.44443	0.978369
13	36.9157	7.28707	1.23134	0.496005	1.16716
13	1.87401	1.8851	-1.30704	-0.686513	1.06387
13	32.756	39.9933	0.739051	-0.0747556	0.994022
13	36.8962	11.0412	0.922778	-0.782053	0.952121
13	7.4119	6.77214	-0.268298	-0.765829	1.02988
13	11.5096	4.83494	1.14591	1.69542	0.834598
13	36.8606	35.4481	0.336252	-1.16996	1.14275
13	0.670117	39.7161	-0.331475	-0.133222	1.06822
13	37.6001	39.8937	-0.0599089	0.0669919	1.14714
13	16.0865	8.7799	1.02037	0.164532	0.808892
13	35.9936	37.7547	-0.395053	-0.307889	1.09979
13	38.0126	6.97351	-0.856861	-1.14823	0.957236
13	8.74537	8.14263	2.28042	1.09188	0.945794
13	7.49111	33.7388	-0.551079	0.121481	1.13334
13	11.5247	10.2211	-0.293797	-0.405114	0.96705
13	4.09082	1.80979	0.794187	0.282105	1.02799
13	4.53668	13.4308	-0.205497	0.0696548	1.00098
13	8.64925	4.33645	2.45241	1.20415	0.924032
13	16.4708	37.1128	-0.629905	-0.562096	1.12374
13	17.2089	4.40713	0.399853	-0.0401234	1.04784
13	19.025	8.5302	1.27554	-0.372431	0.899323
13	7.77322	3.91798	-1.88869	-0.184186	0.926327
13	34.77	3.87962	1.04486	-0.984459	0.998632
13	26.5127	3.27216	2.15599	-0.273727	1.00461
13	26.0351	4.36316	1.47037	-0.22617	1.19149
13	30.0858	0.238288	1.08595	1.2801	0.889748
13	26.125	1.62547	0.456916	0.065217	1.10798
13	31.6287	7.53035	0.296492	0.428737	0.926953
13	37.2304	15.2638	0.0576928	-0.917045	0.987513
13	20.5196	6.92729	-0.0938391	-0.163153	1.03163
13	32.7768	36.3155	-0.0396261	0.673583	1.12402
13	34.4189	7.47847	1.05928	0.280306	0.951236
13	37.5035	6.06229	0.406009	0.769601	0.953273
13	24.0263	35.6811	1.96946	-1.47978	0.989545
13	5.89678	8.52021	1.01627	-0.683099	1.13406
13	6.30752	0.525352	0.710956	1.42939	1.00139
13	38.3122	9.10287	0.812011	0.683505	0.877926
13	4.17775	2.91126	-0.563647	0.206774	0.937331
13	35.9429	34.8816	0.957855	-1.36671	1.15401
13	18.7805	5.32317	-0.441297	2.25468	1.05234
13	9.51394	10.2616	-1.12409	1.45078	0.83217
13	0.198321	2.68596	0.611226	-0.259632	1.11106
13	4.64419	5.96046	-0.31147	0.391231	1.07911
13	3.11843	6.19365	-0.0751809	1.88892	0.980132
13	1.714	0.69927	1.78797	-0.838365	1.17847
13	3.35965	38.3708	-0.485747	-0.976019	0.968647
13	3.66425	12.8802	0.592546	0.493213	0.910589
13	38.7488	38.9408	0.261692	0.056336	1.2101
13	9.99858	8.55081	-0.0762094	0.75406	1.02193
13	11.2364	7.71606	-0.0708793	-0.633551	0.908248
13	14.8537	5.39223	-1.31767	-0.792371	0.982876
13	11.822	6.34078	-0.00350848	-0.206788	0.797761
13	13.6055	38.1499	0.354509	-0.335947	1.06506
13	16.0356	32.2927	-1.25583	0.391654	0.772408
13	22.2122	8.55095	-0.0772163	-0.871368	0.948526
13	23.3989	37.8038	0.882195	0.278459	0.954032
13	13.8439	2.08795	0.11843	-0.372722	1.0871
13	32.8236	6.13893	1.6722	1.17258	0.828045
13	23.866	7.44163	1.50527	-1.0172	0.966907
13	25.0926	9.61735	-0.49541	2.00853	1.04529
13	23.1836	4.0586	-0.174403	0.173515	1.161
13	32.1252	3.47127	-0.361574	0.308226	1.06128
13	25.6069	12.2678	-0.420457	-0.768321	0.928709
13	35.9433	11.4942	-1.2987	0.724462	0.966148
13	30.2148	8.14947	0.167687	2.11171	1.11228
13	36.2503	39.864	1.94094	0.0381158	1.09961
13	28.0076	6.61744	-0.731704	-1.80271	1.00023
13	36.1791	5.4555	2.14028	0.887549	0.939589
13	36.6624	2.5384	0.614534	1.32582	1.00976
13	0.450981	5.2741	0.317336	-1.15751	0.861294
13	39.3307	12.0935	-0.528579	-0.49716	1.0142
13	35.8061	12.6488	0.240482	0.548015	1.03877
13	12.2459	8.14664	0.736327	-0.219282	1.10492
13	8.66809	32.2301	-1.12238	-0.574971	0.890209
13	39.5788	4.60875	-1.15592	0.240128	1.05727
13	1.39865	13.8196	-0.792669	1.30441	1.03069
13	14.0861	6.83958	2.45079	0.737108	0.950758
13	11.2223	8.80134	0.403402	-0.761524	1.03849
13	7.9463	9.4373	0.918196	-1.68172	0.983774
13	6.45131	38.8922	0.0307112	-0.228793	0.904413
13	6.86216	29.2524	-1.03569	-1.24666	0.875078
13	12.6236	6.96299	-0.295911	1.89399	1.04267
13	31.0981	34.6711	-0.093711	0.310547	0.934138
13	9.98358	1.79001	-0.344584	0.283683	1.05154
13	6.68563	31.6806	0.546209	1.97784	1.08291
13	11.9025	39.7827	-0.0651583	0.104327	1.14691
13	32.4746	4.54305	0.298981	-0.69476	1.05957
13	7.50806	0.567454	0.581687	-0.0766669	0.937754
13	25.7986	6.25078	1.03459	0.411729	0.956706
13	24.9889	39.4019	-0.462757	0.546993	1.03943
13	31.9065	5.59985	0.258488	-0.516091	1.03425
13	16.2669	0.447358	-0.0404272	0.946965	0.968696
13	26.4008	35.7057	2.0945	0.687949	0.976431
13	28.2035	0.717935	0.322394	0.350295	0.969879
13	25.5404	0.63675	0.841872	0.802396	1.0033
13	24.2092	3.12826	-0.644124	0.314934	0.988273
13	26.3738	7.69326	1.86949	-1.0452	0.90043
13	27.8607	35.8349	0.94574	0.485242	1.08115
13	33.7268	8.62016	-0.683106	-0.572114	1.10996
13	35.8621	9.12438	0.392888	-0.587472	0.921734
13	26.6418	38.4516	-0.795674	-1.5082	1.00798
13	24.4841	28.1451	0.031401	-1.12067	0.862318
13	21.5964	6.76253	0.464618	1.75593	0.970769
13	34.9123	6.55103	-0.489111	1.25701	0.891255
13	6.69358	37.476	0.0470998	1.16622	1.10178
13	39.0066	11.0131	0.799831	0.155151	0.849497
13	0.385996	10.4843	2.04583	0.0615991	0.964389
13	2.10883	9.37394	0.55973	-0.590824	1.10296
13	8.44751	11.9597	-0.638521	0.0480383	1.24608
13	6.56527	4.81724	-0.177017	-1.45959	0.894324
13	6.71087	5.80611	0.454683	0.189002	1.04002
13	2.06632	8.04357	0.402702	-0.693238	1.05541
13	1.9574	3.15819	0.967884	-0.306898	1.00049
13	15.8125	1.90294	0.069702	-0.702892	1.04691
13	16.2882	4.94827	1.45762	0.939126	1.02162
13	22.5371	6.38546	-0.661879	0.190508	0.944313
13	5.55547	5.43953	-0.490461	-0.1401	0.894753
13	15.2118	17.5327	0.550705	0.555173	1.00366
13	20.1815	15.2632	0.369758	-1.73345	0.999687
13	18.2632	9.28073	-1.37717	0.311576	1.02454
13	4.4501	39.4689	-0.683029	1.5684	0.92108
13	21.2352	7.90905	-1.42523	-0.90398	0.986509
13	18.7449	1.67217	0.0668257	0.554666	0.912131
13	25.6564	8.48471	0.379004	-1.87539	0.968554
13	30.3107	9.33982	-0.213311	1.07949	1.0591
13	22.5896	0.553384	0.0242339	-1.10466	1.07249
13	30.1193	22.2894	0.202038	-0.587623	0.926529
13	39.9175	13.0032	-0.373588	0.719981	0.868034
13	35.0224	8.48159	1.13588	0.356502	0.960466
13	23.7071	13.7154	0.249501	-0.21917	1.13284
13	35.5264	7.43775	-0.203096	-1.01438	1.16335
13	25.2648	13.1794	0.763977	0.045579	0.833039
13	37.9918	13.4385	1.20965	1.03649	0.759895
13	35.2835	36.281	-0.8953	-0.592039	1.16971
13	29.266	37.1664	-0.649132	0.0606839	1.12323
13	30.542	11.7712	1.61102	1.40253	1.02474
13	38.4679	5.06831	-1.03335	-0.703722	1.02669
13	36.3214	10.149	0.0813077	-0.840122	1.14343
13	37.7074	3.72056	-0.46961	-1.5047	1.08101
13	0.922711	12.8679	-0.220365	0.137662	0.800965
13	1.57099	10.4144	-0.679367	-1.22069	1.10481
13	30.7124	17.1736	-0.528369	0.387746	1.05833
13	11.9828	12.0212	0.479814	0.621742	0.922586
13	18.7255	7.3753	-0.39744	0.944674	1.08892
13	9.95553	12.4705	0.221761	-1.81737	1.0121
13	5.42571	4.39318	-1.02855	-1.01475	0.92865
13	11.962	36.3305	-0.260256	0.78517	0.94102
13	2.34205	16.9993	-0.928693	-1.34286	1.15832
13	9.29253	0.423229	1.03608	0.205697	1.08352
13	5.27422	2.7401	0.942809	0.359414	0.819986
13	11.9073	2.40399	0.15986	0.603587	1.10243
13	24.2567	4.30771	-1.3066	0.0956571	0.916297
13	23.0421	2.76169	-0.0641615	0.608006	0.998895
13	15.4985	4.07241	-0.640857	-0.536796	1.06713
13	25.2713	2.49104	1.0323	0.0555174	1.14424
13	16.7769	7.0303	-1.485	-1.10535	1.15085
13	23.3697	8.45762	0.470819	0.337375	1.09502
13	28.2324	13.7424	-1.08601	-1.07192	0.959073
13	21.0839	9.13752	0.90548	0.494584	1.03552
13	27.585	3.96897	-0.67877	-0.901261	1.1048
13	23.5804	39.5374	0.644154	-0.40823	1.02167
13	15.9784	11.0558	0.893289	0.335264	1.02129
13	26.9764	6.67418	-0.0237634	-0.12149	1.0764
13	33.8608	4.89194	0.517894	-0.115537	1.06753
13	39.0911	17.441	1.42946	1.07883	0.819467
13	34.2363	13.5849	-0.912806	-1.48199	0.909768
13	4.21157	3.91074	2.10115	2.02898	0.946268
13	35.5824	3.15736	-1.26874	-1.47445	1.04509
13	34.3582	15.0967	-0.832449	0.0699939	1.06482
13	26.3166	11.4743	-0.0293613	0.313446	0.954411
13	0.495488	11.9604	-0.315989	1.0749	0.909098
13	39.0546	7.76002	-0.426783	-0.840053	1.10945
13	38.399	12.614	0.261229	0.244632	1.04822
13	34.4528	12.603	0.135528	0.792294	0.787519
13	1.23151	7.23992	1.16473	-1.9948	1.18516
13	4.2273	11.7895	-0.230807	1.84592	0.835288
13	10.5715	6.34467	-0.0724769	1.32365	0.925506
13	4.98762	6.9361	0.384434	0.15407	1.01144
13	15.9025	13.1297	0.114542	-0.750815	0.673106
13	9.57691	6.05966	0.444202	-0.971063	0.954705
13	24.3456	1.97312	0.0801011	-1.36752	0.911092
13	13.4182	7.74949	-0.0542132	-0.0558093	0.912556
13	19.8151	7.78944	-0.157698	1.71355	1.11182
13	7.37539	2.91393	0.152646	0.910412	1.03823
13	9.49344	36.7424	1.40733	-1.42534	1.06344
13	19.7025	5.8025	-1.23542	-0.575877	1.02967
13	21.8626	1.40635	-0.0604307	-0.499527	0.98664
13	14.6788	38.297	-0.114991	-0.20592	1.01285
13	24.3234	38.5162	1.11279	-2.75568	1.14892
13	23.5562	6.37539	0.126761	-0.465851	1.04911
13	17.2852	19.0833	1.11279	0.473929	1.0118
13	35.209	10.3168	1.01399	-0.965589	0.868632
13	19.9605	13.9508	2.19177	1.25279	1.11363
13	34.6199	9.46781	1.32767	0.0913728	1.00124
13	35.7825	6.31829	1.92291	2.87832	0.903026
13	31.4935	9.05184	0.335374	-0.679982	0.92553
13	36.1654	15.9663	-0.359689	-0.759005	0.903086
13	37.4088	4.88367	-0.317691	-0.103096	1.00988
13	3.41389	36.9888	-0.702964	2.24252	1.08114
13	36.4975	14.3949	-0.800128	-0.0952569	0.922249
13	34.9051	11.4856	-0.616045	0.377456	1.03284
13	38.1006	7.94207	-0.210389	0.255321	0.762293
13	35.0117	16.1613	1.02485	-0.761564	0.985325
13	35.9557	1.48454	-1.07972	-0.508822	1.14603
13	8.13358	36.6365	0.955266	-0.570862	0.998413
13	5.01714	24.0311	0.0762062	-0.37806	0.760413
13	30.565	20.0766	-2.17111	0.0430445	1.01886
13	9.26515	9.3032	0.321378	0.680956	1.03306
13	5.21939	14.2657	-2.04979	-0.222863	1.19345
13	9.66515	15.1108	-0.308816	1.26624	0.845594
13	12.6416	10.8003	1.11172	-0.28841	1.15656
13	14.0462	3.19417	-0.0798939	-0.706811	1.02494
13	13.898	8.68382	1.08196	-0.590708	0.919059
13	10.5196	10.8023	0.499174	0.0115822	0.997357
13	7.2537	8.06372	-1.79973	-1.47124	1.11297
13	12.9797	15.8219	0.993482	-2.0008	0.997899
13	14.6465	7.7562	-0.415876	-1.67957	1.16777
13	17.4394	5.57383	0.554407	-0.0534586	1.12769
13	15.7724	9.80978	0.675424	0.357342	0.946353
13	15.34	6.71031	-0.305574	0.858091	0.795489
13	14.3374	39.4911	0.284869	-1.37942	1.07558
13	22.8458	38.6625	0.494471	-1.10054	1.01272
13	26.5688	5.53827	1.15874	-0.356166	1.04431
13	23.6466	10.1147	-1.27262	-0.106036	0.956197
13	19.8722	9.07711	-1.88908	0.0444177	0.887342
13	32.8174	7.316	0.0776328	1.2717	1.03889
13	32.1051	9.89579	-0.408304	0.127328	0.941107
13	20.2169	16.9885	0.202967	-0.143592	1.01289
13	36.74	8.56106	1.14412	0.734558	1.05199
13	32.2908	16.3002	-0.590121	-1.16563	1.01602
13	29.2718	7.5593	1.7821	-0.114412	0.948893
13	18.9926	17.4885	-0.098596	0.279131	1.02732
13	32.4839	10.9639	1.59792	-1.57608	1.10272
13	34.3923	17.5643	0.036823	-0.776247	1.07192
13	35.3357	13.9759	-0.980108	1.10931	1.04503
13	2.06515	18.876	-1.04975	1.63719	1.08444
13	39.4778	8.95685	-1.59502	1.4434	1.14986
13	37.8692	14.3989	0.669435	0.628747	1.04132
13	3.11563	20.6491	-1.31441	0.0660487	0.88976
13	7.24342	39.6376	1.61295	-0.511878	0.871631
13	5.43907	16.2903	1.83573	-1.06111	0.886968
13	36.9223	17.4691	0.335223	0.563797	1.14447
13	36.9841	20.5759	0.81779	-0.0989987	0.881165
13	6.41776	14.0467	-0.890945	0.0154852	1.05497
13	10.9218	11.9532	1.62065	0.823211	1.05417
13	39.0405	13.7882	-1.70183	0.523946	1.23637
13	13.7443	9.82784	0.77565	-0.200401	1.05645
13	14.4419	0.858349	0.25394	0.76243	1.00559
13	18.7944	13.1773	-0.396071	-1.59875	1.00416
13	19.243	9.82476	-0.291977	-0.608448	1.03635
13	13.0634	6.00586	-0.838441	-0.0670508	0.900822
13	18.2785	10.4553	1.07585	2.15921	0.851813
13	18.4909	11.4435	0.0520223	-0.528301	0.941289
13	29.3507	5.15338	-0.294409	1.31843	0.988242
13	23.0074	17.1911	0.487908	0.279074	0.929338
13	22.9196	10.5988	0.846427	0.177412	0.825775
13	24.9737	5.33441	-0.0629313	-1.26771	1.06464
13	16.7152	20.2316	0.766074	2.24805	0.849349
13	16.8777	13.5997	-1.52167	-1.71094	1.02638
13	24.1288	12.628	2.09786	0.365144	0.931546
13	28.595	9.93094	0.892362	0.343871	0.966834
13	36.6427	13.4735	-0.0919366	0.468243	0.967442
13	11.9427	21.1913	0.184893	1.66309	1.02745
13	37.4579	9.81196	1.4466	-0.530128	1.09178
13	29.3564	16.6052	0.530051	-1.10482	0.931271
13	27.647	7.69135	0.0707698	0.0821005	1.01681
13	39.8223	18.8904	-0.610148	0.901291	1.02293
13	32.0782	19.8716	-0.895193	-0.622525	1.06715
13	32.2984	14.4041	-2.45292	1.72197	1.14209
13	29.857	12.6442	-0.443509	-1.20616	1.09635
13	31.7693	11.9509	0.862989	-0.696231	0.962484
13	3.29321	11.8282	2.06459	1.38113	1.04991
13	10.3729	9.61755	-0.427517	1.66353	0.962727
13	0.0574203	17.7718	0.301172	-0.0885294	0.92501
13	1.96871	14.9945	-0.885141	-0.0851583	0.918988
13	4.48215	8.11348	0.144179	1.42479	1.03274
13	13.9924	17.0038	0.229445	0.623489	1.00286
13	38.8346	22.649	0.225571	-1.13945	0.740997
13	15.1096	8.9068	0.508467	0.817787	1.08731
13	16.4302	6.04635	1.32041	0.25403	0.975299
13	8.34555	14.6211	0.838277	-1.7271	0.958491
13	24.5274	8.33073	-0.592621	0.348546	0.973967
13	20.0232	4.7916	1.00505	-0.109144	1.03814
13	17.0017	1.31553	0.200773	-0.751747	1.06302
13	12.272	9.27605	1.16766	0.828503	0.97514
13	22.0246	11.5778	0.23092	0.820022	0.868623
13	21.9852	10.3887	1.82329	0.362665	0.801815
13	28.0204	12.7744	-1.97938	-0.731976	1.12179
13	32.4893	8.84676	0.442164	0.9937	1.01218
13	22.3996	16.1537	-0.0357366	-0.56896	0.91505
13	27.0781	8.78515	-0.970032	-1.79126	1.16069
13	28.9942	11.6999	1.44221	-0.125785	1.06095
13	22.4457	23.4487	0.935629	-1.44594	1.00343
13	33.2027	15.3704	0.291293	-0.218477	0.857313
13	26.9499	12.4987	0.0875959	-1.86727	0.944168
13	35.5938	27.2126	-1.0152	0.628341	0.847043
13	38.7371	6.20074	1.72789	-0.0494622	1.05344
13	18.9558	20.1266	0.285827	0.791991	1.03559
13	27.8683	10.7029	-0.395889	0.04765	1.01471
13	17.7603	20.0373	0.060912	-0.107254	1.09554
13	36.8689	12.3517	0.404658	0.416852	0.984209
13	31.7883	13.1193	0.998447	-0.948616	1.13311
13	31.4149	15.2861	1.57997	1.57554	1.04724
13	0.509432	9.2729	-0.396172	1.00411	0.89063
13	33.0898	13.3798	-0.463188	-0.835231	1.02345
13	2.09995	11.5731	0.662511	-0.272193	0.944736
13	4.93111	12.4048	0.223514	1.09474	0.868835
13	1.53858	26.8395	-0.192134	1.37634	1.02386
13	5.33088	11.4898	0.360921	-0.81955	0.937678
13	6.31118	12.378	-0.0492893	-0.281802	1.05503
13	14.9081	10.5502	0.135332	2.02538	1.10561
13	3.82172	7.11328	-0.0462766	-0.875031	1.09762
13	21.1061	16.227	0.397282	-0.713746	1.06175
13	13.0493	12.0046	-1.90692	0.679212	1.19522
13	17.6478	3.3343	-1.11472	-0.472595	1.03169
13	17.3086	11.4421	1.5015	2.44625	1.04318
13	23.3143	1.64332	0.0444455	0.663935	0.918605
13	28.4729	8.44144	0.801239	1.54827	1.08889
13	22.5628	18.5136	0.275671	-0.221484	1.07294
13	19.8868	12.7416	1.61096	0.943956	1.13561
13	15.0706	21.497	0.299575	0.313711	1.09488
13	17.1666	8.59915	2.7731	0.48348	1.01055
13	21.1069	10.8075	1.388	0.0149428	0.915896
13	20.7355	11.6796	-0.273643	1.10641	0.929554
13	24.5455	16.0016	1.99057	0.31217	0.955324
13	19.6489	10.9393	-0.182183	-0.0405854	1.00405
13	19.2597	14.7797	0.555972	0.953327	1.01627
13	29.6373	6.32831	1.01751	-1.05966	1.04402
13	28.9266	1.9219	-0.150273	0.806656	0.978351
13	22.3948	14.311	0.298343	-0.0107904	1.1435
13	35.5073	19.219	-1.3981	0.827848	0.902288
13	33.386	14.3587	1.60152	0.445419	0.94688
13	31.6845	31.2552	0.825578	-0.154344	0.956562
13	37.031	16.3148	1.16073	0.158636	1.01331
13	1.0462	8.41367	0.300386	0.293962	0.838978
13	1.09432	15.7825	0.97693	0.589079	0.986992
13	12.3761	14.7809	0.359832	-0.469644	1.08988
13	38.5622	24.2752	0.0546543	0.495128	1.0452
13	38.6097	0.735738	-0.565837	-1.8799	1.03366
13	4.03857	14.5924	-0.399983	0.102427	0.978294
13	0.239299	7.8066	-0.322838	-0.11373	0.855219
13	10.4515	25.3012	1.26529	0.609867	0.977043
13	10.3072	14.3848	2.38983	0.337476	0.90702
13	4.32977	16.7123	0.63838	-0.968945	0.940533
13	16.4586	17.8739	0.317256	-1.51965	0.926766
13	36.0219	22.7615	-1.94822	-0.0334242	1.03652
13	11.8733	13.2201	-0.878526	-1.01838	0.894836
13	10.7735	23.0183	0.2469	1.84845	1.05904
13	19.2433	18.5924	1.18049	-0.598992	0.935742
13	13.8556	14.7608	0.322524	0.854493	1.13504
13	10.0714	19.3727	0.795519	-1.29662	1.1254
13	17.8816	6.71483	2.14053	0.134902	0.99045
13	14.2006	13.3018	-0.167041	-0.804888	1.08772
13	12.9297	13.6771	-0.902868	-0.209859	1.02303
13	21.6192	17.8558	0.489653	-0.0140665	1.0591
13	19.793	21.5188	0.867016	-0.378866	1.03903
13	22.3691	22.3973	-2.77566	1.01418	0.900031
13	26.4809	16.2913	-0.156873	0.103777	0.813238
13	29.8435	10.4375	-0.497338	0.240689	1.16658
13	33.9662	10.3605	-0.600435	-1.1934	1.00623
13	28.2497	19.2718	-0.226088	0.183069	1.06807
13	30.466	16.0651	0.041556	-1.91341	1.11145
13	27.7573	5.38971	0.235192	-0.217036	1.24022
13	27.1352	20.4607	-0.65722	0.298254	0.938252
13	32.5718	24.5007	1.3046	-0.174451	0.85336
13	34.7261	21.327	-0.25146	0.725237	0.969076
13	31.0944	10.1912	-0.490095	-0.195458	0.990007
13	33.9168	11.9282	-0.138854	0.796433	0.941548
13	37.8059	23.1001	-0.0163941	-0.233737	1.05686
13	35.5547	17.4509	-0.203048	-0.107142	0.982775
13	5.66783	13.2227	0.869562	-0.740978	0.933066
13	1.89501	12.8152	0.265882	-0.953609	0.929152
13	9.40489	23.2237	-1.12535	0.750091	1.01498
13	18.0169	15.427	-0.11329	-0.00182549	0.955528
13	2.99358	10.4543	-1.2459	0.68664	0.960927
13	5.14549	18.8481	-1.01673	-2.01738	0.934051
13	7.36208	24.9296	0.375781	-1.32454	1.20842
13	3.51146	8.81787	0.975492	0.599526	1.1588
13	19.0706	26.1933	0.727482	-0.181493	1.08392
13	10.4934	15.8768	-0.611516	0.696711	1.18565
13	12.8869	20.6651	-0.956541	0.77949	0.940922
13	7.58719	10.5891	-0.38618	0.840385	1.11355
13	16.3686	12.3629	-1.0968	-0.962777	0.965002
13	21.4022	13.7778	-0.356959	-1.68826	0.8697
13	15.6645	15.0073	-1.75091	-0.0779083	1.04
13	9.66198	13.5301	-1.15565	-2.16799	1.00709
13	16.94	14.6798	1.03281	-0.315306	0.998425
13	15.051	13.8139	-1.78247	-0.355117	0.841373
13	25.6517	15.4345	1.67152	-0.627735	1.20383
13	14.45	19.6264	0.730355	1.06907	1.14444
13	27.0245	17.2418	0.6777	-1.17946	1.08821
13	21.446	14.9284	-1.80024	-0.205124	0.995824
13	30.9624	13.9544	0.184304	-2.7146	0.991229
13	29.773	29.5408	0.594857	1.55409	0.94135
13	28.5564	17.2009	-0.223833	-2.5344	0.847731
13	20.3509	19.9735	-0.38085	1.37333	1.0312
13	26.3422	18.1645	1.08577	-1.7513	1.05868
13	23.3099	20.7172	0.745721	-0.748249	1.05182
13	37.4093	18.5989	-0.302721	-0.214157	1.02989
13	32.9121	12.3806	0.552435	-1.09296	0.846784
13	28.1124	20.4368	-0.926039	-0.328748	0.841041
13	31.102	18.8824	0.337567	1.0254	0.971308
13	7.42463	18.1995	-1.59414	0.954825	1.06054
13	1.06269	18.1429	0.280254	0.0402009	1.12303
13	7.30428	13.3917	0.354217	0.905221	0.804941
13	4.90716	25.7859	-0.503345	0.370227	1.13072
13	4.87538	9.06661	-0.0208211	0.900352	0.918083
13	4.23655	24.69	-1.66261	-0.421402	1.08595
13	0.031444	20.0224	1.79179	-0.324137	1.08921
13	7.89119	21.0543	-0.487592	0.256328	0.936757
13	18.1187	14.2857	0.905556	-0.0147533	1.04198
13	9.00425	18.2554	-0.576375	0.0796971	0.93557
13	0.825392	22.5668	-1.3352	-1.48137	0.915052
13	15.7249	23.058	-0.555915	-1.19698	1.06008
13	9.89237	20.5269	-0.823258	-0.714096	1.02637
13	19.4411	16.0482	-0.878077	0.615975	1.03045
13	14.8422	16.6395	1.1966	-2.01581	0.77209
13	18.3609	21.019	-0.100227	0.00191788	1.0087
13	17.8557	21.8332	0.2435	-0.95025	0.85614
13	17.9066	30.8614	-0.0743789	2.466	0.922624
13	11.7849	1.0536	-0.475826	0.217608	1.19487
13	26.3691	14.433	-0.54118	0.0171052	0.9413
13	25.6685	17.1321	-1.59809	-0.0592888	1.02689
13	15.572	25.5593	0.437451	-0.4538	0.993518
13	20.3041	10.065	-0.991611	-0.942512	0.978877
13	27.1636	13.5403	-0.943276	0.563788	1.11033
13	29.1078	21.3015	-0.384403	2.09577	0.892199
13	33.4201	18.4014	-0.923142	-0.569292	0.969363
13	35.7429	15.1297	-1.00475	1.0986	0.895891
13	33.1251	17.1298	-0.541352	-0.543055	1.01983
13	16.2531	16.7404	-0.934495	0.145416	0.951229
13	27.9994	18.0891	-0.729889	2.23242	0.914439
13	32.4181	18.7975	-1.0986	0.209809	1.06388
13	34.4304	19.022	1.00563	0.0687143	1.09131
13	29.3128	15.317	0.0907321	-0.620639	1.15311
13	34.5914	20.1532	-1.29212	-1.31647	1.05816
13	6.2213	7.33905	-0.823292	0.421444	1.20479
13	6.30887	11.1656	1.03333	-0.211155	1.01035
13	39.6947	15.2367	2.45312	2.81087	0.908373
13	39.7384	23.1685	1.08955	0.343403	1.04845
13	13.3895	27.9702	0.309965	-0.913274	0.996292
13	7.74632	19.9747	1.0877	-0.0256221	1.02373
13	14.9392	12.3841	-1.46768	-0.889479	1.17466
13	8.53518	13.546	-0.511302	0.564467	1.11695
13	7.12637	22.1835	0.490007	-0.101819	1.10914
13	25.0117	17.853	-1.35218	-0.933554	0.863419
13	20.7005	20.9177	0.51232	2.01617	0.843172
13	4.00362	19.2306	-0.256104	1.11926	1.10267
13	8.57926	10.7591	0.925787	1.42494	0.931626
13	13.582	21.7561	1.29884	-0.139159	0.934155
13	24.7289	14.0679	-0.405276	0.817591	0.893692
13	23.4961	16.0562	0.0785215	-1.03126	0.973185
13	3.02388	18.5086	-0.188917	0.0120647	0.999162
13	8.6072	31.261	0.486142	0.965706	1.03764
13	12.6514	19.8266	0.661976	-0.0325076	0.711965
13	23.5	11.6229	0.241034	0.49148	1.14118
13	27.3315	27.2609	-0.102914	0.233486	1.05785
13	11.3813	15.131	0.333699	1.16716	0.831106
13	27.4986	11.6705	0.0386194	1.49125	0.888759
13	36.1747	18.4867	0.732013	-0.471964	1.00896
13	22.9985	29.7529	-0.352455	0.241934	0.93635
13	27.0841	15.4732	-0.929325	0.207929	0.968958
13	31.6259	25.4768	-1.15808	-0.154644	1.09966
13	32.8352	26.921	-0.0313404	-0.0136837	0.890092
13	31.3064	20.9478	0.427672	0.584333	0.901392
13	36.6258	19.5422	0.183037	-0.542121	1.00766
13	32.5148	23.444	1.37354	0.77724	0.967808
13	33.1469	25.5724	-0.350783	-0.372411	0.977735
13	38.6503	21.7076	0.236867	0.613419	0.994967
13	34.0758	27.4271	-2.39694	0.731186	0.995407
13	0.783782	14.8049	-0.407586	-1.98606	0.951372
13	36.5593	25.9468	-0.990364	-0.575559	1.15396
13	2.88614	14.0306	-0.112675	0.0898808	0.933548
13	0.965597	19.4414	-0.0415976	0.101488	1.12214
13	14.6583	15.5468	-0.338041	-1.7549	1.0442
13	8.93691	19.9274	-1.61273	0.987422	1.02204
13	8.82882	24.9616	-1.51646	-1.69955	1.10016
13	12.5747	27.3125	-0.521064	0.816502	0.92516
13	39.093	33.9839	0.335867	1.51034	1.01689
13	16.8294	9.89196	1.87309	0.0773602	0.98146
13	33.4697	19.796	0.247006	0.282553	1.14381
13	15.7998	18.9146	0.784958	0.33992	1.1643
13	13.4662	26.676	-0.496599	-0.105567	1.16649
13	20.3051	18.1439	0.256184	-0.930118	1.12889
13	19.2813	24.0789	-0.294858	0.244335	1.02822
13	11.6455	16.0212	0.969052	-0.791394	0.882712
13	21.0203	23.311	0.130193	0.728343	1.12953
13	22.3426	13.2718	1.2871	0.485298	0.881478
13	17.9167	17.4561	0.135729	-0.27947	0.929907
13	17.2257	16.5004	0.632064	0.573121	0.938823
13	22.7084	7.40193	0.654987	1.05251	1.12928
13	23.8383	14.9899	-0.75918	-0.0925054	1.08029
13	33.8662	23.3159	-1.52076	0.326747	1.14049
13	25.5112	27.7605	1.08204	0.456252	1.09221
13	38.4693	26.8214	0.619706	-1.54457	1.00816
13	30.0761	17.9519	-0.325375	-0.485516	0.884985
13	28.0657	14.9471	-0.922987	-0.0590279	1.04706
13	28.8976	18.3738	0.679315	-0.920638	0.856262
13	23.7179	19.5815	-0.885003	0.380275	1.07152
13	34.7991	26.4642	1.1219	-0.254219	1.08441
13	32.0589	22.0577	1.47007	0.948667	0.909356
13	38.0959	17.7055	-1.11165	0.0416981	0.944952
13	37.7559	19.6487	0.412808	1.61648	1.0482
13	39.6048	22.1065	-1.49702	-1.96437	0.983681
13	1.89609	21.6328	0.543865	1.61203	1.18314
13	4.43896	18.005	0.407406	0.788876	1.06702
13	3.50325	17.2723	1.26987	-0.815963	0.824006
13	11.3724	24.4674	-0.829694	1.13915	1.15925
13	11.107	26.4441	0.311301	1.06019	0.983577
13	5.03431	23.0492	-1.24356	-1.0341	1.06133
13	14.7721	25.0269	1.22316	1.25306	0.917036
13	12.7022	16.8891	-0.92394	0.472495	1.135
13	9.7502	22.0807	-0.128414	1.0879	1.104
13	10.7839	21.4366	0.853596	0.057867	1.09227
13	20.5668	25.3217	-0.12143	-2.40784	0.882439
13	16.2268	21.2944	-1.1317	-1.33441	1.0202
13	18.663	29.0387	0.209105	0.803199	1.12081
13	18.8527	22.2347	0.160072	-0.806186	1.12655
13	28.9958	22.2604	1.283	-0.72785	0.941696
13	21.1248	33.4173	-0.772519	-0.132208	1.06539
13	15.6057	16.0897	-1.01603	-1.71596	0.873462
13	19.8821	22.5856	-0.623744	0.745655	0.929709
13	16.2692	33.7772	-0.517632	0.685072	0.93615
13	20.5183	24.3498	0.911462	-1.43135	0.863807
13	16.7615	22.45	0.58881	0.478716	1.125
13	22.7745	15.3111	1.23589	1.05538	0.832753
13	27.7809	29.5692	0.61132	0.744445	0.82884
13	26.8754	19.0611	-1.37287	-1.01617	1.00967
13	28.5346	16.0411	0.348072	-0.313967	0.912434
13	30.3852	14.9731	0.841402	-1.49669	0.897019
13	36.633	27.2182	-0.850665	-0.0784815	1.12667
13	36.142	21.315	1.43726	0.671002	1.08324
13	0.175666	13.9647	-0.662672	0.159635	1.03485
13	6.25157	15.459	-1.84456	-0.44143	1.24276
13	38.8062	18.46	-1.09954	0.0302914	1.12299
13	1.1309	16.846	-0.236549	-0.0694723	0.994894
13	38.2916	16.8035	0.679891	0.605306	0.933465
13	4.65793	21.6627	0.181591	0.0938143	0.951556
13	36.0261	20.2971	0.645145	-1.08248	0.841157
13	8.33337	22.1202	0.587666	-0.292182	0.995835
13	12.0699	25.4212	0.0429393	-0.435955	1.11281
13	8.8274	21.0566	0.0429852	-0.246955	1.01335
13	5.97493	18.114	0.683217	-0.851634	0.916288
13	0.625335	31.662	-0.0560772	-0.381781	1.09607
13	6.69686	19.5461	1.19847	-0.452319	1.07224
13	12.0004	19.1444	0.0913916	0.3443	1.07308
13	11.5417	17.1054	-0.251097	0.512064	0.958488
13	6.79982	20.7104	-0.484239	0.724565	1.12881
13	9.11025	17.0885	-0.398339	-1.12707	1.07562
13	20.8027	22.0075	0.337227	-1.71756	1.05157
13	12.8013	22.4515	-1.42854	0.858381	1.06381
13	25.2699	11.0126	-1.57874	-0.234095	1.00464
13	25.8337	25.6143	0.812176	-0.135561	1.08725
13	20.281	27.7692	1.44461	0.614604	0.904988
13	23.6958	18.5212	0.195914	0.746312	0.985511
13	21.7532	24.603	-0.776825	0.409788	1.10688
13	26.3814	26.9263	-0.371589	0.46122	0.951703
13	27.7549	22.0261	-0.136298	0.721757	0.877738
13	25.1897	34.4849	-1.3609	0.702196	0.973233
13	28.7278	29.9535	1.74898	-0.7617	0.97848
13	31.0717	21.9517	-2.49371	-0.2313	0.922796
13	26.4612	23.8281	-0.504738	0.711145	1.09906
13	27.0312	22.8724	-0.212999	-0.816998	1.05922
13	32.0843	17.4859	0.419283	1.44948	0.989231
13	23.1302	12.7013	-0.147092	-0.196605	0.98957
13	37.0103	23.904	-0.797312	1.34474	0.986011
13	4.14058	20.8237	-0.0312355	0.944416	0.958946
13	28.2446	23.1753	1.62575	-1.14393	0.952873
13	2.45682	15.8259	-0.173579	0.853637	1.01559
13	38.8296	25.4545	1.36314	-0.221413	1.02325
13	39.5414	16.3126	0.048366	-0.710483	1.07003
13	3.97742	32.0851	0.220743	0.171467	0.96405
13	11.5255	31.9559	1.71707	-0.0677968	0.994874
13	14.0416	20.8099	-0.243401	-0.150882	0.940905
13	34.7456	28.4318	-0.191975	1.63722	0.859218
13	4.26104	27.3576	0.512407	-0.193357	1.11675
13	14.4754	18.2775	0.789408	0.0898621	1.06379
13	9.4784	28.3699	0.491126	-1.5238	1.03547
13	3.50163	21.6412	2.1687	-0.766164	0.904478
13	15.341	26.7653	0.793638	0.0123171	1.03339
13	19.6798	25.0104	-0.692925	0.317617	1.00348
13	9.23165	27.413	-0.911804	-2.38622	0.85245
13	17.3766	23.7381	0.258309	1.26251	0.981078
13	13.653	34.6954	0.242281	-0.594249	1.09934
13	17.5068	25.1714	1.09585	0.477282	0.929835
13	19.8032	31.8095	-1.65206	-0.813147	0.973805
13	30.9895	29.7541	0.154654	-0.00287111	0.787326
13	18.6227	25.2104	-0.0655232	0.339751	0.915032
13	10.7787	18.2354	-1.42248	-0.868406	1.02309
13	34.8191	24.1224	-0.0941093	0.987276	0.985308
13	24.752	18.949	-0.777767	0.707306	0.882345
13	21.2539	19.1384	-1.63583	2.39219	1.06327
13	37.1154	21.895	-1.47699	0.910081	1.12307
13	20.7993	32.2305	-0.793287	0.64423	1.05406
13	24.8139	21.9798	0.250142	0.989305	1.01469
13	31.6266	27.2888	0.469052	1.24439	0.887268
13	31.5166	24.0587	0.642621	0.900971	1.10091
13	36.2108	32.5192	-1.64146	-1.11359	0.827478
13	20.2714	29.1676	0.610016	-0.456816	1.05527
13	29.5224	19.2688	-1.12968	-0.152884	1.17781
13	38.0075	20.7438	-0.342626	0.29171	1.04039
13	4.68134	33.952	0.116998	-0.216509	1.02947
13	4.14455	28.4558	-0.239039	0.611105	0.839922
13	2.93528	19.6209	-0.749798	0.302672	1.06345
13	14.5077	26.0865	0.443803	-0.477535	0.998966
13	8.19748	23.2321	-0.517348	0.134954	1.11453
13	5.81853	20.1076	0.462072	0.0146866	1.07335
13	15.9812	14.0463	0.641215	0.877082	0.907825
13	5.22024	28.49	1.82473	-0.981549	1.20963
13	17.4923	33.8292	-0.9814	0.799973	1.06437
13	2.99009	27.1197	-1.28085	-1.14084	1.07832
13	16.462	26.1682	-1.06665	0.667616	1.07419
13	14.4694	31.5461	-0.470913	1.46878	1.02344
13	18.5386	31.8341	0.216278	-1.27521	1.07691
13	22.4452	21.4226	0.527761	0.0540545	1.01678
13	18.4891	33.8797	-0.460302	1.59523	0.657501
13	8.03383	29.4046	0.0361832	0.723133	1.17889
13	14.397	27.4598	-0.195193	-0.0889466	1.09755
13	26.0444	20.6435	0.0679574	-0.844747	0.987402
13	24.2996	20.6343	-0.292229	-0.608953	0.922283
13	18.6982	30.2522	-0.913639	0.354759	0.935093
13	17.8594	32.84	-0.634532	0.508239	1.01199
13	19.3993	28.2804	0.948481	-1.30815	1.00627
13	23.2895	27.8553	0.231103	1.64112	0.956657
13	30.9291	33.1119	-0.308076	0.621185	1.01182
13	29.5335	26.6445	0.284223	-1.35215	0.968304
13	38.961	31.3904	-1.10692	1.85582	1.00962
13	23.9758	26.0433	0.364207	-0.382497	1.17263
13	26.6066	21.5889	-0.803182	-0.694319	1.21871
13	33.4725	24.3346	-0.934341	-0.00340635	0.930227
13	7.89665	35.5483	-1.14055	0.07637	0.991463
13	35.3848	29.188	0.262205	-0.654404	0.944261
13	0.561516	23.8889	0.2847	0.416815	1.01251
13	3.65935	25.8789	-0.354182	0.379068	1.04949
13	30.6906	27.3278	-0.141957	-0.254313	0.898944
13	31.7525	28.7056	1.36131	0.989177	0.876482
13	29.1332	20.4121	-1.05737	1.4166	0.887543
13	4.69021	15.4662	-1.45961	0.74264	0.897621
13	0.316938	27.2202	-1.48495	0.515055	1.17575
13	4.77605	19.9431	-1.16421	1.70617	0.856095
13	3.53729	39.5408	-1.37871	0.56698	0.962523
13	6.22106	28.1459	0.243084	-0.331351	0.906882
13	0.41109	33.9258	-0.527902	-1.07238	1.04984
13	1.997	32.5128	1.13751	1.4155	1.38703
13	1.88375	31.2578	1.76816	-0.89406	0.875627
13	10.6984	32.9471	1.66716	-0.0285081	0.970964
13	21.7584	27.3098	-0.609632	-1.33815	1.13538
13	7.76477	31.8901	-0.88278	-2.41493	0.906234
13	8.35305	19.0817	-0.972958	0.0534872	0.96867
13	25.4861	24.3216	1.23206	-0.491317	1.05423
13	24.3422	32.0276	0.192842	-1.03666	1.07609
13	16.506	29.2898	-2.07025	0.984332	1.0294
13	20.2471	26.4029	-1.59383	1.87278	1.08023
13	15.5434	31.2538	-1.89223	1.42519	1.02093
13	24.9647	23.1781	-0.332301	-1.85478	1.21767
13	23.5574	22.0019	-0.330969	-1.50729	1.09072
13	26.8224	29.2961	-0.654371	-0.331589	1.0895
13	29.7439	27.7391	-0.377733	-0.98537	0.995604
13	2.02281	29.1192	-0.577706	1.03002	1.05881
13	16.5793	15.7386	-0.942309	0.63706	0.916603
13	30.2351	21.0666	0.378588	0.149356	0.970595
13	0.533895	21.5804	0.205218	2.37521	0.902984
13	39.3854	29.5468	-0.292844	0.384926	0.988791
13	24.0472	30.0558	-0.988665	-2.54236	1.03647
13	39.2218	32.937	-0.393368	1.05307	1.05155
13	39.9074	24.7246	1.57426	-0.865333	0.9909
13	26.6926	30.5571	0.104348	1.49639	0.949671
13	1.07598	28.1713	0.070456	-0.157362	0.954312
13	33.0288	22.5103	1.99716	1.31572	0.946967
13	39.7094	36.5699	0.161838	-0.88968	1.02262
13	5.21612	0.513391	-0.399428	0.278569	0.90491
13	6.47531	34.03	0.444882	-0.420559	1.02804
13	37.7006	27.3986	0.324178	0.0586417	0.909534
13	11.1463	38.8494	-0.769596	0.409541	1.17336
13	12.8506	24.1286	-0.0513649	-0.90799	1.07297
13	6.62778	26.189	-0.156389	-0.611563	1.03892
13	22.1616	37.6871	0.390883	-0.0591908	1.02168
13	5.227	17.3812	1.3831	1.79756	0.877559
13	17.5856	29.9042	0.314812	-1.30398	1.10314
13	14.4433	28.9049	2.19322	-0.149072	0.953048
13	24.9058	29.1461	1.34852	-0.372333	1.11905
13	18.0725	36.2262	0.0596507	0.481643	0.948019
13	17.1942	31.6645	-0.583045	0.850271	0.953359
13	24.2404	34.6109	-2.15894	1.02279	0.881806
13	19.2567	34.1217	0.629045	-0.117811	0.958569
13	23.1501	32.6146	1.46582	0.183696	0.868608
13	16.8019	32.7629	2.92831	1.2748	1.03496
13	19.5044	27.2051	-0.630302	0.846578	0.848648
13	24.8061	30.9922	-0.541496	0.560895	0.90867
13	26.3591	33.9398	0.305543	-0.994618	0.978004
13	28.2187	34.5209	-0.133919	0.787377	0.972369
13	28.785	28.9164	0.0989526	-0.644939	1.04646
13	33.7355	26.4782	1.01358	-0.222407	1.03183
13	30.4538	30.6518	0.175009	0.0160795	1.13415
13	1.62832	23.4262	0.988268	1.00697	0.967244
13	38.9447	19.4888	1.35444	0.789897	0.95787
13	39.8383	30.5706	1.07202	1.9692	0.683338
13	33.7229	31.4249	-0.192976	-0.221761	0.917518
13	35.8425	30.471	-0.991341	-0.25107	1.07866
13	0.647314	29.2576	-0.55295	0.745762	0.912687
13	37.9654	35.8452	0.638539	-1.92029	1.01274
13	32.2639	30.1687	-1.78139	0.407784	1.23003
13	9.10493	34.4303	-1.07649	0.896735	0.984129
13	0.830704	25.0458	0.622044	0.940719	1.08388
13	39.4274	39.8717	1.46195	-0.553688	1.08099
13	1.93292	38.8451	1.47958	-0.5486	1.03715
13	2.43565	27.9438	-1.48752	-1.14242	0.977865
13	12.7487	30.2141	-0.0324613	1.21476	0.939672
13	21.8459	25.8441	0.4528	-0.379858	1.05864
13	2.59071	26.0099	1.10145	-0.561635	0.936801
13	13.9646	32.4337	-0.993376	-0.478878	1.00744
13	23.1352	25.0134	-1.6833	-1.37476	1.14662
13	11.8891	28.4185	-0.765006	0.696551	1.0112
13	20.2496	34.2415	-1.07219	0.157475	1.03869
13	14.2446	36.0241	-1.65904	-0.638909	1.16802
13	22.5003	28.5043	0.975747	0.475128	0.935849
13	20.702	3.22146	2.47826	0.952013	1.0979
13	15.6615	34.8878	1.11815	0.442367	0.957758
13	18.9194	37.9165	-2.00103	1.14804	0.754984
13	16.6782	34.8037	-2.75124	0.72823	1.01529
13	22.3756	39.5174	1.53841	-0.0652114	0.954975
13	21.5838	20.9157	-0.749114	-0.402352	0.92256
13	25.4837	32.297	1.36459	-1.39712	1.07079
13	30.4163	28.6443	0.778565	0.263307	0.986661
13	29.5294	31.884	-0.643256	0.678317	1.00487
13	36.6509	38.8277	0.15637	0.425456	1.13105
13	38.8024	36.4157	-0.857664	1.96351	0.897915
13	33.9681	22.0586	0.0297919	0.634283	0.970593
13	34.2917	25.4221	-0.879883	-0.523815	1.13756
13	35.5586	25.5789	-1.2049	0.802512	0.978948
13	2.5528	30.4769	-0.499496	-1.56111	0.812844
13	32.6485	28.3102	0.0923374	0.422111	0.902719
13	29.0798	30.9693	-0.18187	2.04615	0.852532
13	3.99026	29.4341	-0.135982	-0.657422	0.942445
13	2.64049	24.7864	0.940998	-0.830901	1.06955
13	36.2693	31.5202	-0.931985	0.183633	0.972498
13	6.09407	23.5306	-0.0839762	-0.296061	1.04494
13	37.109	36.6426	0.159504	-0.208897	0.914691
13	37.6952	24.7636	-1.93514	-0.741288	0.932613
13	9.98324	24.3319	0.833722	0.599921	1.05664
13	12.3104	38.4963	0.937319	0.999218	0.955718
13	7.53038	30.8295	0.392649	-0.996592	1.03439
13	7.20622	28.0046	0.598386	0.192937	1.10849
13	18.0928	27.7582	-0.644787	0.24596	0.949986
13	17.2491	20.9674	-1.28296	-0.386177	0.890232
13	15.0298	32.9256	0.213842	0.310742	0.867628
13	11.512	27.3602	-0.0761592	-0.293337	0.978675
13	21.3555	34.5876	0.999688	0.324169	1.026
13	29.7911	3.36879	0.0636733	1.29345	1.08337
13	23.8999	33.5792	-0.166756	1.45407	1.08619
13	21.0478	37.5358	-1.10833	0.853653	1.0097
13	18.7551	35.1302	-1.2108	1.14026	1.17454
13	27.8044	30.5778	0.402166	-1.16356	1.0171
13	10.6118	28.8284	1.40088	0.209289	0.964068
13	24.2835	24.912	-0.449936	-0.145502	0.898918
13	26.6551	28.2003	-0.884276	1.11178	0.918085
13	20.3927	30.9072	-1.87739	0.372945	0.946318
13	30.5047	24.6121	-0.313259	-0.692922	1.11065
13	33.5072	0.620014	-1.01914	0.146754	1.05132
13	35.9169	23.9698	0.449923	0.368032	1.07754
13	32.7576	20.8305	-0.959855	-0.222989	1.0575
13	33.9805	30.4431	-1.08357	-0.902066	1.03775
13	33.2999	29.3849	0.100479	-0.857962	0.935274
13	22.1747	19.6515	-0.403885	0.347094	1.14903
13	0.625683	32.8614	-0.831375	0.710088	0.875744
13	30.6183	32.0958	-0.697232	-1.32684	0.980216
13	9.41259	26.3029	-0.459343	0.175439	0.997946
13	2.12807	35.8319	2.29752	-2.11084	0.956637
13	3.20701	29.9246	-1.05648	0.0183344	0.85566
13	8.19253	7.45989	-0.707473	1.41416	0.83691
13	10.261	38.0359	-2.00182	-0.759149	1.00107
13	6.13637	25.2783	-1.03581	-1.37977	1.0346
13	3.15912	3.50218	-0.660136	0.751069	1.02166
13	8.97589	5.38239	0.176793	1.41749	0.92723
13	11.1504	19.8554	0.0829063	-0.076177	1.07261
13	15.3826	27.9304	-1.66923	0.0184482	1.13526
13	11.6604	34.9377	1.29722	-0.462278	1.02498
13	15.2283	2.87853	-0.50939	0.357371	0.957029
13	13.549	30.9271	0.098687	1.23557	1.08983
13	10.305	31.9429	-0.631907	-0.861309	1.02311
13	12.9092	0.68461	-0.0515703	-0.0537525	1.00183
13	11.8929	29.5878	1.50118	-0.174735	1.0354
13	13.5368	33.52	-0.207136	0.358443	1.08902
13	26.7343	24.9265	0.42484	-2.53326	1.06525
13	19.6632	3.72628	0.365764	-0.366946	0.943208
13	17.4406	28.7392	-0.255452	-0.130965	0.856898
13	1.57111	30.3242	1.24849	-0.71441	0.861361
13	29.3813	23.3137	0.183946	-0.762152	1.00661
13	24.5946	27.1104	-0.958905	0.497377	0.949876
13	23.8071	36.6547	-1.37712	-0.550259	0.905565
13	34.8448	32.8492	-1.37331	0.626732	0.974634
13	34.8923	5.26929	0.4374	-0.912344	1.06793
13	34.3731	39.6064	-0.822857	0.460296	0.970194
13	37.7406	38.399	0.178441	-0.362008	0.986903
13	30.6544	25.9252	-0.396952	0.398518	1.09479
13	28.8336	25.7755	-0.567959	-0.611042	1.06057
13	36.3879	3.70177	-0.470317	-0.277424	0.875089
13	37.2243	30.6713	-0.507912	0.877139	1.20433
13	29.6579	33.6245	-1.2454	0.617506	1.09896
13	6.07356	22.4023	-0.365081	0.597486	0.971233
13	3.10999	28.9105	1.74244	-0.71421	0.995458
13	4.03574	35.9531	-0.327706	-0.168	0.908455
13	5.54188	39.5616	0.0804016	-0.287087	0.897644
13	10.2359	35.0041	1.05719	0.157295	1.06273
13	11.8509	30.7775	0.909237	-2.00704	1.18546
13	2.54236	37.6927	0.558551	0.63158	1.01109
13	6.15702	36.4355	-0.810007	1.74657	1.04744
13	21.0024	28.3618	-0.3403	1.99475	0.962787
13	38.3938	30.4669	-1.26551	-1.21369	1.13878
13	16.9313	35.8311	-1.60834	0.911209	1.0573
13	12.9622	29.0304	-1.23814	1.40658	1.07618
13	17.8696	26.2386	2.00586	0.948365	1.00509
13	12.4321	32.6914	0.894814	0.479235	0.887721
13	16.0052	39.2312	-1.24043	-0.290806	0.920194
13	17.6467	37.7272	-1.08768	-0.26685	1.11929
13	25.2354	35.545	0.580207	-0.562862	0.991367
13	20.9719	0.4526	-1.07922	-0.808782	1.092
13	31.9057	33.875	-1.53715	1.09062	0.977985
13	32.0857	35.1267	0.439574	-1.55716	1.00606
13	23.5075	23.8313	1.51012	0.662434	1.18814
13	28.3764	27.8679	-0.356989	0.497078	1.0004
13	32.7339	33.2048	0.295888	-1.61692	1.07715
13	1.54913	33.858	-0.585379	0.276957	0.943983
13	20.0509	32.9974	0.510672	-0.545029	1.11295
13	23.7758	28.9137	-1.23092	1.54246	1.17036
13	28.3384	26.8382	2.39021	0.663172	1.06997
13	33.1534	34.1428	-0.369316	-0.301025	0.951949
13	30.6506	23.2599	0.121034	1.25889	1.16375
13	34.7773	37.5519	-0.706327	-1.07059	0.973649
13	32.0155	37.944	0.106362	0.889899	1.22913
13	0.353264	3.82443	-0.615657	-0.365373	0.957514
13	36.4682	24.7951	-0.870434	-1.03685	0.831235
13	4.92	32.9891	1.31487	-0.235732	0.86062
13	0.790144	36.6835	0.775247	-0.633123	1.09369
13	33.3299	35.1249	0.45672	0.538661	1.02364
13	30.8901	35.748	0.163526	-0.506647	1.0726
13	4.02458	33.0799	-1.78517	2.5607	0.988589
13	3.97902	34.7312	-0.00143778	0.656905	1.06477
13	10.8969	34.3423	-0.435426	-0.876006	0.771194
13	12.3593	37.2947	0.704077	1.63654	0.981508
13	8.78271	33.3005	0.0730236	-0.543071	1.10792
13	22.7961	26.5371	1.26802	-0.51258	0.896306
13	15.5272	36.2988	-1.45463	-1.08595	1.12393
13	19.2814	36.3825	0.159064	1.11935	0.996433
13	22.0281	32.6266	-0.406728	-1.69514	1.25186
13	9.31928	30.1223	-1.84185	0.725566	0.946438
13	20.2282	1.99573	-1.81848	1.53475	1.00693
13	16.3717	30.704	-0.129672	-2.04724	0.867159
13	28.5218	2.94579	0.210071	1.41725	0.9394
13	27.7415	25.5353	0.934892	-0.133949	1.00997
13	22.8143	36.748	-1.34587	0.585227	1.04254
13	27.2529	34.9206	0.0720702	0.764221	0.924871
13	30.9953	3.18155	0.168559	1.01267	1.01489
13	19.6376	30.2012	-0.107302	0.463539	0.834544
13	34.0142	36.8035	-0.205628	-0.795724	0.920987
13	35.3574	39.4256	-0.360428	-0.144327	0.916462
13	18.4008	16.3871	-1.41245	0.266123	0.999718
13	22.9209	31.6483	0.138743	-1.40957	0.962089
13	23.2732	34.6812	-0.678498	-0.221563	1.07259
13	29.4731	39.4428	-1.06529	1.52518	0.862297
13	28.1161	24.3266	-0.620555	1.21938	1.04291
13	27.3154	0.181117	0.132879	1.00362	1.04689
13	30.7148	37.5284	-1.24689	-0.535136	0.829545
13	39.9123	28.3086	0.921807	0.903685	0.964022
13	35.2963	33.9474	1.44465	0.0830317	1.0539
13	3.87744	30.7069	-0.97431	-0.831493	1.10701
13	2.88606	2.55833	0.545736	-0.976033	0.906435
13	39.0914	37.428	-0.981507	0.497234	0.963527
13	5.81951	27.0815	-0.255101	0.211693	1.04972
13	10.9098	36.0721	-1.45059	2.01409	0.976859
13	39.2396	27.5317	-2.28002	0.322873	0.865485
13	8.75259	1.81926	1.58741	1.64112	1.01793
13	11.3169	37.6703	0.739219	0.352316	1.09418
13	19.8831	38.9988	0.47724	-1.14504	1.01573
13	21.553	2.62147	0.156175	0.0825681	0.94182
13	10.6494	30.1554	0.229537	0.00154713	0.928245
13	12.7858	1.66015	0.571232	-0.314552	0.947174
13	20.1999	35.2712	-0.856603	-1.24106	0.970742
13	20.0917	37.7683	-0.793398	-0.921015	0.958173
13	14.6624	33.9674	0.630446	0.333243	1.05787
13	15.1804	37.3705	0.662573	1.17202	0.999357
13	22.7268	33.6758	-0.50018	-1.82261	0.874998
13	23.3131	5.19916	-0.478004	1.62273	0.90787
13	26.6249	36.7452	-0.316219	0.749746	0.810987
13	28.4777	33.1752	1.52026	-0.636478	1.31115
13	21.6599	29.3787	0.197649	0.437405	1.07389
13	28.703	38.1491	0.190156	-0.13324	0.984738
13	25.7944	36.5773	-1.05953	1.16669	0.841995
13	29.7733	34.8319	0.984447	-1.27804	1.07683
13	25.6932	22.2759	-0.768924	-0.209841	0.754633
13	27.6859	28.6952	-0.106171	0.617222	0.939505
13	27.3057	1.33839	0.0269058	0.243433	1.00663
13	29.9292	38.4928	1.65014	0.0272329	1.06184
13	31.5324	2.05307	0.258842	-0.300065	1.04467
13	37.1552	1.0409	0.47594	-0.162326	1.05081
13	35.7063	4.4961	-0.437846	-0.728294	1.03991
13	0.0200148	38.6462	-1.46323	-0.806475	1.12965
13	39.8544	0.972741	-1.29239	-1.64004	0.961272
13	4.50451	38.4376	0.033628	1.10711	1.07878
13	34.1644	35.8835	1.11503	-0.381343	0.992426
13	38.4063	32.2688	-0.0227481	-0.686453	1.01433
13	37.2503	32.1665	0.272796	-1.44785	1.00942
13	1.6915	5.07161	-0.202789	-1.19243	1.01909
13	2.37358	34.6989	0.358838	-0.750202	1.03301
13	8.07013	38.5462	2.47776	-0.245959	0.95529
13	1.4067	35.1657	-0.639128	0.955629	0.869293
13	8.32975	39.8328	0.852034	-0.612597	0.989064
13	6.21954	35.2117	-0.354841	1.62384	1.11128
13	12.3985	33.9743	0.939678	-1.19948	0.986113
13	21.265	38.9566	1.32557	0.822478	1.05817
13	10.1385	7.45411	-0.464378	0.842006	0.94755
13	30.1863	4.5624	0.695453	0.160187	1.06177
13	27.4274	2.49234	1.02543	0.757103	1.06565
13	26.3863	32.7426	-1.90764	1.4463	0.871509
13	30.1811	2.13501	1.28133	-0.570408	1.10119
13	24.6013	37.3675	-0.749408	-1.07852	0.952636
13	38.9573	28.5318	-0.204124	1.06032	1.06296
13	27.3359	33.7287	0.359339	-2.24827	0.95659
13	30.2531	36.7631	0.476873	-0.0749283	0.999888
13	0.235263	6.36473	-1.77642	0.642064	1.13493
13	33.8306	38.1303	-1.11205	2.0092	0.909899
13	24.7653	36.3636	-0.0119258	0.482525	0.876859
13	39.2796	35.0554	0.590708	-1.5434	0.965244
13	37.5219	25.8166	0.504695	0.250466	0.91018
13	28.3563	39.0667	-0.679869	1.03518	0.942904
13	31.7855	39.6042	0.173943	1.61401	0.94048
13	37.9905	34.465	-0.975522	-0.110236	1.03991
13	38.1124	33.2947	-0.876295	-1.1471	1.00405
13	4.50412	4.90195	-0.191947	-1.4551	0.930221
13	0.411971	35.4317	-1.03027	0.0561989	1.11385
13	38.9154	3.79463	-0.41179	1.33008	0.947616
13	5.30183	1.68537	1.45399	-0.924124	1.04578
13	9.79787	4.75108	1.2096	1.41022	0.954146
13	6.65325	32.8565	-0.180961	0.784959	1.04381
13	5.19737	35.804	0.193549	0.933458	0.844592
13	10.3464	39.7829	-1.50417	0.291883	1.05415
13	4.99561	34.9718	-0.182398	1.03903	0.792411
13	6.54998	30.2277	0.980885	-0.838615	1.0835
13	9.42477	38.7929	1.05607	-1.02135	1.03714
13	0.00797964	25.9352	0.0230621	-2.4402	1.1377
13	14.9101	30.4807	-0.814182	-2.11357	1.02658
13	10.506	27.6442	0.426444	-1.04	1.01609
13	9.57201	3.3517	-0.267177	-0.243197	1.01858
13	33.37	3.83731	1.24213	0.464604	1.09509
13	7.88616	25.874	-1.08664	2.41655	0.782251
13	15.316	29.5863	-0.145181	0.439483	0.944361
13	13.0656	39.3435	-0.521381	0.488451	1.19502
13	28.6411	4.09856	1.30049	1.4313	1.00351
13	25.6685	30.1105	-0.337785	0.510098	0.998294
13	33.2785	9.60057	1.16023	0.768565	0.844767
13	18.9306	33.0297	-0.0234553	-0.0251131	1.06466
13	34.2321	34.2635	-0.133512	0.939238	0.971931
13	19.5063	0.848241	0.268879	-0.915201	0.9658
13	18.4917	37.0886	-1.69519	1.25761	0.968445
13	36.9432	34.0091	0.645126	-0.429818	1.25072
13	32.9919	37.7109	1.1645	0.0258442	0.876619
13	33.5936	1.97197	0.351933	-1.80369	0.933907
13	26.1233	39.5956	-1.12547	-2.20412	1.19391
13	0.772442	1.55274	-1.54659	0.199958	0.978201
13	33.8325	33.2464	0.790948	0.969205	1.01452
13	1.05514	20.6224	-0.0245655	-0.5918	1.03803
13	27.483	39.0592	1.17551	2.18586	0.84063
13	37.8554	28.3938	-0.0657449	0.0651296	1.00818
13	36.7965	28.8362	-1.4804	1.33924	0.996256
13	1.12516	37.9395	-0.801328	0.558297	1.09528
