1	38.7696	33.9054	1.13241	-1.01358	1.05287
1	34.5937	31.2647	-0.38197	0.156499	0.947479
1	38.956	39.6302	-0.644273	-0.0223775	0.939138
1	34.3031	3.03484	1.42779	-0.864327	1.25706
1	7.2843	38.43	-0.669605	0.602616	1.07633
1	39.6282	0.569521	0.410014	-0.345313	0.97114
1	4.44649	2.6091	0.0811294	0.512938	1.05532
1	15.972	11.3146	0.892405	0.477789	1.07242
1	13.1457	0.433983	-0.97595	1.28846	1.026
1	8.14855	0.259637	-1.16336	0.961973	0.976391
1	14.8615	36.7653	-0.825949	-0.583366	1.01192
1	5.76007	2.19252	0.58096	-0.088045	1.18542
1	19.634	34.1673	1.0563	-0.985428	0.975637
1	23.8215	34.6051	1.28168	0.116178	0.92656
1	15.5088	30.6707	0.304494	0.608155	0.976662
1	16.7045	38.6155	-0.553266	-2.24364	0.975364
1	5.77653	29.8073	0.681309	-0.70839	0.997112
1	14.8863	32.7537	0.475314	-0.277584	1.02598
1	21.3259	4.12787	1.60718	-1.13625	1.24916
1	29.8921	6.47411	-1.19484	1.53381	1.11083
1	24.3447	35.6368	0.0659224	0.254591	1.16011
1	27.2054	6.06003	-0.637008	-0.45274	1.15204
1	24.9512	31.7141	0.721863	0.311156	1.04785
1	30.8194	4.67671	-0.328076	0.396017	0.902038
1	32.4122	1.17639	0.366498	-0.300711	0.795111
1	27.8602	1.01393	-0.403503	-0.570485	0.931817
1	1.57653	1.99287	1.87798	0.283329	1.01436
1	36.285	10.4462	0.227311	-1.39902	0.94092
1	33.7839	38.875	1.38731	0.237636	1.06321
1	2.84656	11.5422	-0.489862	0.345323	1.05918
1	2.62165	14.2616	0.551378	1.18368	0.809015
1	8.31644	13.0307	-1.6794	-0.368814	1.01917
1	2.3147	4.57687	-1.9804	0.404982	1.03724
1	4.7158	39.2779	0.097748	-0.423596	1.06177
1	3.97739	1.30231	0.344662	-0.764197	0.885971
1	36.7575	39.8906	-0.285912	0.127567	1.01255
1	5.43475	11.2687	1.23203	1.99771	0.843364
1	2.96018	35.6591	-0.225747	1.59851	0.977559
1	6.24094	38.2116	-0.433112	0.685009	0.965938
1	14.7905	3.70132	0.0614614	-0.320176	1.04249
1	7.89454	3.31136	-2.26321	1.21125	1.05394
1	12.0215	33.804	1.73509	-1.86597	1.04389
1	3.03957	33.5723	-2.57151	0.463176	0.849696
1	11.538	3.43029	0.932076	0.147803	1.15581
1	19.4245	38.9308	-1.03787	-0.459826	0.909238
1	12.1813	2.30804	2.02692	0.00383979	0.895328
1	12.7842	37.6213	-0.39787	0.264176	0.92336
1	17.4416	4.47343	-1.30333	-0.816834	0.976647
1	26.1114	5.62922	1.2352	-0.797593	0.960469
1	26.6262	3.71839	0.142877	0.532552	1.01579
1	18.9223	1.62143	-0.234897	1.94285	0.904588
1	13.4302	36.0711	-1.32927	-0.0594829	0.905845
1	21.1733	7.01547	1.14756	-0.665542	1.16905
1	29.0995	3.06243	0.210585	-1.37287	1.07773
1	31.7653	32.4708	-1.50464	1.58596	1.05068
1	26.2112	12.2653	-0.274419	1.09084	1.07555
1	30.3551	38.139	-2.69113	-0.881794	0.854925
1	27.3305	35.3205	-0.489129	1.30569	0.992584
1	32.8309	39.8735	0.706598	1.13817	0.978369
1	34.1974	7.4612	1.32622	0.489253	1.16716
1	0.646168	1.47818	-0.485652	0.474521	1.06387
1	34.9329	38.7285	-0.890464	-0.547105	0.994022
1	34.7538	8.66322	-0.173721	0.0450782	0.952121
1	4.4659	5.84259	-0.995682	0.839325	1.02988
1	5.94662	39.2258	0.87063	-0.0366059	0.834598
1	36.8256	38.2623	-0.138289	0.338036	1.14275
1	0.565611	39.7639	1.94776	0.782859	1.06822
1	36.6847	1.78006	1.86303	0.182855	1.14714
1	14.0951	8.93901	-0.657209	-0.435033	0.808892
1	37.8638	39.5108	-0.586833	-0.687736	1.09979
1	36.1485	6.42448	-0.515516	0.752349	0.957236
1	7.38421	8.37034	0.912197	0.504071	0.945794
1	9.80237	35.1495	1.27543	-0.915455	1.13334
1	7.52723	5.92606	0.0730705	0.768312	0.96705
1	2.28927	39.745	-1.63573	-2.05359	1.02799
1	5.66548	16.6776	0.485325	-0.159602	1.00098
1	12.1216	1.23835	-0.333438	-0.313549	0.924032
1	17.5346	37.3104	0.0236975	1.35047	1.12374
1	15.4772	2.14835	-1.05895	-1.37708	1.04784
1	15.6657	7.21247	1.15982	-0.110979	0.899323
1	10.4939	4.04909	-0.483265	-0.229664	0.926327
1	31.5568	5.36519	-1.16407	-0.338855	0.998632
1	25.5692	0.446866	-0.0518869	-0.445633	1.00461
1	24.1798	4.62799	1.49956	-0.117776	1.19149
1	30.265	39.5129	0.752466	0.791645	0.889748
1	23.9533	39.8076	1.14481	0.756925	1.10798
1	27.7992	7.80768	0.709084	2.00111	0.926953
1	33.6289	10.7744	1.88821	0.327733	0.987513
1	19.2486	6.94298	0.9526	-2.10695	1.03163
1	30.2515	36.5406	0.320489	-0.860903	1.12402
1	29.4578	7.83339	0.321747	0.122891	0.951236
1	35.4	3.52168	-0.899041	0.0856809	0.953273
1	27.7911	37.646	1.31658	2.04663	0.989545
1	4.67572	7.0275	-1.05555	1.34145	1.13406
1	1.69887	0.821303	0.891227	-0.3114	1.00139
1	37.3385	8.66623	-0.380646	-0.34281	0.877926
1	2.87225	1.54904	-0.929959	-0.425719	0.937331
1	34.2275	36.2991	-1.92226	-0.538034	1.15401
1	16.4212	1.62803	0.670804	0.262608	1.05234
1	6.57	6.42595	-0.620721	1.52815	0.83217
1	1.3675	4.01777	0.950723	-0.441812	1.11106
1	4.43242	10.5066	0.315297	-1.84636	1.07911
1	0.973134	6.90348	-0.738265	1.54072	0.980132
1	2.60353	38.5329	0.844469	-0.570833	1.17847
1	4.9124	1.26948	0.0688264	0.291978	0.968647
1	1.63835	14.4095	2.41251	-0.469179	0.910589
1	1.18654	38.7284	0.539395	1.14066	1.2101
1	6.63235	5.29017	-1.67922	-0.154198	1.02193
1	8.88394	4.21001	0.247016	-0.443454	0.908248
1	10.7166	5.3423	2.00291	-0.471009	0.982876
1	9.62641	3.47717	-0.726465	-0.10291	0.797761
1	13.7489	37.0213	0.24567	0.430093	1.06506
1	16.2598	34.7452	0.837531	0.459708	0.772408
1	20.1027	6.53506	0.418441	1.88301	0.948526
1	23.9101	36.6804	-0.0569951	0.496169	0.954032
1	14.3673	0.399012	-0.975591	0.1972	1.0871
1	25.4765	7.70084	0.691464	0.0352672	0.828045
1	22.254	6.51239	0.965601	-1.08704	0.966907
1	23.519	12.3233	-0.923476	-0.7444	1.04529
1	19.1005	3.96662	0.464588	-0.959273	1.161
1	30.944	3.03454	0.25971	-0.0975456	1.06128
1	25.589	13.7263	0.313372	-1.27333	0.928709
1	31.5272	9.25981	-0.0857135	1.07607	0.966148
1	24.3481	7.55439	1.21268	-1.45151	1.11228
1	35.5038	1.58902	-0.697773	1.50944	1.09961
1	23.4708	6.94127	1.5579	-0.400591	1.00023
1	33.4113	6.46251	-0.545114	-1.32337	0.939589
1	33.2898	1.04405	-1.82125	-0.0589742	1.00976
1	0.652807	5.72237	0.354351	-0.348082	0.861294
1	36.9305	9.55093	-1.08249	1.4776	1.0142
1	30.5524	8.54937	0.455087	0.851566	1.03877
1	8.38656	6.59554	-1.58977	-1.54584	1.10492
1	11.985	31.1036	-0.173167	-1.56508	0.890209
1	34.2212	4.406	-0.274624	0.042942	1.05727
1	0.677681	12.4157	-0.765557	0.143395	1.03069
1	11.5118	5.93739	0.134456	-0.585951	0.950758
1	5.64197	5.98285	-0.773961	-1.70406	1.03849
1	5.80567	7.17756	0.507757	0.00662441	0.983774
1	3.93022	0.0765156	-1.16973	0.305593	0.904413
1	8.05589	30.8197	-1.64079	0.61644	0.875078
1	8.99456	5.22677	0.492386	0.593742	1.04267
1	30.1161	34.5984	1.07802	-1.59668	0.934138
1	11.0719	0.213179	0.972343	-0.252077	1.05154
1	5.95124	31.7071	-0.26538	-0.243181	1.08291
1	13.5854	38.315	0.224483	0.846172	1.14691
1	26.7351	4.80526	1.33321	-0.223888	1.05957
1	6.96579	39.9523	0.480491	0.770761	0.937754
1	22.0277	5.18389	0.585442	-1.60891	0.956706
1	23.1374	1.31343	-0.120965	-0.450542	1.03943
1	28.4066	4.2165	-0.497967	1.58846	1.03425
1	17.8204	38.5969	-0.0472936	-0.407155	0.968696
1	30.7884	35.4145	-0.613968	-2.43716	0.976431
1	28.3641	1.86015	0.325282	0.24371	0.969879
1	26.0926	37.9906	-0.0353478	1.00935	1.0033
1	25.0587	2.3054	-0.344237	0.332502	0.988273
1	23.3547	7.95658	-0.135961	-1.01083	0.90043
1	28.6696	38.1919	-0.877633	-1.26985	1.08115
1	28.7437	5.64401	-0.0514022	0.818949	1.10996
1	33.094	7.31011	-0.44013	1.3072	0.921734
1	27.0885	38.458	-0.404423	0.633235	1.00798
1	24.4482	26.8888	0.946402	-1.39753	0.862318
1	18.191	7.11369	-2.46664	1.65785	0.970769
1	32.4644	5.70856	1.53341	0.448646	0.891255
1	6.86791	37.1639	-1.84682	-0.56654	1.10178
1	39.0536	7.82696	-0.238419	0.334699	0.849497
1	39.941	9.08397	0.377623	-0.439592	0.964389
1	0.566755	8.13453	-0.110997	0.473725	1.10296
1	8.94851	9.72301	-0.886096	-0.943784	1.24608
1	5.99819	4.46452	0.903973	-1.19879	0.894324
1	6.53918	3.62179	-0.264496	0.651752	1.04002
1	37.9836	7.80679	0.955037	-1.44881	1.05541
1	0.253398	4.64337	0.356982	0.702238	1.00049
1	17.8385	1.39894	-0.403126	-2.18553	1.04691
1	12.9674	5.92308	1.68328	0.0239827	1.02162
1	17.4043	5.51076	0.223637	-1.18422	0.944313
1	4.24832	4.72558	0.93906	-0.632611	0.894753
1	13.0265	14.6187	-0.381747	1.04998	1.00366
1	19.8229	14.7761	-1.57685	1.25137	0.999687
1	15.9568	8.22511	0.651063	-0.971255	1.02454
1	5.12171	0.289334	-1.16793	-0.171893	0.92108
1	16.8349	7.49224	1.37509	-0.25483	0.986509
1	15.5984	1.11956	0.430775	0.339827	0.912131
1	23.0728	10.2531	-0.231515	0.293139	0.968554
1	23.9518	9.74256	0.578359	-0.21771	1.0591
1	22.2996	2.10707	-0.423613	0.738816	1.07249
1	31.1151	20.3865	-1.9036	0.0627202	0.926529
1	37.9653	11.6683	0.412091	1.41177	0.868034
1	31.4473	7.90442	0.092653	-1.01212	0.960466
1	24.62	13.1597	0.121802	1.71629	1.13284
1	31.9679	6.93593	0.0113155	-1.27987	1.16335
1	25.1239	15.7231	-0.813871	-0.987192	0.833039
1	35.4798	10.9734	2.58025	0.196938	0.759895
1	31.4897	38.4624	0.753978	-0.763011	1.16971
1	28.911	36.7869	-1.23141	2.42405	1.12323
1	29.6389	12.3002	-0.213481	0.208979	1.02474
1	36.7546	4.51299	0.492023	-0.805389	1.02669
1	32.5855	8.66463	-0.00170333	1.48228	1.14343
1	36.9321	5.80488	-0.906119	-0.434728	1.08101
1	38.7192	12.2345	0.708767	0.0567778	0.800965
1	39.3787	10.1963	0.935379	-0.9451	1.10481
1	34.2814	15.3576	-1.31675	1.06234	1.05833
1	9.15386	11.1133	1.31244	-0.629959	0.922586
1	16.1724	4.91132	-0.675608	1.45601	1.08892
1	11.0576	9.96288	2.5987	1.30749	1.0121
1	3.15387	3.98946	0.455446	-0.4573	0.92865
1	12.9731	34.4377	-0.219855	-0.423106	0.94102
1	0.808799	16.502	1.05375	0.351555	1.15832
1	9.5795	38.4262	-0.523023	0.335231	1.08352
1	5.23928	3.61369	-0.475077	-0.462054	0.819986
1	9.74646	0.743527	1.00427	-1.10357	1.10243
1	20.5422	3.25374	-0.446176	-0.482661	0.916297
1	23.0877	3.19585	-0.285515	1.33954	0.998895
1	12.0194	4.95175	-0.204061	3.33496	1.06713
1	24.404	1.23942	-0.460173	-0.670651	1.14424
1	14.7036	7.66923	0.279929	-0.463967	1.15085
1	21.6641	9.90987	2.19643	-0.601577	1.09502
1	28.9273	13.9965	0.33754	-0.899749	0.959073
1	20.74	5.38933	-1.48832	-0.855155	1.03552
1	25.3541	6.5823	-0.95867	1.18767	1.1048
1	24.3777	3.47146	0.523029	1.39153	1.02167
1	17.2715	11.1898	0.115322	0.70813	1.02129
1	24.1804	5.88898	-0.970784	-0.206407	1.0764
1	28.68	6.9277	0.899031	-0.264089	1.06753
1	37.9601	14.8621	2.21054	1.33452	0.819467
1	32.7769	12.2051	-0.338403	-0.142451	0.909768
1	2.49631	6.27292	1.12238	0.399588	0.946268
1	31.6467	3.92054	-0.519866	1.04535	1.04509
1	34.3725	13.6893	0.640245	0.280981	1.06482
1	28.2397	14.7884	1.44554	-1.30538	0.954411
1	38.7488	8.87664	-0.442156	-0.753368	0.909098
1	38.0515	5.56408	0.643209	0.702497	1.10945
1	33.9214	9.28723	0.459582	1.89872	1.04822
1	32.8516	11.319	-0.319629	-0.475233	0.787519
1	39.6633	6.42666	1.07542	-0.698563	1.18516
1	5.16041	13.2921	-0.477227	-0.749524	0.835288
1	9.69777	6.02703	0.359767	1.23125	0.925506
1	0.967159	9.19073	1.47244	0.252792	1.01144
1	16.4641	13.3071	0.697868	0.938775	0.673106
1	10.4417	3.11017	1.49805	-0.327967	0.954705
1	23.9813	2.22296	-0.69406	0.462528	0.911092
1	12.7432	9.05381	0.202511	-1.11023	0.912556
1	16.2759	6.04756	-0.870943	0.609064	1.11182
1	10.1086	1.79582	-1.02486	-0.321965	1.03823
1	7.77851	35.8342	-1.31909	-1.06322	1.06344
1	20.0489	0.964232	1.00565	-0.633129	1.02967
1	19.9246	2.24084	1.11203	1.08779	0.98664
1	15.7343	39.0076	0.106816	-0.399062	1.01285
1	24.425	38.2813	0.370933	0.387588	1.14892
1	18.9305	7.99574	-0.140195	-0.463477	1.04911
1	17.9533	17.5772	0.704594	-0.323799	1.0118
1	29.8935	11.0135	-1.87808	1.02126	0.868632
1	20.0647	17.1766	0.433521	-0.870026	1.11363
1	30.7344	7.1927	-0.646585	-0.875489	1.00124
1	33.311	5.32043	-0.295713	0.0739146	0.903026
1	25.0714	8.50518	1.64077	0.423915	0.92553
1	34.9695	10.2442	1.41217	-1.05315	0.903086
1	35.1246	6.08541	-0.588488	-0.445194	1.00988
1	3.69123	38.1083	-3.21681	-0.762124	1.08114
1	36.1491	11.529	0.73677	1.17269	0.922249
1	31.739	12.0573	1.40505	-0.193234	1.03284
1	33.4666	8.26985	0.210413	0.721508	0.762293
1	35.7078	14.692	-1.11257	1.02743	0.985325
1	35.7187	5.11403	1.67668	1.37709	1.14603
1	7.9401	36.8366	-1.83055	-0.456717	0.998413
1	2.40378	24.4254	0.0648326	-0.174839	0.760413
1	32.616	18.0879	-0.104477	-0.312016	1.01886
1	3.27083	5.10184	0.0271651	0.442898	1.03306
1	7.60288	15.5138	0.047686	0.332804	1.19345
1	11.1882	15.1664	0.0311232	-0.447606	0.845594
1	10.8	8.14639	-0.0739963	0.399925	1.15656
1	12.7619	3.79394	1.34031	1.10732	1.02494
1	9.51239	7.62701	-0.27766	0.345664	0.919059
1	9.95423	12.9238	-0.60195	-0.649064	0.997357
1	6.09281	9.30012	0.679158	0.0512856	1.11297
1	15.6109	13.3006	-1.6044	1.20906	0.997899
1	13.6334	6.8511	-1.4723	0.257643	1.16777
1	15.9816	3.27516	-0.621146	0.95109	1.12769
1	15.6664	9.74163	1.19894	0.476516	0.946353
1	12.0231	6.68537	1.82004	0.364909	0.795489
1	17.002	0.604111	1.35393	0.266191	1.07558
1	21.8311	3.07166	-0.235702	-0.178949	1.01272
1	22.9632	5.79576	-0.293961	1.05261	1.04431
1	22.6336	13.7151	-1.57446	-0.485147	0.956197
1	21.0642	9.06858	-1.0419	1.14525	0.887342
1	25.8118	9.21405	-1.46089	0.0126332	1.03889
1	28.7261	11.6288	0.270396	-1.94541	0.941107
1	23.0116	16.6647	-0.0837395	-1.33168	1.01289
1	35.4437	7.40814	0.418138	0.769692	1.05199
1	32.0161	15.3956	-0.890569	0.193116	1.01602
1	22.9543	9.04445	-0.933133	0.730243	0.948893
1	16.9614	16.3219	0.24191	0.257459	1.02732
1	30.776	12.6278	-1.04771	0.451384	1.10272
1	35.7248	17.3241	0.54339	1.294	1.07192
1	33.9286	12.534	-0.183267	-0.448628	1.04503
1	39.656	17.0877	-0.16262	-0.401809	1.08444
1	37.1839	7.00771	-0.664041	-0.0953452	1.14986
1	0.0541269	13.5508	-0.451516	0.199205	1.04132
1	2.07405	19.4047	-0.394527	-0.809462	0.88976
1	2.91599	0.509293	-0.671994	-1.6887	0.871631
1	7.13897	18.1159	1.11717	-0.344605	0.886968
1	36.016	12.7153	1.04793	0.604052	1.14447
1	38.8316	16.1273	-1.29427	-0.402492	0.881165
1	10.6234	14.2164	1.16687	-0.54383	1.05497
1	10.0237	10.5218	0.98511	1.33051	1.05417
1	37.5714	10.5808	-0.28219	0.0591999	1.23637
1	12.2955	10.1425	0.884453	1.04084	1.05645
1	14.1104	2.75474	0.823586	1.34851	1.00559
1	18.5574	10.899	0.777386	0.354575	1.00416
1	17.2057	9.29821	-0.313076	-1.26725	1.03635
1	13.9928	5.62771	0.829108	-0.287178	0.900822
1	17.86	10.1221	-0.465571	0.552739	0.851813
1	19.4753	8.88089	-0.803007	-0.260285	0.941289
1	25.5579	3.29048	-1.1271	1.74746	0.988242
1	23.7732	14.8901	0.52472	-0.089446	0.929338
1	20.654	10.4083	-1.19116	-0.51175	0.825775
1	22.6659	4.1375	1.29758	-1.18385	1.06464
1	16.1342	20.1929	-1.17832	-1.18835	0.849349
1	20.2535	9.50432	1.1073	0.795207	1.02638
1	23.8017	13.9164	0.695195	0.755205	0.931546
1	24.893	10.2369	0.366037	-1.66011	0.966834
1	32.4731	10.31	1.08469	0.952426	0.967442
1	13.9937	17.4076	0.07675	0.0738305	1.02745
1	36.2402	8.68057	-0.463364	-0.0322648	1.09178
1	27.4854	17.2385	-1.75831	1.30439	0.931271
1	24.1352	11.143	0.584791	0.538713	1.01681
1	39.5339	18.4786	-0.624148	0.143849	1.02293
1	33.5849	18.7308	0.186483	-1.30327	1.06715
1	33.483	17.3376	0.172143	-1.3623	1.14209
1	29.8648	14.5964	-0.652267	1.7613	1.09635
1	27.6775	11.4768	0.933041	0.887025	0.962484
1	39.7247	11.5586	0.894378	-0.936315	1.04991
1	7.33511	7.11311	-0.075561	0.0381147	0.962727
1	1.3522	13.4234	0.721478	0.123292	0.92501
1	4.07801	13.5862	0.700786	2.31211	0.918988
1	2.87325	10.293	0.241995	0.0120894	1.03274
1	14.0708	14.3226	-0.463096	0.794345	1.00286
1	2.95513	22.5682	0.245497	-0.591152	0.740997
1	12.2425	7.79864	0.116874	-0.538324	1.08731
1	13.9371	4.42177	0.271965	0.0079142	0.975299
1	7.82558	11.1972	0.740382	-1.9132	0.958491
1	22.453	7.63767	1.43681	-0.187794	0.973967
1	21.0237	0.0444392	-0.972722	1.55002	1.03814
1	18.626	0.604815	-1.53838	-1.17547	1.06302
1	9.33329	8.69351	-1.60381	0.937536	0.97514
1	21.5128	11.9975	-0.395184	-1.7304	0.868623
1	21.4791	10.8881	0.381231	1.12854	0.801815
1	26.8019	10.0092	-0.549423	-0.611821	1.12179
1	28.988	10.141	-0.0827389	-0.117577	1.01218
1	18.8841	17.4614	0.570063	0.0244558	0.91505
1	27.3362	12.7547	-0.605028	0.0270587	1.16069
1	27.834	10.3942	0.609179	-0.393735	1.06095
1	19.5242	23.707	-0.426548	1.02864	1.00343
1	30.7925	11.5428	-1.08691	-0.057147	0.857313
1	28.5252	12.9035	1.39757	0.0370514	0.944168
1	32.4561	23.7829	2.84023	-0.866486	0.847043
1	37.7027	3.99091	-0.316986	-0.528937	1.05344
1	20.239	22.9111	0.105492	-0.486086	1.03559
1	24.8204	14.8425	-1.00455	-0.320326	1.01471
1	18.4423	20.7583	-0.494193	-1.4892	1.09554
1	29.4637	8.85453	1.96596	-1.67398	0.984209
1	31.1975	14.4835	-0.230357	0.966233	1.13311
1	33.4441	16.0382	-2.4224	1.04737	1.04724
1	35.5895	9.49536	-0.471366	1.16726	0.89063
1	32.9902	13.738	-1.32252	-0.529908	1.02345
1	38.7439	11.0933	-0.152914	0.00408717	0.944736
1	9.99399	11.6894	0.0777121	-1.18172	0.868835
1	1.66148	24.9476	-0.9582	-1.65146	1.02386
1	5.22399	12.1731	-2.242	-1.01889	0.937678
1	5.49657	14.3132	0.877587	0.331722	1.05503
1	13.5924	9.87035	-0.390375	-0.106739	1.10561
1	1.99737	7.83457	-0.122562	1.81559	1.09762
1	21.5491	17.2523	-1.28612	0.929324	1.06175
1	10.2395	9.24269	-0.0981474	-1.08791	1.19522
1	17.3786	2.34202	0.044432	0.820264	1.03169
1	15.2384	12.2754	0.773549	0.174837	1.04318
1	18.0128	3.68956	1.18715	-0.365583	0.918605
1	21.8159	8.47683	-1.23351	2.22379	1.08889
1	23.3	18.8587	-1.19939	-0.131052	1.07294
1	19.8138	12.642	0.796112	-0.769364	1.13561
1	15.1185	19.8127	-0.0213782	-1.16075	1.09488
1	15.039	6.37439	0.645197	-0.204736	1.01055
1	20.562	11.4602	0.671656	1.12538	0.915896
1	21.1409	12.827	0.74424	1.15398	0.929554
1	24.2293	17.5523	1.50601	-0.810716	0.955324
1	19.5784	11.175	-0.0331566	1.26727	1.00405
1	18.0682	12.0667	-1.33615	-1.49504	1.01627
1	25.6217	4.32358	0.35231	1.05727	1.04402
1	30.3799	0.610755	0.137914	-0.31789	0.978351
1	21.3629	14.0347	0.236679	1.62724	1.1435
1	37.4745	18.7442	0.140805	0.667647	0.902288
1	32.8467	14.7615	-0.197004	-1.54306	0.94688
1	33.6569	26.107	-0.658896	1.52529	0.956562
1	38.8753	13.2132	0.120827	1.24286	1.01331
1	0.469166	10.5755	-0.55552	-0.213606	0.838978
1	1.71624	12.384	0.0341316	0.113983	0.986992
1	12.2654	11.4523	-0.0201126	-0.920054	1.08988
1	0.690238	24.4717	-0.495645	0.839627	1.0452
1	38.5479	6.89097	-0.495563	0.249566	1.03366
1	3.88262	15.3959	-0.601803	0.171334	0.978294
1	1.77206	5.50712	0.338918	-1.58619	0.855219
1	10.5659	24.1978	-0.941961	1.01891	0.977043
1	11.9305	13.0588	-0.170161	-1.10759	0.90702
1	1.90622	17.1775	1.50165	-0.0599437	0.940533
1	14.9172	17.1196	0.49765	-0.523051	0.926766
1	39.3741	22.0444	-0.250868	-0.130095	1.03652
1	11.5147	9.12044	-1.17656	0.387986	0.894836
1	11.5727	20.4988	-0.000136888	1.70925	1.05904
1	19.0425	19.443	-0.00832935	-0.128447	0.935742
1	14.0584	11.8382	-0.526398	-1.49984	1.13504
1	9.19107	17.8232	1.91491	-0.895433	1.1254
1	20.1166	7.75084	-0.463127	0.90003	0.99045
1	13.2768	10.9094	2.02668	0.0522359	1.08772
1	17.0981	14.9672	-1.7582	0.112946	1.02303
1	21.1423	15.36	1.694	-0.608137	1.0591
1	15.0451	21.1716	-0.521455	-0.0602075	1.03903
1	20.9414	23.9538	1.07242	-2.05714	0.900031
1	27.3896	14.9306	-0.175343	-0.693277	0.813238
1	26.5142	11.1563	-1.0383	1.04387	1.16658
1	27.0643	8.91566	-0.166564	-1.02614	1.00623
1	29.5381	18.7619	-0.380397	0.802421	1.06807
1	29.8785	17.5543	0.177095	0.823364	1.11145
1	26.4536	7.30893	0.462271	0.0565527	1.24022
1	30.6093	18.4696	1.1279	0.245196	0.938252
1	35.6769	21.7163	0.503041	0.123056	0.85336
1	36.4762	18.3291	1.68674	0.700617	0.969076
1	30.5173	10.25	1.81594	0.0563903	0.990007
1	29.9541	13.4523	-0.144721	-0.0295462	0.941548
1	38.9903	25.7199	-0.924226	0.408764	1.05686
1	36.7652	15.1746	-0.417169	0.497744	0.982775
1	6.27747	15.6222	0.491665	0.00202904	0.933066
1	4.35785	14.534	-0.354178	-0.388139	0.929152
1	9.57614	20.4171	1.62185	1.38359	1.01498
1	18.0916	14.8118	0.00761695	0.694818	0.955528
1	3.87976	9.57947	0.541905	-0.223157	0.960927
1	3.42772	20.0999	0.122186	0.518301	0.934051
1	7.31643	23.963	0.331648	-0.853588	1.20842
1	1.51457	10.2098	1.4998	-0.491325	1.1588
1	11.6701	27.6412	-1.2053	0.465135	1.08392
1	14.3478	13.1875	0.96297	0.628113	1.18565
1	12.7064	19.984	0.351492	0.486353	0.940922
1	6.35797	12.1675	-2.27557	-2.11162	1.11355
1	16.451	12.3893	-0.976489	-0.0647041	0.965002
1	20.8547	16.4183	-0.689474	0.353608	0.8697
1	16.0847	14.3194	-1.11133	-1.6457	1.04
1	9.08172	14.4994	0.719678	-0.7948	1.00709
1	16.0871	15.5085	0.029098	1.32313	0.998425
1	17.4481	13.8096	0.473799	0.276616	0.841373
1	26.0521	14.9429	-0.86129	-0.682727	1.20383
1	13.7904	19.4659	-0.143647	0.160167	1.14444
1	25.7426	19.5263	0.679434	-0.701603	1.08821
1	22.45	14.7921	1.64113	-0.576387	0.995824
1	32.0177	16.5847	0.336305	-0.139059	0.991229
1	30.4836	27.3512	1.77139	2.38556	0.94135
1	26.8652	19.0194	0.760381	1.0191	0.847731
1	21.5313	21.4202	-1.74864	0.000796636	1.0312
1	27.5234	20.4744	0.000957642	0.756681	1.05868
1	23.3722	22.1183	0.0583256	-0.157514	1.05182
1	35.0826	11.9666	-0.521335	1.63115	1.02989
1	31.9575	13.8713	1.21055	0.305609	0.846784
1	28.753	17.8887	-2.19955	-1.17622	0.841041
1	30.806	19.4021	0.300259	-0.079699	0.971308
1	8.28341	16.9921	0.807409	-0.666239	1.06054
1	0.658416	14.6571	0.611023	0.239494	1.12303
1	6.47042	14.101	-0.159822	-1.43124	0.804941
1	5.30552	27.5066	-0.901863	1.18708	1.13072
1	3.87992	11.4041	0.0652613	0.0473305	0.918083
1	6.54714	27.9406	0.420652	-0.0785843	1.08595
1	0.266555	23.4017	0.759465	-0.954423	1.08921
1	8.79573	21.3205	-0.362799	0.527387	0.936757
1	18.4003	13.2	0.728254	0.789235	1.04198
1	9.56327	16.8503	0.578341	1.04989	0.93557
1	4.31683	20.6555	-0.206212	0.787315	0.915052
1	13.6455	20.6247	-0.110042	1.23126	1.06008
1	8.9029	19.3367	-0.649279	0.0206162	1.02637
1	19.2623	16.1343	-0.289729	-1.80133	1.03045
1	14.2657	16.2527	0.215618	0.923767	0.77209
1	20.2813	21.7717	-2.10447	-2.26784	1.0087
1	17.4002	20.7714	-0.245467	0.457287	0.85614
1	19.4659	28.211	-0.739104	0.0502887	0.922624
1	14.2723	1.57599	-0.212362	-0.203401	1.19487
1	26.9122	14.0246	0.40576	0.925585	0.9413
1	25.0484	18.2368	-0.119766	-0.160405	1.02689
1	12.6293	23.067	-0.177833	-0.272806	0.993518
1	19.1138	9.89855	1.2771	0.339541	0.978877
1	29.1265	15.5904	-1.74141	0.360626	1.11033
1	29.6554	20.0742	-0.28168	-1.50745	0.892199
1	34.7642	16.8577	-1.12497	0.279196	0.969363
1	33.751	14.5464	-0.976168	1.56667	0.895891
1	35.4221	15.8169	0.749849	0.997992	1.01983
1	16.3979	18.2417	-0.0621919	-0.553621	0.951229
1	26.0482	18.4893	-0.156928	-0.977282	0.914439
1	34.14	19.6458	0.37967	1.28547	1.06388
1	35.5139	19.276	0.582715	-0.118953	1.09131
1	30.2266	16.299	-0.537036	0.211391	1.15311
1	34.9022	18.2062	-1.11583	0.466845	1.05816
1	6.52214	10.5127	0.557613	-0.042194	1.20479
1	4.92307	15.9056	0.201485	-0.854911	1.01035
1	38.8579	14.3919	-0.811386	0.43931	0.908373
1	3.46327	19.0881	2.03317	-0.148997	1.04845
1	11.6947	26.6042	1.79749	-1.47237	0.996292
1	7.18395	16.6493	0.513585	-0.336791	1.02373
1	14.5612	10.7546	0.865458	-0.329537	1.17466
1	11.1016	12.1154	-0.48816	0.200518	1.11695
1	6.32519	23.3154	2.38729	0.266766	1.10914
1	21.7427	20.524	-0.805234	-0.17741	0.863419
1	19.6604	20.5231	0.440034	0.745476	0.843172
1	5.59092	19.4597	1.19422	-0.206878	1.10267
1	8.48045	7.73158	0.151745	0.305416	0.931626
1	14.3617	21.9146	-0.948297	-0.558654	0.934155
1	25.0255	17.0413	1.95004	0.521051	0.893692
1	24.2541	19.1933	-3.12481	-0.421833	0.973185
1	2.41307	18.4529	-1.07691	0.245576	0.999162
1	11.3732	29.9476	-0.0873571	-0.224222	1.03764
1	13.5703	18.2266	1.98875	1.73738	0.711965
1	22.5701	11.2921	-0.960712	-0.00267661	1.14118
1	31.567	25.9769	-0.108347	1.37512	1.05785
1	15.1087	14.5712	0.432898	-0.604433	0.831106
1	27.9227	13.7902	0.769396	-0.570752	0.888759
1	36.55	16.5464	-0.305453	-0.144593	1.00896
1	25.9057	31.2035	-0.193945	0.169875	0.93635
1	28.9648	16.713	-0.605165	-0.821848	0.968958
1	31.9829	24.927	-0.0286561	0.634893	1.09966
1	31.64	22.6829	-0.391927	0.0939049	0.890092
1	34.6317	22.9338	-0.944862	-1.0236	0.901392
1	37.5743	15.9074	0.443007	1.47007	1.00766
1	36.8407	19.5098	0.893611	-0.403411	0.967808
1	31.4107	23.6759	-0.622881	0.826791	0.977735
1	0.998079	20.5635	-0.221721	-0.726802	0.994967
1	34.8205	25.4191	-1.05441	0.509986	0.995407
1	1.55336	11.3132	0.241204	0.255194	0.951372
1	36.8747	25.9567	1.02122	-0.247818	1.15396
1	2.72196	15.6344	0.657285	-0.868838	0.933548
1	0.78246	17.6971	-0.305856	-0.834214	1.12214
1	15.0678	15.7792	-0.44273	1.18788	1.0442
1	9.61808	21.8797	0.466298	-0.34752	1.02204
1	8.47987	24.806	-1.63483	0.607982	1.10016
1	8.38287	25.8238	-0.982134	0.922466	0.92516
1	3.59093	30.0874	1.49964	0.229629	1.01689
1	16.5972	10.3227	0.70357	-1.05274	0.98146
1	38.1615	17.0687	-1.16295	0.712562	1.14381
1	12.4333	17.6054	0.676918	-0.888461	1.1643
1	11.7419	25.1103	0.651092	-0.145264	1.16649
1	21.997	18.3379	-1.68667	-0.378181	1.12889
1	16.4653	22.5755	-0.415925	-0.192262	1.02822
1	14.1195	15.3845	1.76134	-0.481518	0.882712
1	15.0363	23.4891	0.737085	0.373741	1.12953
1	23.7685	15.8683	-0.0269888	1.36062	0.881478
1	15.0841	18.0434	-0.279786	0.990962	0.929907
1	17.9265	15.8038	-0.844429	-0.993013	0.938823
1	18.6883	5.32019	0.36931	0.0539449	1.12928
1	26.5483	16.0705	0.733568	0.0631517	1.08029
1	37.0904	24.4599	-1.61744	-1.70928	1.14049
1	26.4379	28.5483	-0.720812	0.662245	1.09221
1	36.7767	28.3508	-1.29784	0.0885368	1.00816
1	27.3036	18.1435	0.258964	1.86351	0.884985
1	27.7467	15.8855	1.06105	1.0481	1.04706
1	32.6851	19.2317	-0.593106	0.0985526	0.856262
1	25.0274	23.621	0.281062	-1.22255	1.07152
1	34.1558	23.9951	0.9894	-0.41395	1.08441
1	33.1736	20.1579	-0.852898	1.6259	0.909356
1	36.9855	11.892	0.601409	0.532645	0.944952
1	38.9797	20.5139	-1.64211	0.0734708	1.0482
1	2.24114	21.6598	-0.161611	-1.49632	0.983681
1	3.71817	23.1845	-1.24484	1.46909	1.18314
1	4.69996	17.0427	-1.2837	-0.00097552	1.06702
1	4.33597	18	-0.394022	-0.0507433	0.824006
1	10.8845	21.4577	-2.03256	1.58391	1.15925
1	9.63897	24.7386	0.215481	-1.06921	0.983577
1	7.43803	26.8735	0.2659	-0.226433	1.06133
1	13.7276	23.2419	-0.359332	1.69973	0.917036
1	12.2311	15.4699	2.02998	1.50828	1.135
1	7.94758	19.9619	0.700386	-1.5571	1.104
1	10.5488	19.9799	0.0735094	1.21083	1.09227
1	13.7644	26.6207	0.550902	-0.933437	0.882439
1	20.7538	20.7404	0.501573	-1.0835	1.0202
1	17.4928	28.1176	0.412375	-0.173878	1.12081
1	18.0636	22.0188	-0.171856	-0.334479	1.12655
1	27.7185	19.3464	-0.119518	0.889776	0.941696
1	22.3144	33.0841	0.821926	0.422387	1.06539
1	18.4155	18.6855	-1.15746	1.17356	0.873462
1	16.3052	23.7869	0.82552	0.292872	0.929709
1	21.5201	30.6965	-0.00250231	-0.302453	0.93615
1	13.9241	24.1809	-1.41719	-0.423787	0.863807
1	16.7933	19.4497	0.220241	0.462854	1.125
1	22.4414	19.4005	0.919377	0.451715	0.832753
1	32.869	29.827	0.0749729	-0.610577	0.82884
1	26.8081	21.5811	-1.61089	0.108753	1.00967
1	26.4676	17.5911	-0.0432487	-1.96159	0.912434
1	31.616	17.5693	0.379358	0.778556	0.897019
1	35.7791	29.1462	0.381835	1.45658	1.12667
1	39.1173	23.2579	1.59365	-0.0762544	1.08324
1	3.57659	12.7002	1.74285	-0.82564	1.03485
1	5.90177	17.8238	0.669972	0.112986	1.24276
1	37.6295	12.7615	-2.73261	0.111266	1.12299
1	2.87382	16.6537	2.01521	-0.223429	0.994894
1	37.9449	13.8227	0.187961	1.33789	0.933465
1	5.3065	21.2512	-0.526606	1.02691	0.951556
1	38.156	19.8581	-0.287759	-1.0949	0.841157
1	8.7636	22.5493	-0.171649	0.651705	0.995835
1	11.7669	23.8255	0.614561	0.556219	1.11281
1	11.0788	23.014	-0.277407	3.15929	1.01335
1	8.1168	18.4389	-0.0477584	0.969607	0.916288
1	3.67259	31.4561	-0.589252	1.07295	1.09607
1	7.41808	21.0749	-0.573374	0.184568	1.07224
1	12.4259	18.8222	-0.447261	-0.571008	1.07308
1	12.918	13.3541	-0.583435	-1.11969	0.958488
1	7.45077	22.662	-0.0090233	0.143331	1.12881
1	12.0725	14.0936	0.644112	1.30971	1.07562
1	19.1043	21.9458	1.33809	-1.3314	1.05157
1	12.5584	21.2041	1.0544	-0.729204	1.06381
1	22.3731	12.5079	1.75651	-1.64049	1.00464
1	25.4753	26.7326	0.405478	-0.151387	1.08725
1	20.8575	26.8871	-1.29807	-0.183263	0.904988
1	21.3417	19.593	0.93922	1.05871	0.985511
1	18.4697	23.0772	-1.93773	1.42706	1.10688
1	28.9753	26.3667	-1.01086	-1.878	0.951703
1	28.9904	22.0778	-1.91188	1.4009	0.877738
1	29.1122	29.3022	0.87308	-0.799535	0.973233
1	30.4797	29.4922	1.2768	0.163838	0.97848
1	28.0475	22.0409	0.495546	-0.187766	0.922796
1	26.7311	26.6633	0.0182714	-0.0441692	1.09906
1	28.0053	25.5463	-0.0746226	-0.0711727	1.05922
1	31.6345	18.5935	-0.961956	0.178811	0.989231
1	20.2598	13.6878	0.369822	-2.48722	0.98957
1	39.4998	24.467	-1.1696	-0.284062	0.986011
1	2.69295	25.4369	-1.10044	-1.35822	0.958946
1	30.3193	20.8592	0.0983852	0.505104	0.952873
1	1.85719	16.1934	-0.488634	-0.157274	1.01559
1	36.7962	27.1368	1.58271	0.0616271	1.02325
1	39.7492	15.4502	-0.750553	0.976062	1.07003
1	1.27946	30.7435	0.478167	0.230587	0.96405
1	8.6583	33.2918	0.423829	-1.08151	0.994874
1	13.4446	22.1722	-0.418589	-1.13915	0.940905
1	35.7711	25.8526	-1.60676	0.894135	0.859218
1	7.30315	25.3367	0.187449	1.0486	1.11675
1	10.4548	15.9831	0.767394	0.101312	1.06379
1	10.7146	25.7019	-1.53579	1.48926	1.03547
1	6.33109	20.6037	-0.776658	1.31801	0.904478
1	15.0124	24.7563	-0.429205	-0.207305	1.03339
1	15.4745	25.7352	0.618873	-0.252328	1.00348
1	8.1867	29.4108	-0.54814	-0.862116	0.85245
1	16.7983	24.9618	-0.658683	0.14975	0.981078
1	15.3816	34.0091	-0.450506	0.472349	1.09934
1	16.8587	21.6567	-0.713133	-0.499923	0.929835
1	21.3042	27.8371	1.11433	-0.208901	0.973805
1	30.7568	25.4329	0.243678	0.488918	0.787326
1	16.6937	27.2797	-2.16687	-0.415228	0.915032
1	11.2915	18.3985	-0.367543	0.0811719	1.02309
1	38.1576	24.0381	-1.35977	2.0809	0.985308
1	25.7884	21.5162	-1.45953	-0.221708	0.882345
1	24.0759	20.8544	1.04008	-0.981481	1.06327
1	38.1524	22.5046	-0.706003	-2.23677	1.12307
1	23.6473	32.5457	1.09712	1.50156	1.05406
1	29.2294	21.1023	-0.531236	-0.55664	1.01469
1	31.4183	21.2927	0.808114	1.57149	0.887268
1	29.2259	23.816	-0.00910942	0.0441078	1.10091
1	35.3819	35.6425	-0.317255	-0.843248	0.827478
1	23.8736	30.1027	0.269737	-0.299314	1.05527
1	36.573	20.7636	0.0748763	-1.15763	1.17781
1	1.09431	18.764	0.0706042	-0.97298	1.04039
1	8.92825	35.9483	-1.35465	-0.161838	1.02947
1	4.15467	25.1611	0.0909473	-1.7838	0.839922
1	3.47182	21.6284	-1.01159	0.689126	1.06345
1	14.1573	25.329	0.460287	0.487571	0.998966
1	6.00753	22.0469	-0.661589	0.071418	1.11453
1	4.80643	23.7473	1.9338	-0.39662	1.07335
1	17.2966	12.9063	0.720909	0.646499	0.907825
1	6.80162	32.5198	-0.161257	2.077	1.20963
1	19.3929	29.7797	-0.38533	0.785798	1.06437
1	5.7396	28.6457	-0.545147	-0.0104777	1.07832
1	12.6728	26.0736	-0.736783	-1.22139	1.07419
1	14.7233	31.3196	-1.40302	0.338028	1.02344
1	21.9953	28.7985	0.696593	0.307456	1.07691
1	22.1181	24.2836	-0.384569	-0.181478	1.01678
1	21.3366	29.8318	-0.144709	-0.786708	0.657501
1	9.19131	29.0961	-0.429681	-0.0954458	1.17889
1	12.7308	24.3921	2.57558	0.857919	1.09755
1	24.8885	21.9544	0.243038	0.47178	0.987402
1	26.2058	20.6715	1.55188	1.21947	0.922283
1	19.6818	27.2103	-0.510789	-0.31002	0.935093
1	22.386	30.0036	1.49322	-0.662484	1.01199
1	17.586	26.299	0.567238	0.776525	1.00627
1	23.3478	26.9243	0.587383	-0.814825	0.956657
1	32.5498	30.8437	0.162091	1.54839	1.01182
1	29.668	22.7437	1.07611	-0.639422	0.968304
1	1.03948	28.0685	-1.21107	0.715937	1.00962
1	22.9118	28.1393	-0.903064	-0.352883	1.17263
1	25.8953	22.8062	0.055651	1.0122	1.21871
1	33.0241	21.3598	0.154556	-0.870128	0.930227
1	6.27016	34.8755	-1.15296	1.13226	0.991463
1	1.30051	32.6773	-2.5015	0.468938	0.944261
1	1.55257	23.2194	0.71606	1.09984	1.01251
1	1.77662	26.0834	-0.962881	1.83817	1.04949
1	32.8171	26.565	-0.340022	0.0619725	0.898944
1	30.3155	23.8556	1.98559	0.159899	0.876482
1	32.2121	20.5338	-1.34982	-1.62852	0.887543
1	7.84978	13.9914	-2.72385	1.19098	0.897621
1	4.22587	26.7115	0.363863	0.95366	1.17575
1	4.42968	19.7443	1.00237	-1.14705	0.856095
1	1.89798	36.0627	-0.200648	-0.589402	0.962523
1	9.11067	30.3951	-0.74716	0.742756	0.906882
1	4.62573	31.957	-0.859027	1.51742	1.04984
1	4.73873	30.7641	-1.51032	-0.0118327	1.38703
1	2.35304	30.6875	-0.0594195	0.455323	0.875627
1	7.70555	33.6335	0.400816	0.651752	0.970964
1	18.5539	24.5543	-0.560058	-0.850107	1.13538
1	10.5583	29.1399	-0.994309	-0.810242	0.906234
1	10.5418	17.1412	0.122696	0.472212	0.96867
1	22.2588	25.7288	3.43528	0.774097	1.05423
1	24.9371	34.1375	0.95244	-1.03769	1.07609
1	13.5454	27.7386	-1.09917	0.165529	1.0294
1	19.3647	25.8576	0.0752157	-0.31031	1.08023
1	18.5092	30.5784	-0.681211	0.366772	1.02093
1	23.4793	25.7003	0.698904	1.75812	1.21767
1	24.3702	24.8568	0.227227	-0.73474	1.09072
1	24.9733	27.9216	-0.367023	0.26543	1.0895
1	31.5642	27.5156	-1.48982	1.03453	0.995604
1	0.881068	26.9234	0.203244	-1.3889	1.05881
1	15.8316	17.4173	0.494483	-0.0589216	0.916603
1	34.0357	22.0124	-0.548207	-0.511427	0.970595
1	39.5771	19.4251	-1.94214	-0.710617	0.902984
1	0.615259	29.9693	-0.718221	0.0394682	0.988791
1	27.9961	29.3961	-0.319214	0.293312	1.03647
1	38.7567	35.9595	-0.232677	-0.463867	1.05155
1	0.529911	25.5821	1.0811	-0.231954	0.9909
1	29.2703	27.4292	-0.350408	0.268433	0.949671
1	4.18907	27.8049	1.19135	0.190026	0.954312
1	36.6717	21.9258	0.0131457	-0.388367	0.946967
1	0.786939	35.8615	1.69148	-0.848592	1.02262
1	3.42096	39.2813	0.478109	-0.354745	0.90491
1	8.53377	34.9476	0.442856	-0.0622197	1.02804
1	34.7002	30.1712	1.0356	0.828852	0.909534
1	12.3072	36.2551	1.49017	0.750762	1.17336
1	12.0219	22.1944	1.12789	-0.00522443	1.07297
1	7.71956	28.2609	-0.450659	-0.0313858	1.03892
1	22.7598	34.4011	-0.357511	0.978031	1.02168
1	4.83052	18.8559	1.1861	-0.929717	0.877559
1	17.4633	23.8241	0.151601	-0.651787	1.10314
1	12.9046	31.6011	-0.165209	-0.296037	0.953048
1	26.7938	29.6103	-0.612101	0.172293	1.11905
1	19.0521	35.4479	1.92436	-0.0410171	0.948019
1	20.4497	29.8839	-0.0170904	0.15457	0.953359
1	28.6569	31.863	-1.57389	-1.40614	0.881806
1	20.0324	32.7214	1.0245	-0.865825	0.958569
1	23.9796	33.5449	0.891892	-0.89796	0.868608
1	18.1413	31.5601	-0.684709	0.98076	1.03496
1	17.4357	30.0131	-0.839212	-1.21648	0.848648
1	28.1933	31.0421	2.27838	0.205793	0.90867
1	29.2501	30.9871	0.950459	-0.423543	0.978004
1	27.0048	34.2507	0.0530231	-0.937842	0.972369
1	30.8886	28.3898	0.7565	2.31096	1.04646
1	37.7224	20.7169	-1.8843	0.603585	1.03183
1	32.4121	28.4652	0.97365	0.00998253	1.13415
1	2.78142	26.5597	0.167043	0.0290722	0.967244
1	38.2324	18.2986	-1.58033	1.51332	0.95787
1	36.797	29.6675	-1.13869	-0.356568	0.683338
1	35.4222	33.5182	0.75932	-0.298214	0.917518
1	0.363178	33.6186	-1.03821	1.57776	1.07866
1	2.9332	27.4775	0.579096	0.694104	0.912687
1	39.2265	37.1833	-0.730131	-1.16623	1.01274
1	34.8608	26.7006	-0.462662	0.25419	1.23003
1	7.38371	34.6275	0.977013	0.922769	0.984129
1	39.7015	28.038	-0.717063	0.458113	1.08388
1	38.0433	1.60161	1.66867	-0.98306	1.08099
1	4.11781	37.0718	-0.532177	-2.30454	1.03715
1	1.96139	29.7435	1.38764	0.492952	0.977865
1	14.9087	27.6048	0.964421	-1.69611	0.939672
1	16.5343	25.999	-1.77067	0.52203	1.05864
1	6.55773	26.1376	0.642714	-2.0684	0.936801
1	17.0935	32.8649	1.46465	-0.181166	1.00744
1	20.3029	24.9293	-0.859272	-0.0456809	1.14662
1	10.6176	27.8056	0.526489	-0.287827	1.0112
1	20.0184	36.2167	0.205711	-0.128905	1.03869
1	16.0351	36.2086	0.54696	0.682462	1.16802
1	23.97	27.8398	0.427506	0.959416	0.935849
1	23.1811	38.7746	-0.0155524	-1.84861	1.0979
1	18.6197	34.3503	-0.350642	-0.0523283	0.957758
1	23.2218	35.3559	0.112709	0.873132	0.754984
1	17.9083	36.1009	0.501526	0.180548	1.01529
1	22.8766	39.8511	-0.107133	1.21733	0.954975
1	24.8805	20.1985	-0.34258	-0.800399	0.92256
1	29.3201	33.4246	-1.21682	0.418609	1.07079
1	33.5061	27.2408	-0.142363	2.06882	0.986661
1	33.5792	28.512	-0.44238	-1.31179	1.00487
1	38.3733	38.521	-0.743731	-0.509706	1.13105
1	0.111015	37.6779	1.30202	0.857866	0.897915
1	33.3679	22.9483	-0.641223	-0.376747	0.970593
1	35.8573	23.4866	0.192527	1.21104	1.13756
1	37.8931	25.2669	-0.689474	-0.538933	0.978948
1	1.18744	29.0382	-0.602563	-0.546056	0.812844
1	33.2534	25.2235	-1.20135	0.859657	0.902719
1	33.7642	29.6684	0.0343412	0.253321	0.852532
1	7.23537	31.2834	-0.157468	-1.90256	0.942445
1	3.42067	24.4415	1.50665	-0.675109	1.06955
1	2.07026	33.6002	0.16235	0.00818037	0.972498
1	5.23019	25.2845	-0.958367	-0.281929	1.04494
1	35.6431	37.9071	-0.0582994	-0.321547	0.914691
1	39.4801	26.699	-0.0341831	0.0739493	0.932613
1	9.20068	23.6668	0.825187	0.757897	1.05664
1	14.7203	37.7538	-0.516716	0.0749135	0.955718
1	10.0026	29.9508	0.61611	0.360406	1.03439
1	9.16676	27.9011	0.523767	-1.34468	1.10849
1	15.7168	26.8433	-2.20019	-0.232975	0.949986
1	19.326	18.4528	-0.533352	-1.23664	0.890232
1	17.1227	31.9309	-2.27818	0.231186	0.867628
1	9.45744	26.0582	-0.0891629	1.58491	0.978675
1	18.7241	37.8693	-0.18089	0.282972	1.026
1	26.6432	0.416893	-0.505442	-0.145468	1.08337
1	25.4181	35.5486	0.453784	0.185261	1.08619
1	21.9773	35.1925	-1.17579	1.42092	1.0097
1	22.3945	31.7796	-0.715144	-1.85484	1.17454
1	31.6204	29.8226	0.63099	-0.508324	1.0171
1	13.5038	30.8543	-2.0558	1.19024	0.964068
1	21.3048	25.1737	0.822705	0.496763	0.898918
1	28.692	28.3824	-0.464601	-0.384289	0.918085
1	21.0046	32.7454	1.09725	-0.539491	0.946318
1	30.5081	21.9528	-1.39943	-0.397513	1.11065
1	34.0235	0.0932711	-0.435327	-0.66661	1.05132
1	38.6388	27.7601	-0.782529	-1.34097	1.07754
1	38.1219	26.2318	0.314484	1.49958	1.0575
1	36.6345	31.3313	-0.879211	2.01932	1.03775
1	36.0223	24.8365	1.51451	0.521794	0.935274
1	22.1486	22.9918	1.16715	-0.341409	1.14903
1	39.0385	30.7292	-0.711122	0.00624045	0.875744
1	37.2792	32.7455	-0.102355	-0.424773	0.980216
1	6.75584	29.2531	0.787915	-0.420091	0.997946
1	3.5044	34.649	0.695331	0.935174	0.956637
1	2.93789	29.2977	0.372369	0.0317749	0.85566
1	10.1015	39.6367	0.209534	-1.12768	0.83691
1	9.23708	37.1287	0.254493	0.436781	1.00107
1	6.17583	24.5767	0.358674	-1.73117	1.0346
1	2.1967	3.24699	0.102202	2.23898	1.02166
1	7.08028	2.07695	1.2322	0.0595893	0.92723
1	10.3528	18.8385	0.915183	-1.0215	1.07261
1	18.4103	29.1163	-0.698148	-0.772243	1.13526
1	10.8653	34.5052	-0.183147	-0.450447	1.02498
1	13.2467	2.16343	-1.29905	0.634096	0.957029
1	16.3386	29.9523	-0.453731	-0.664391	1.08983
1	10.6437	31.1207	-0.609253	1.1728	1.02311
1	14.2045	39.3521	-0.532755	0.089503	1.00183
1	11.3992	28.7852	-0.0113926	0.449479	1.0354
1	15.6823	31.9079	-0.495258	-0.0684258	1.08902
1	27.4936	27.9624	-0.229987	0.945982	1.06525
1	21.0061	38.3101	-1.00607	-0.29424	0.943208
1	17.8097	25.2527	1.2794	-1.71633	0.856898
1	0.301817	29.0576	-1.14431	0.631705	0.861361
1	25.5218	25.0335	-0.144774	0.918055	1.00661
1	24.6532	25.835	0.226968	0.335131	0.949876
1	22.6096	36.1045	-0.185944	1.26981	0.905565
1	36.2466	32.5268	-0.77473	-2.01467	0.974634
1	32.442	4.65089	1.20553	-0.27416	1.06793
1	32.2858	36.5518	-0.207877	1.39043	0.970194
1	38.3096	0.537077	-0.686114	0.0976827	0.986903
1	29.9683	26.0989	0.22151	-0.802028	1.09479
1	28.5822	19.9549	0.409473	-1.07063	1.06057
1	37.2706	0.807004	0.951937	-1.23983	0.875089
1	0.224567	31.2114	1.3321	1.42652	1.20433
1	33.6484	30.7174	0.402988	-0.742178	1.09896
1	4.86945	22.1862	0.270554	1.68645	0.971233
1	1.9906	28.6505	0.781124	0.0836871	0.995458
1	5.41544	32.74	1.89627	0.332427	0.908455
1	5.74099	37.3302	0.976758	-0.100918	0.897644
1	10.8606	35.6091	-0.331345	-0.109587	1.06273
1	11.1866	32.9736	-2.40011	-0.456176	1.18546
1	3.06001	36.8886	0.930208	0.774237	1.01109
1	5.40536	35.3435	1.93628	0.54329	1.04744
1	18.613	26.6919	0.683019	0.232107	0.962787
1	4.45892	33.4272	-0.630345	-0.380417	1.13878
1	19.3462	31.6461	0.345886	0.835259	1.0573
1	12.6475	28.7528	-0.191807	-0.833367	1.07618
1	14.7628	26.4495	1.26398	-1.1735	1.00509
1	14.0866	32.0627	-0.396579	0.273369	0.887721
1	20.0981	37.9472	-0.590304	0.845259	0.920194
1	20.7158	37.1719	-0.853411	-0.251997	1.11929
1	27.3905	31.8604	2.05868	-0.577644	0.991367
1	22.2676	37.0291	0.425016	-0.0495868	1.092
1	33.0462	32.7116	1.24182	0.300873	0.977985
1	34.0303	33.3726	0.490647	-1.35948	1.00606
1	23.4353	23.4233	-0.663332	0.935524	1.18814
1	29.7249	28.5198	-0.182606	0.280123	1.0004
1	34.7303	28.3106	-0.339448	1.30213	1.07715
1	1.1963	34.5994	0.36727	-0.0343153	0.943983
1	23.8752	31.2767	-0.402184	-1.1181	1.11295
1	25.3754	29.7616	-0.323388	0.0994969	1.17036
1	29.2083	24.9757	-0.0524111	0.346458	1.06997
1	36.4065	33.883	-0.960073	-0.807074	0.951949
1	26.9481	23.9621	-0.367513	-0.534556	1.16375
1	33.2269	35.1907	0.412263	-0.570567	0.973649
1	32.056	35.3327	0.563802	0.650933	1.22913
1	0.267871	2.68903	0.855633	-0.0518273	0.957514
1	37.7928	29.2058	0.478356	-0.226826	0.831235
1	1.29866	31.7354	-0.0393412	-0.912625	0.86062
1	2.45132	34.6891	-1.59062	3.02243	1.09369
1	34.5859	35.0962	3.29123	-0.897594	1.02364
1	34.5816	32.3878	-0.165096	-1.7491	1.0726
1	3.91248	35.9018	0.72038	0.980706	0.988589
1	6.60285	33.7355	-1.07418	0.44005	1.06477
1	10.1526	33.8362	0.166518	0.282978	0.771194
1	15.1992	35.3314	1.7884	1.18438	0.981508
1	12.5049	30.1627	-0.481986	-1.49843	1.10792
1	22.1579	27.2761	-0.0095479	1.98978	0.896306
1	18.8428	32.6679	0.494938	1.61649	1.12393
1	21.5419	36.3211	1.69572	0.731141	0.996433
1	21.0085	33.9538	0.128146	-0.698788	1.25186
1	12.3521	32.6864	-0.677894	1.99529	0.946438
1	20.0264	39.8396	0.579851	-0.636207	1.00693
1	20.7771	28.7056	0.494367	-0.067106	0.867159
1	25.8592	1.44029	-0.606768	0.315262	0.9394
1	28.199	24.3089	0.0554431	1.06926	1.00997
1	26.1592	36.4052	-0.0293554	-0.0733917	1.04254
1	30.0459	32.1788	-1.35871	0.645157	0.924871
1	29.8555	2.2078	0.599016	0.201809	1.01489
1	23.0622	29.1451	0.432656	1.83181	0.834544
1	33.2567	36.9666	0.22327	1.45798	0.920987
1	32.8933	37.8445	-0.247461	-1.17695	0.916462
1	20.4135	19.5377	-0.940663	0.0288443	0.999718
1	26.82	30.7261	0.422628	1.03518	0.962089
1	29.6575	35.6858	-0.637537	0.966075	1.07259
1	31.096	37.3631	1.22859	-0.427348	0.862297
1	28.1955	23.0908	-0.0680713	0.063073	1.04291
1	28.6972	0.389729	-0.406034	1.46972	1.04689
1	31.3879	36.2145	-0.291412	-0.0788307	0.829545
1	38.4641	29.8609	-0.642657	-0.41844	0.964022
1	39.3478	32.6736	0.181169	0.364388	1.0539
1	4.24813	28.9484	0.318337	1.1477	1.10701
1	4.17779	3.78152	-0.489297	0.354007	0.906435
1	39.8816	36.385	0.346159	0.487946	0.963527
1	7.33068	30.2174	0.73816	0.825684	1.04972
1	11.5847	37.0928	-1.88854	-0.230714	0.976859
1	39.6279	29.9017	0.661475	-0.296754	0.865485
1	8.56252	38.1666	1.24651	-1.03162	1.01793
1	11.8987	35.0604	-1.84606	-1.32806	1.09418
1	21.0156	2.13555	-0.515906	-0.659704	1.01573
1	18.5107	2.5281	0.439852	0.916866	0.94182
1	13.1763	33.4701	-0.205228	-0.153733	0.928245
1	12.1633	0.0307669	0.162532	1.515	0.947174
1	20.7373	35.1995	-0.360696	0.662838	0.970742
1	21.9131	39.347	-0.187665	1.63897	0.958173
1	16.9869	35.3239	-0.653582	-0.267507	1.05787
1	17.4684	39.741	-1.14647	1.22169	0.999357
1	25.9252	34.4442	-0.0226128	-1.58779	0.874998
1	20.0854	4.547	1.93597	0.331192	0.90787
1	26.2195	39.2687	-0.182385	0.450991	0.810987
1	30.4789	30.6819	-1.08271	1.07654	1.31115
1	24.2494	28.9919	-0.782112	-1.70796	1.07389
1	28.1688	39.2401	2.03623	0.0872336	0.984738
1	26.8618	37.4675	1.0183	0.516434	0.841995
1	30.6698	33.2762	0.182553	-0.512877	1.07683
1	22.8988	24.7037	-0.690679	-0.510687	0.754633
1	27.9775	27.0624	-0.0400843	0.261143	0.939505
1	27.2508	1.81814	-1.15181	-1.25333	1.00663
1	31.3057	34.1619	-0.279759	0.444012	1.06184
1	31.8945	2.01294	0.378131	0.416514	1.04467
1	37.6658	2.85656	1.31008	-1.12016	1.05081
1	32.6677	3.5057	-0.0665955	-1.58339	1.03991
1	39.8714	38.7959	-0.350455	-0.0395439	1.12965
1	39.5204	1.55962	0.185513	1.04296	0.961272
1	5.12861	36.4019	-0.456668	0.218363	1.07878
1	33.1651	33.8518	-0.287438	0.152683	0.992426
1	37.6441	33.9634	-0.953069	-0.426125	1.01433
1	35.3209	36.6717	0.506841	-1.26018	1.00942
1	39.1071	4.2174	-1.47867	-0.066789	1.01909
1	5.46417	33.9568	-1.72345	-1.21815	1.03301
1	6.68024	35.9841	-0.203011	-0.591292	0.95529
1	2.20759	32.2574	-1.06695	-1.34441	0.869293
1	10.5467	37.407	0.474118	0.671977	0.989064
1	10.0668	36.3732	-1.68628	-1.97336	1.11128
1	15.9527	33.0904	-0.962869	-0.146653	0.986113
1	21.8206	0.772688	0.0706753	1.17048	1.05817
1	7.62484	4.56622	-0.306816	-0.732341	0.94755
1	27.557	2.80945	0.502234	0.152216	1.06177
1	26.3379	2.48873	1.88482	-2.1424	1.06565
1	28.1992	32.6363	-1.83392	0.593837	0.871509
1	31.6721	0.423511	-1.07593	-0.39629	1.10119
1	25.0704	36.6629	-0.290887	1.12343	0.952636
1	37.4561	30.2343	-1.05976	0.682164	1.06296
1	31.1019	31.6448	1.56354	1.05062	0.95659
1	29.06	34.6453	0.769531	-1.43763	0.999888
1	36.6021	3.07403	-0.458995	1.4405	1.13493
1	32.0434	37.5074	-1.52313	-0.350084	0.909899
1	26.4166	35.2314	0.370369	-0.485909	0.876859
1	36.469	35.8282	0.874564	-0.0907603	0.965244
1	35.7915	30.7753	-0.752683	-2.18213	0.91018
1	29.5316	38.8481	1.0423	-0.454701	0.942904
1	32.5505	38.8041	1.34997	0.304307	0.94048
1	37.0552	36.9734	-0.561145	-0.19726	1.03991
1	37.1649	34.8415	-1.41167	-1.8395	1.00405
1	3.44543	6.40545	0.619173	1.15166	0.930221
1	39.6786	35.1933	0.39685	0.278719	1.11385
1	39.1975	5.24143	0.652202	0.816501	0.947616
1	3.29289	2.58589	1.4027	-0.00810858	1.04578
1	8.70458	39.2177	0.557478	1.02192	0.954146
1	9.59188	32.5973	1.06503	-0.538928	1.04381
1	5.18882	38.0623	-0.674531	-1.13465	0.844592
1	12.3573	38.5405	-1.63896	0.560906	1.05415
1	4.77182	34.6307	-0.708057	0.630134	0.792411
1	8.5765	31.8893	-0.633512	0.778662	1.0835
1	10.8612	38.6433	0.607066	-0.255345	1.03714
1	39.0006	28.8959	0.88461	0.540079	1.1377
1	14.8771	29.637	-0.928652	0.968119	1.02658
1	10.219	26.6359	-0.177031	-0.611849	1.01609
1	8.21012	2.19789	0.906867	-2.01754	1.01858
1	30.0228	3.7915	0.784354	0.872916	1.09509
1	8.23284	27.4662	0.971107	-0.0974651	0.782251
1	16.7248	31.0735	0.843478	0.523213	0.944361
1	16.1677	37.502	0.770839	0.786262	1.19502
1	25.1636	5.47449	-0.0181707	-2.40801	1.00351
1	25.3186	32.6918	-0.10518	-1.31463	0.998294
1	28.521	8.54089	1.57729	-0.652292	0.844767
1	20.7934	31.473	0.70748	0.577639	1.06466
1	35.6059	34.6243	0.609951	-0.104192	0.971931
1	23.1113	37.6482	-2.07977	0.230211	0.9658
1	22.1664	38.1919	-1.41196	-0.274302	0.968445
1	34.4855	37.6677	0.795923	-0.731153	1.25072
1	32.1926	33.448	0.4176	0.622275	0.876619
1	33.0073	2.35692	-1.25869	-0.318551	0.933907
1	25.1503	39.282	-0.630204	0.887826	1.19391
1	38.7382	2.54882	-0.748741	-0.237254	0.978201
1	38.1406	35.0722	0.055215	-1.15887	1.01452
1	2.31221	20.4348	1.04968	0.911022	1.03803
1	27.2405	39.4985	0.534994	0.413316	0.84063
1	37.7205	31.7742	-0.252991	-1.73591	1.00818
1	35.8917	27.6637	-0.616691	-1.05595	0.996256
1	1.61897	37.4659	0.427768	-0.112257	1.09528
