18	33.7652	29.8485	-0.193818	0.356231	1.05287
18	31.7253	27.8625	0.920685	0.452269	0.947479
18	36.9014	36.8631	0.337776	1.1198	0.939138
18	34.9822	0.49095	-0.227948	0.836664	1.25706
18	7.85351	37.9207	-0.890848	0.293412	1.07633
18	37.7753	36.4322	-0.696498	-0.532013	0.97114
18	10.2966	2.69152	0.773783	-0.102199	1.05532
18	16.0893	9.80468	1.58977	-1.36426	1.07242
18	13.5384	5.134	1.39642	-0.0963891	1.026
18	8.54191	4.56121	-0.14916	0.0327674	0.976391
18	13.7884	38.0512	1.28759	0.363219	1.01192
18	7.34249	2.12675	0.447871	0.52026	1.18542
18	19.1628	35.8008	-0.467076	-1.07717	0.975637
18	23.4543	34.5119	-1.27432	0.670752	0.92656
18	15.3314	29.0076	-0.888043	0.781221	0.976662
18	16.6985	0.762526	0.0538257	-0.291057	0.975364
18	4.60725	30.1249	-1.77404	-0.0499527	0.997112
18	10.1383	31.5845	-0.899877	-0.0126198	1.02598
18	26.3948	6.67595	2.21069	1.17357	1.24916
18	33.966	6.75159	0.836616	-0.0917884	1.11083
18	20.2976	35.1876	0.00558037	-1.13129	1.16011
18	32.0842	7.93847	1.22383	-0.693168	1.15204
18	21.1287	30.2369	0.51772	-0.241621	1.04785
18	34.4172	2.76281	0.776488	0.381466	0.902038
18	33.2799	2.01513	2.03826	-0.598922	0.795111
18	27.828	39.6684	0.122579	1.01671	0.931817
18	3.02513	2.92064	-0.0762102	0.729681	1.01436
18	39.2004	15.9409	1.27895	-0.439566	0.94092
18	31.2587	1.09102	1.08103	-0.483659	1.06321
18	3.38791	11.4914	-0.184593	1.63049	1.05918
18	7.34613	11.0253	-0.347508	-0.410529	0.809015
18	8.30575	13.6202	0.0325439	1.11657	1.01917
18	3.73196	8.86172	0.939095	1.99245	1.03724
18	5.16327	2.32882	0.739921	0.755893	1.06177
18	4.63354	39.0206	-0.54507	-0.402397	0.885971
18	0.668209	0.0855923	0.199158	-0.813237	1.01255
18	5.41171	10.4073	-0.00555301	-1.68957	0.843364
18	5.66773	34.4933	-0.0658536	-2.33986	0.977559
18	4.18971	1.95263	0.38248	1.95713	0.965938
18	13.2285	6.44361	-2.10487	1.26379	1.04249
18	7.36063	4.21862	-0.110185	-0.207178	1.05394
18	9.07003	33.2043	-1.45227	-0.480092	1.04389
18	39.3625	32.1847	0.284437	1.61479	0.849696
18	12.3249	7.78589	0.873875	1.34493	1.15581
18	14.636	4.29023	-0.550355	-2.10895	0.909238
18	11.3858	5.26629	-1.21614	0.670278	0.895328
18	8.25917	35.3656	1.59205	0.670571	0.92336
18	21.4234	6.27476	-0.747407	0.644114	0.976647
18	32.9548	6.13702	0.388202	-2.04269	0.960469
18	32.0071	5.59701	-1.20458	-1.97785	1.01579
18	15.6793	4.31611	-2.00932	-0.302058	0.904588
18	9.89889	33.7297	-0.508806	-0.00532496	0.905845
18	23.37	10.5617	-1.67705	0.479355	1.16905
18	33.8562	4.42972	0.790546	1.40774	1.07773
18	30.5778	37.8437	-0.916117	-0.566315	1.05068
18	28.0163	8.62748	-1.10878	-0.857327	1.07555
18	31.1889	39.7808	-0.421209	0.917938	0.854925
18	24.5714	39.2503	-0.50494	-1.32054	0.992584
18	32.6713	1.14937	0.586719	0.934848	0.978369
18	39.0431	8.24264	0.747001	0.148667	1.16716
18	2.42033	0.790513	-0.424117	-0.248733	1.06387
18	32.1225	0.352049	-0.584703	-0.926797	0.994022
18	38.7079	12.1607	1.34007	-1.29471	0.952121
18	6.90744	5.77394	0.477856	-0.00566014	1.02988
18	11.2186	6.74369	-1.44596	1.13657	0.834598
18	37.172	33.8272	1.15713	-1.30729	1.14275
18	1.7454	39.7776	2.05829	-0.635034	1.06822
18	37.818	39.1852	-0.230794	-0.0959748	1.14714
18	19.5837	10.1412	0.221686	-2.09529	0.808892
18	35.921	37.6286	0.0773954	0.526663	1.09979
18	0.924468	7.96819	-0.0677099	1.07536	0.957236
18	10.8146	9.49147	-0.61961	0.108954	0.945794
18	6.53986	33.9366	-0.18649	0.749016	1.13334
18	11.1343	10.3695	-0.719378	-0.106747	0.96705
18	4.12945	3.15196	1.48474	-0.421926	1.02799
18	4.29485	14.8624	0.0825839	0.552212	1.00098
18	10.4671	4.72323	1.76978	1.67778	0.924032
18	17.8132	0.0274553	1.87794	-0.145519	1.12374
18	18.0053	4.94418	-0.991529	0.800176	1.04784
18	20.6224	9.73904	0.542357	3.39772	0.899323
18	8.47749	3.46057	-0.250067	1.22683	0.926327
18	35.4868	2.40292	0.041278	-0.0174521	0.998632
18	25.6874	3.36869	0.0202362	0.375485	1.00461
18	24.6943	4.19791	0.369021	0.762484	1.19149
18	30.4308	2.799	0.587009	0.491136	0.889748
18	25.0178	2.30303	-1.21824	-1.62958	1.10798
18	33.5585	10.4416	-0.607552	-0.43939	0.926953
18	37.6042	14.9725	1.04964	-0.355169	0.987513
18	21.1396	7.58975	-0.879668	1.17913	1.03163
18	32.2321	36.8772	-0.292507	0.118714	1.12402
18	36.963	6.89015	-0.458141	0.61521	0.951236
18	38.4384	5.33148	-0.406111	0.905987	0.953273
18	21.1486	37.307	-2.10701	-0.714436	0.989545
18	6.23354	7.90126	0.862108	0.286592	1.13406
18	10.0324	1.5071	1.65975	0.613467	1.00139
18	39.0945	11.1102	-1.35323	0.459826	0.877926
18	3.38192	3.83156	0.105315	-0.829658	0.937331
18	34.3646	36.0735	-0.0518611	2.01313	1.15401
18	21.788	5.28982	0.730313	-0.290258	1.05234
18	8.96202	10.3114	0.456954	-0.109741	0.83217
18	1.13749	3.10239	1.71314	1.1668	1.11106
18	4.60299	6.43753	1.50301	1.9887	1.07911
18	4.6767	9.22743	-0.327543	-0.5461	0.980132
18	3.69746	0.704264	-1.15038	-0.244637	1.17847
18	3.82272	39.6065	-1.07849	0.521776	0.968647
18	3.82091	13.4947	-1.31822	0.00191424	0.910589
18	1.7002	37.735	-0.327469	-1.82497	1.2101
18	9.99647	10.1549	-0.0452725	-2.2119	1.02193
18	11.6058	8.68808	-0.840259	0.729718	0.908248
18	15.8778	5.46236	0.132819	0.911864	0.982876
18	10.9913	7.70324	0.440829	-1.23114	0.797761
18	14.69	38.8608	-0.201769	0.56629	1.06506
18	14.6253	32.286	-0.465631	-1.05897	0.772408
18	22.5773	9.53768	-0.455921	1.67388	0.948526
18	21.2393	36.2047	0.233886	1.53505	0.954032
18	13.2824	0.448286	-0.945592	-0.632209	1.0871
18	33.881	5.53048	0.0611824	-1.10334	0.828045
18	24.5531	7.54472	-0.299304	0.197262	0.966907
18	25.7593	9.07967	-0.207195	0.592858	1.04529
18	23.1948	3.9348	-2.6601	-1.29518	1.161
18	33.7267	0.879077	-0.586512	-2.31278	1.06128
18	23.7403	11.6672	-0.373051	-0.124811	0.928709
18	37.7288	12.7718	1.90913	1.18309	0.966148
18	29.6566	7.81784	0.447275	-0.648287	1.11228
18	35.2802	39.1759	-0.954302	0.527514	1.09961
18	29.7917	5.71348	0.23249	0.377322	1.00023
18	36.9829	5.85498	-0.976203	-0.805089	0.939589
18	37.909	2.15054	0.462557	1.00228	1.00976
18	2.14236	3.50884	0.217788	0.532096	0.861294
18	0.755223	12.9014	-0.817982	-0.196094	1.0142
18	35.653	13.385	0.332831	-0.759558	1.03877
18	14.7363	9.43605	0.4957	0.041918	1.10492
18	7.69169	33.4295	0.0913723	0.477091	0.890209
18	0.770851	5.2211	-1.07745	-1.1523	1.05727
18	2.65523	15.2668	-2.05347	-0.0491229	1.03069
18	14.4244	8.39347	-0.855431	-2.04048	0.950758
18	12.2842	9.84992	1.47641	-0.542152	1.03849
18	7.38002	7.73718	-0.436545	-0.311386	0.983774
18	7.45552	1.02327	-0.312902	-0.543993	0.904413
18	7.84948	27.4542	-0.821707	-0.369361	0.875078
18	13.4287	8.91886	0.493639	-0.695998	1.04267
18	28.2125	34.7067	0.29075	-0.264342	0.934138
18	11.0171	3.65772	-0.777499	0.56299	1.05154
18	7.22486	32.417	2.01097	0.505338	1.08291
18	12.0865	39.8572	1.97205	-0.488597	1.14691
18	34.9008	4.01665	-1.9587	-0.290215	1.05957
18	10.2659	0.576399	-0.0166209	-0.609979	0.937754
18	25.2133	5.45746	0.889038	-0.183942	0.956706
18	24.3382	0.417498	0.510008	0.152143	1.03943
18	32.9802	5.1245	1.47025	-0.7997	1.03425
18	17.8391	38.7528	-0.969712	-0.286902	0.968696
18	28.0498	37.7551	-0.545035	-0.215624	0.976431
18	28.921	1.4264	-0.990475	-0.333991	0.969879
18	25.2291	1.17299	1.49158	0.22389	1.0033
18	21.0343	3.19976	-1.68955	-1.07486	0.988273
18	28.4405	5.17684	1.20717	-1.12196	0.90043
18	29.3691	37.8876	0.120435	-1.2343	1.08115
18	35.6327	6.72595	1.47681	0.476353	1.10996
18	38.048	8.87104	-0.0218376	-0.9147	0.921734
18	26.8447	38.2767	1.19025	0.949652	1.00798
18	24.3038	28.3715	1.67888	-0.601862	0.862318
18	21.9033	8.56601	-1.96995	-1.78254	0.970769
18	37.9416	6.81912	-0.220695	0.459417	0.891255
18	8.14044	0.161469	-1.20805	-1.87502	1.10178
18	0.148468	10.5932	-1.45994	0.681801	0.849497
18	1.21046	10.6957	-0.741263	-0.609266	0.964389
18	3.4373	10.2576	-1.33453	0.507575	1.10296
18	7.72648	12.2926	1.90347	-0.515083	1.24608
18	6.77775	3.09698	0.743574	-0.81201	0.894324
18	6.01784	4.75884	0.0727221	0.21565	1.04002
18	2.46444	9.63502	-1.47527	1.84753	1.05541
18	2.21661	2.23528	1.85102	1.16683	1.00049
18	15.846	1.50115	-0.767253	1.14701	1.04691
18	16.9302	4.67925	0.748151	0.89406	1.02162
18	22.6367	7.44944	0.0693505	-0.551303	0.944313
18	3.6204	7.7875	0.30225	0.917897	0.894753
18	14.2534	17.3509	-2.40521	0.11799	1.00366
18	20.1376	12.845	1.15438	-0.112754	0.999687
18	17.7119	13.0138	0.532821	-0.91972	1.02454
18	5.94125	39.545	0.687287	2.32776	0.92108
18	20.8521	8.78896	0.741521	0.243336	0.986509
18	18.7876	0.574305	0.775837	1.45738	0.912131
18	26.9554	9.20501	0.5814	0.332086	0.968554
18	31.8708	9.17218	-0.513446	0.0612201	1.0591
18	21.986	0.845623	-1.31194	0.548448	1.07249
18	29.9066	23.2218	-0.0502697	1.16601	0.926529
18	0.335487	14.2508	-0.243452	0.411718	0.868034
18	35.9456	8.06732	0.164863	-0.0994758	0.960466
18	24.0093	14.1946	-0.326048	-0.0171139	1.13284
18	37.3671	7.9148	0.137628	0.0983035	1.16335
18	25.8928	11.1204	-1.19986	0.494479	0.833039
18	37.3469	13.8313	-0.388239	0.840441	0.759895
18	36.8638	35.2122	-0.83072	0.495608	1.16971
18	30.4059	39.1001	-0.530909	0.736713	1.12323
18	31.1548	11.1701	-1.61113	0.0375268	1.02474
18	0.3584	4.13199	-0.688908	0.247231	1.02669
18	38.0028	9.98137	0.883213	0.933721	1.14343
18	39.2375	2.41136	1.60465	1.49363	1.08101
18	1.65816	15.5154	-0.0345066	0.304505	0.800965
18	2.3102	10.8366	-0.375242	-0.394363	1.10481
18	30.4877	16.5741	-1.47606	-1.21866	1.05833
18	10.0937	12.3163	-1.51264	0.920598	0.922586
18	19.0695	7.57037	0.892716	-0.263275	1.08892
18	9.67338	11.2536	0.918972	-0.0976888	1.0121
18	5.03021	3.92388	0.157415	-0.432722	0.92865
18	11.3497	36.199	-0.611758	0.616506	0.94102
18	2.8854	17.755	0.435283	-1.87847	1.15832
18	9.27088	39.9024	1.09362	-0.16548	1.08352
18	5.83075	3.17572	0.735317	-0.134589	0.819986
18	12.5038	5.50479	0.776829	-1.35038	1.10243
18	23.7924	4.83773	0.360001	-0.972475	0.916297
18	22.4111	1.85658	-0.245825	-1.19098	0.998895
18	17.1965	5.8064	0.261035	0.309966	1.06713
18	24.1102	3.14081	0.229857	0.583963	1.14424
18	17.9856	8.62291	1.48001	1.67435	1.15085
18	24.748	8.59591	-0.194533	0.71105	1.09502
18	27.9154	11.543	-0.0890513	-0.667663	0.959073
18	22.2524	10.5406	0.0730335	-0.271024	1.03552
18	29.0713	4.2834	0.158799	-0.619738	1.1048
18	23.4796	39.618	-1.52149	0.177968	1.02167
18	17.7615	10.2789	0.760316	0.649974	1.02129
18	27.6073	5.76343	-0.72113	-1.80849	1.0764
18	34.8051	5.81325	-0.889654	0.132837	1.06753
18	39.8877	18.4353	0.81743	-0.27098	0.819467
18	34.1731	14.8273	-0.961549	1.32911	0.909768
18	4.16485	4.43422	-1.00841	0.502765	0.946268
18	36.1166	1.34571	0.674018	-1.25211	1.04509
18	32.7303	14.7002	0.180167	0.0847427	1.06482
18	25.107	10.168	-0.363197	-0.50679	0.954411
18	0.889938	11.7552	0.557478	-1.69398	0.909098
18	39.795	6.09034	0.843725	0.483006	1.10945
18	38.6846	13.1535	0.626467	0.208772	1.04822
18	34.3468	13.5017	-0.291615	0.43143	0.787519
18	2.40855	6.55405	-0.236706	-0.889053	1.18516
18	4.2308	12.5006	-0.466934	0.942923	0.835288
18	9.17006	7.10595	0.865821	1.03656	0.925506
18	5.11336	7.87754	0.169563	-1.20357	1.01144
18	14.6779	14.0831	-0.312397	0.83804	0.673106
18	9.42912	8.24485	-0.818161	0.184955	0.954705
18	23.3332	0.835948	-0.584962	1.60762	0.911092
18	16.2233	6.90596	1.1943	-0.06572	0.912556
18	20.1432	6.95102	1.32995	-0.327201	1.11182
18	9.54001	4.06807	-0.129185	-0.0930147	1.03823
18	8.75136	36.3328	0.764732	0.230751	1.06344
18	20.1636	5.40758	0.0888203	-0.746505	1.02967
18	20.9635	1.19445	0.150686	0.0310279	0.98664
18	16.6743	39.6307	0.642889	0.577556	1.01285
18	23.6316	38.3465	-0.457704	0.891234	1.14892
18	23.7831	6.64826	0.0282697	-0.250287	1.04911
18	18.0084	18.2747	-0.937161	0.397095	1.0118
18	37.0712	11.4825	0.714738	-0.935636	0.868632
18	19.8287	15.9001	-0.702813	-0.513232	1.11363
18	36.7931	9.3558	0.755164	-0.359888	1.00124
18	39.1395	6.89714	1.32021	-0.790205	0.903026
18	32.2595	10.6073	1.11605	-0.226705	0.92553
18	36.1864	16.6058	0.660144	-0.363466	0.903086
18	39.2178	3.7842	2.00505	0.581491	1.00988
18	4.78954	36.4992	1.93719	0.847599	1.08114
18	37.0163	15.917	0.849916	1.55721	0.922249
18	36.7278	12.5652	0.0589261	-0.0401924	1.03284
18	0.338462	7.17031	0.555395	-1.13748	0.762293
18	35.0624	16.5626	-1.53025	-0.314335	0.985325
18	36.2766	39.9965	-0.337453	-0.203543	1.14603
18	7.76368	36.3423	1.7837	0.530981	0.998413
18	3.68737	24.7166	0.32048	0.433527	0.760413
18	27.9631	20.4924	0.201072	0.606388	1.01886
18	8.04478	8.75827	-0.456842	1.72008	1.03306
18	5.34746	14.6889	-1.07662	-0.108151	1.19345
18	8.02581	17.4287	0.621639	-1.15179	0.845594
18	12.0081	11.4835	0.975286	-1.57486	1.15656
18	14.7274	5.61867	-0.17131	-0.617033	1.02494
18	15.2198	7.64705	-1.29182	-0.18857	0.919059
18	10.7523	11.2501	0.0339634	2.64298	0.997357
18	6.91721	8.90334	1.47457	-0.160937	1.11297
18	11.3205	16.387	0.893887	-0.988872	0.997899
18	16.7967	8.87378	0.790907	0.18319	1.16777
18	18.0335	6.60019	-0.394856	0.139392	1.12769
18	18.6763	9.58264	0.234966	-0.0332851	0.946353
18	15.2738	6.42723	0.402226	0.0836635	0.795489
18	15.663	0.295932	1.10584	-0.434557	1.07558
18	22.756	37.489	0.998887	0.520807	1.01272
18	25.9562	4.60814	-0.437897	0.650129	1.04431
18	24.0971	9.36648	-0.670131	-1.11215	0.956197
18	21.6501	9.73898	0.115115	-0.854907	0.887342
18	33.7352	8.08896	2.36067	0.378724	1.03889
18	34.7025	10.1783	1.03699	-1.02591	0.941107
18	20.6162	18.2462	-0.564673	-0.464417	1.01289
18	38.0456	11.2104	-1.29338	-0.536127	1.05199
18	31.0287	17.4955	2.82718	-0.27158	1.01602
18	28.443	7.69047	-1.24702	-0.432768	0.948893
18	19.9127	19.2493	0.603853	0.0950667	1.02732
18	35.7275	10.0914	0.18636	-0.240561	1.10272
18	33.6648	16.7784	0.519576	-0.37993	1.07192
18	35.7843	15.6089	-0.481364	2.85953	1.04503
18	1.14518	19.6947	0.46062	1.31123	1.08444
18	0.20489	8.92412	-0.467655	0.491033	1.14986
18	36.3435	14.6136	-1.55547	-0.487207	1.04132
18	2.36381	23.2092	-0.0579098	-0.506056	0.88976
18	8.98523	0.948221	-0.0247136	0.0670289	0.871631
18	5.55456	17.8064	-0.902402	-0.0231846	0.886968
18	36.8134	17.5434	0.595649	-0.0890402	1.14447
18	38.0817	20.6119	0.0683208	0.605437	0.881165
18	7.12021	15.5923	-0.192313	-0.305532	1.05497
18	10.8643	13.0865	-0.126323	0.139654	1.05417
18	38.7654	14.587	0.762737	0.632315	1.23637
18	15.681	8.67928	-0.188606	0.186406	1.05645
18	13.5948	39.2156	-1.36944	-0.922323	1.00559
18	18.019	14.7927	-1.15854	-0.555525	1.00416
18	20.3679	10.745	1.39069	1.58044	1.03635
18	13.4709	7.67963	0.182447	0.754443	0.900822
18	18.3871	12.1601	-1.14773	-0.153876	0.851813
18	18.8523	13.0279	0.555991	0.725177	0.941289
18	31.9484	6.65483	0.226784	-0.182104	0.988242
18	21.6524	14.9406	-1.83469	0.647379	0.929338
18	24.2849	10.8819	-0.654725	0.48714	0.825775
18	22.5239	2.9914	0.128106	0.0241117	1.06464
18	16.7853	18.6508	0.100197	1.39173	0.849349
18	16.5424	12.0651	1.05352	0.234763	1.02638
18	25.069	11.8422	-0.256465	-0.581494	0.931546
18	29.5321	9.82403	0.0192582	-0.988536	0.966834
18	35.1574	14.4224	-0.552124	0.74292	0.967442
18	12.414	22.4687	0.0926824	-1.4103	1.02745
18	39.9485	12.156	0.347719	0.413637	1.09178
18	29.2336	14.8276	-0.177238	-0.222295	0.931271
18	29.0921	6.84737	0.957256	-0.0768584	1.01681
18	0.478964	21.0238	0.936313	-0.0572976	1.02293
18	31.7405	19.8171	-0.951711	-0.0599006	1.06715
18	31.4764	14.1468	0.694983	2.46948	1.14209
18	30.6449	12.8386	-0.273814	0.395791	1.09635
18	34.3962	11.1525	1.12723	1.01231	0.962484
18	3.09846	12.7648	0.732325	-0.121302	1.04991
18	9.65279	9.23384	1.8925	-0.5573	0.962727
18	0.729943	18.7395	1.12698	1.10701	0.92501
18	3.6596	15.8776	0.358161	0.374625	0.918988
18	6.7044	10.3727	-0.155708	-0.140358	1.03274
18	11.9124	17.3724	0.602234	0.0666372	1.00286
18	39.5713	22.4017	-0.131472	0.036547	0.740997
18	16.6215	10.8199	1.37629	-1.21197	1.08731
18	17.1115	7.37994	-0.134963	-0.979844	0.975299
18	9.49559	15.2338	-0.612509	-2.47176	0.958491
18	27.0797	7.74247	0.330183	1.41403	0.973967
18	18.9972	4.21282	-0.431405	-0.280427	1.03814
18	18.1686	3.34075	0.377395	-0.469572	1.06302
18	13.4938	10.0768	-0.207847	-0.282011	0.97514
18	23.158	12.4045	1.27091	-0.166262	0.868623
18	22.8725	11.5455	-1.14663	0.817033	0.801815
18	28.9967	10.8368	0.205859	-0.75974	1.12179
18	32.9553	9.50451	-1.61621	0.516063	1.01218
18	20.5937	16.6625	-1.1708	-0.0754333	0.91505
18	27.7563	6.80407	0.216631	1.06661	1.16069
18	28.952	12.1122	-0.569667	-0.248315	1.06095
18	22.9482	24.0563	-0.954048	-0.188987	1.00343
18	33.3183	15.54	0.768478	-0.0499783	0.857313
18	27.4437	10.563	2.0151	-1.13044	0.944168
18	35.4041	28.5939	-0.312825	0.574249	0.847043
18	39.5252	5.03104	-2.37287	-0.298155	1.05344
18	17.5032	19.3107	-1.101	1.05079	1.03559
18	29.092	8.82554	0.234055	-0.657884	1.01471
18	16.8813	20.4957	0.618848	-0.281857	1.09554
18	39.7806	13.3802	-2.45788	1.02291	0.984209
18	33.9059	12.4572	-1.19695	-0.166695	1.13311
18	32.5035	13.1652	-0.293358	-1.49049	1.04724
18	1.87633	8.57889	0.651057	-0.31048	0.89063
18	31.6207	12.0537	0.534508	-0.507473	1.02345
18	2.36421	11.9614	-0.19043	1.22807	0.944736
18	4.79735	13.6431	0.382349	0.748277	0.868835
18	0.299112	27.7767	-0.777214	-1.67249	1.02386
18	5.1043	12.1167	0.849884	-0.603476	0.937678
18	6.07417	13.8371	0.352142	-0.672837	1.05503
18	15.4521	11.4917	0.527058	-0.00364938	1.10561
18	5.7114	9.36281	-0.39053	-0.304163	1.09762
18	19.3697	16.9134	0.371059	1.48063	1.06175
18	14.6464	10.6224	0.434331	-1.68811	1.19522
18	14.548	1.60214	-1.65844	0.549724	1.03169
18	18.7966	14.0917	1.32325	0.796622	1.04318
18	24.2703	1.44588	-0.24116	0.782715	0.918605
18	30.9449	8.478	0.230568	-0.243689	1.08889
18	21.8719	16.7759	-1.20414	1.49192	1.07294
18	19.9473	14.4077	-1.56853	-0.0415537	1.13561
18	15.6648	22.2042	-0.50678	-0.105997	1.09488
18	19.8491	8.42479	0.872767	-0.924668	1.01055
18	21.1934	11.1727	-0.177165	-0.258733	0.915896
18	20.8217	13.5949	-0.961358	1.01427	0.929554
18	23.6955	15.267	-0.678822	1.57585	0.955324
18	19.5473	11.7317	-1.29434	-2.39549	1.00405
18	18.5024	15.736	1.43724	1.43649	1.01627
18	30.4017	6.79255	-0.87445	-0.162939	1.04402
18	30.1697	3.70308	1.13902	0.812102	0.978351
18	22.8273	13.4852	0.245903	1.21834	1.1435
18	34.5731	17.3535	-1.6163	0.368864	0.902288
18	33.5324	13.9151	0.531082	1.38296	0.94688
18	31.5728	32.534	-0.808376	0.879962	0.956562
18	37.583	16.8001	-1.67788	-0.925838	1.01331
18	1.26773	9.54937	-0.207749	-0.277209	0.838978
18	1.77787	17.2459	-0.105406	0.63872	0.986992
18	12.8585	13.4113	1.75505	1.15025	1.08988
18	36.1467	24.0085	-1.1751	-1.77385	1.0452
18	37.3002	0.906995	-0.62221	-0.0568795	1.03366
18	4.89328	15.8543	1.80113	2.01091	0.978294
18	2.73146	8.68394	1.22121	-0.680273	0.855219
18	12.1298	26.4849	0.146244	0.916432	0.977043
18	12.2461	14.9749	-0.0962416	0.130047	0.90702
18	4.79572	16.7995	-0.775851	0.597547	0.940533
18	15.6347	17.0977	0.857516	1.32192	0.926766
18	34.6182	21.4914	-0.989303	0.519733	1.03652
18	11.7396	13.7649	0.133242	1.36	0.894836
18	11.2218	23.0369	-0.273266	-0.176232	1.05904
18	19.1355	20.2414	-3.16791	-1.16443	0.935742
18	14.6385	15.2201	-1.50007	-0.947211	1.13504
18	10.6976	17.3477	-0.676542	0.60004	1.1254
18	19.1019	6.22192	0.539054	-0.285591	0.99045
18	13.1425	11.7961	0.724263	0.704829	1.08772
18	11.8418	12.7379	0.0245392	1.40813	1.02303
18	22.2141	18.0774	-0.419087	0.647713	1.0591
18	19.1174	21.2276	-1.17665	0.596579	1.03903
18	22.4734	22.6556	0.200704	-0.516273	0.900031
18	25.2057	16.7638	0.234352	-0.798348	0.813238
18	30.7965	10.0337	-1.75931	-1.29075	1.16658
18	36.7962	10.4967	0.373267	-0.16608	1.00623
18	26.5012	18.6326	0.016341	0.0230216	1.06807
18	30.4536	15.1307	0.0197943	0.961835	1.11145
18	27.581	4.26335	0.246454	0.255269	1.24022
18	26.0039	20.1955	0.574148	1.59064	0.938252
18	32.0309	22.9893	-0.907749	-0.319284	0.85336
18	35.0851	20.4836	0.00191586	-1.45767	0.969076
18	32.5881	11.984	0.116533	0.638744	0.990007
18	35.7195	11.3325	0.454404	0.580375	0.941548
18	37.9759	24.1839	0.381919	0.752943	1.05686
18	35.6158	17.5212	2.09297	0.605616	0.982775
18	6.07523	15.6709	0.841089	1.03589	0.933066
18	1.20652	14.21	0.809869	0.212632	0.929152
18	9.95778	22.6897	-0.438595	0.331732	1.01498
18	18.2938	17.221	0.16802	-1.18302	0.955528
18	1.93793	13.0038	0.198381	0.809458	0.960927
18	5.58822	20.6562	0.791479	1.89248	0.934051
18	6.35679	23.7222	0.619614	-0.151174	1.20842
18	4.41944	10.8287	-1.82464	-1.12825	1.1588
18	18.9221	26.7498	-1.1466	-0.91381	1.08392
18	13.6681	14.3345	-1.10764	-0.335751	1.18565
18	13.3246	21.3958	0.270518	-1.83131	0.940922
18	7.82537	10.0156	-0.778967	-0.123916	1.11355
18	17.5429	11.422	0.644598	-1.00271	0.965002
18	20.94	12.1199	-0.103493	0.724422	0.8697
18	16.5145	13.285	1.30339	-0.336464	1.04
18	9.47393	13.9082	-1.77402	0.294575	1.00709
18	17.3354	14.0457	-1.48827	0.224941	0.998425
18	13.9336	13.104	1.9018	-0.0261758	0.841373
18	26.3171	14.2304	0.442274	-0.386885	1.20383
18	13.114	19.335	-0.503204	0.0621914	1.14444
18	29.1437	15.8748	-1.01012	0.295056	1.08821
18	22.7605	14.5997	0.673332	-1.81448	0.995824
18	30.1538	14.1401	0.458523	-0.409132	0.991229
18	31.4987	29.4883	0.724957	0.0283415	0.94135
18	26.746	17.1146	-0.643533	-0.171312	0.847731
18	20.4214	21.7481	-0.391214	1.51913	1.0312
18	26.2087	16.1272	-0.73859	-1.23108	1.05868
18	23.2031	19.8992	0.84815	-0.887884	1.05182
18	37.9297	19.2153	0.680583	-0.436706	1.02989
18	35.0728	12.5394	-0.394646	-0.438236	0.846784
18	27.0526	20.3366	0.0617449	0.120706	0.841041
18	29.5642	20.0933	0.680964	0.383789	0.971308
18	8.1764	18.3758	-0.991328	0.585686	1.06054
18	1.99505	18.5877	0.539658	-0.908874	1.12303
18	7.24838	13.4278	0.63512	0.192264	0.804941
18	5.92875	25.5537	-0.49772	-0.809633	1.13072
18	5.99326	11.7254	-1.85317	0.0699745	0.918083
18	4.96728	26.756	-0.557513	0.431879	1.08595
18	38.6003	22.1732	0.826708	0.564323	1.08921
18	8.3624	20.7097	0.436846	0.472887	0.936757
18	17.0572	15.4525	0.751438	-0.37251	1.04198
18	8.25273	16.4135	0.761304	-2.07196	0.93557
18	1.19209	24.7468	-1.24208	-0.0671276	0.915052
18	13.4655	23.5429	-0.152255	0.313138	1.06008
18	10.0679	19.079	0.272825	-1.18173	1.02637
18	19.4181	18.1312	-0.356909	0.450966	1.03045
18	15.3174	16.3566	-0.788686	0.685333	0.77209
18	16.7724	22.8742	-1.41496	-0.970903	1.0087
18	17.7725	23.9824	0.14908	-1.12771	0.85614
18	16.6252	32.7187	0.112251	-0.669629	0.922624
18	12.0714	4.13765	-0.397055	-0.30725	1.19487
18	27.4684	13.9639	1.30253	-0.3876	0.9413
18	25.2384	15.6731	0.709264	0.142626	1.02689
18	15.5028	24.4944	-0.802893	0.722897	0.993518
18	22.0238	12.0951	0.310372	0.833677	0.978877
18	26.8757	11.4999	0.0642443	-0.625825	1.11033
18	27.2346	21.3695	0.355779	1.21548	0.892199
18	32.0602	18.692	-0.00676052	-0.181569	0.969363
18	34.4189	15.7521	-0.767534	0.190206	0.895891
18	31.5577	15.1709	-1.09853	-0.995639	1.01983
18	16.0701	15.6798	-0.29923	-0.826888	0.951229
18	25.0546	18.1304	0.264853	0.645865	0.914439
18	30.4925	18.7702	-0.116783	0.0584884	1.06388
18	32.1248	17.6347	-0.450792	-0.857729	1.09131
18	28.0946	12.7906	0.65631	1.09371	1.15311
18	34.5631	19.3988	-0.809856	-1.42817	1.05816
18	5.78495	6.65106	-0.807932	0.00033026	1.20479
18	5.96367	12.7755	-1.35378	1.27018	1.01035
18	1.09018	16.5032	0.842594	-0.437508	0.908373
18	0.265666	23.3168	-1.2711	1.00709	1.04845
18	14.9992	25.4522	-0.158587	1.44	0.996292
18	7.51926	19.5	0.755634	1.57663	1.02373
18	14.4695	12.0768	-0.387472	-0.920713	1.17466
18	10.4437	14.5478	0.371795	1.238	1.11695
18	7.06633	22.6265	1.23751	0.424158	1.10914
18	23.4262	16.1408	0.643705	-1.05878	0.863419
18	19.9433	22.8366	0.30766	-0.0541735	0.843172
18	3.66158	20.71	0.65856	-0.0433749	1.10267
18	8.26124	11.2067	-0.1756	-1.71071	0.931626
18	14.224	18.3655	0.13601	-1.68915	0.934155
18	25.4035	13.0072	-0.644401	1.6542	0.893692
18	22.4984	15.7693	-0.690819	0.265186	0.973185
18	3.01659	19.6793	0.0332516	0.0808648	0.999162
18	7.74288	30.7713	-0.406739	0.552544	1.03764
18	12.6068	20.8301	-0.701412	0.694672	0.711965
18	24.3074	12.6558	0.844876	-1.22031	1.14118
18	27.7583	28.5447	2.09896	1.51967	1.05785
18	13.145	16.9797	0.849818	-0.966996	0.831106
18	28.4367	9.5978	-0.520579	-0.569012	0.888759
18	36.3961	18.5899	-0.490857	-0.135314	1.00896
18	22.169	28.69	-2.13045	0.699119	0.93635
18	27.461	15.0912	0.759602	-1.32972	0.968958
18	31.8693	24.0679	0.465339	0.914866	1.09966
18	31.3081	25.1526	-0.59175	-2.05504	0.890092
18	31.0498	20.7901	0.19076	0.283962	0.901392
18	36.079	19.9315	-0.182472	-0.585751	1.00766
18	31.0976	22.5375	1.47789	0.927069	0.967808
18	32.3654	25.2299	0.557935	-0.271754	0.977735
18	36.5723	22.7742	1.2843	-0.618689	0.994967
18	32.8146	27.7668	-0.0945909	0.88105	0.995407
18	2.67126	16.7066	2.49422	0.8764	0.951372
18	36.279	25.8869	-1.58991	-0.0964506	1.15396
18	3.43195	14.3587	-0.109243	0.100292	0.933548
18	1.49314	21.4407	-0.112188	1.39672	1.12214
18	13.6273	15.897	-0.6603	-1.04876	1.0442
18	8.58663	19.4981	2.03037	0.375982	1.02204
18	8.39464	25.1302	-1.32339	1.14266	1.10016
18	13.6575	27.6986	0.9244	0.561195	0.92516
18	39.1524	35.5561	0.344285	-0.289876	1.01689
18	18.6356	11.1538	-1.24258	0.405399	0.98146
18	33.8239	18.4529	-0.881774	0.512051	1.14381
18	15.6037	19.2382	-0.381282	0.419259	1.1643
18	13.2207	25.4721	0.0116793	0.280365	1.16649
18	21.0036	19.2747	0.700507	0.188441	1.12889
18	18.4313	23.2278	0.508419	-0.842005	1.02822
18	10.959	18.5627	-0.60419	1.4482	0.882712
18	21.0587	22.9013	-0.910352	0.189085	1.12953
18	21.7101	14.0519	0.804068	1.28556	0.881478
18	16.3004	17.8336	-0.320577	-0.362038	0.929907
18	17.5707	16.3444	0.941278	-0.0674687	0.938823
18	23.5908	7.98174	1.10585	0.0883019	1.12928
18	26.6326	12.9288	1.65059	0.526417	1.08029
18	33.303	21.1118	1.74397	1.33033	1.14049
18	25.2839	28.8131	0.234055	2.45143	1.09221
18	1.86718	25.7167	-0.407007	-1.04409	1.00816
18	28.8027	19.1272	-0.540168	0.978206	0.884985
18	27.8674	16.725	0.423157	0.439612	1.04706
18	25.8814	17.4001	-0.911958	-1.87108	0.856262
18	24.3058	17.469	0.834707	-1.59402	1.07152
18	34.9708	27.5867	-0.0211739	0.912967	1.08441
18	31.5846	21.5861	0.508965	0.0211901	0.909356
18	37.4853	18.3079	-0.789074	-0.29421	0.944952
18	39.0758	19.1622	-0.0895464	0.0538831	1.0482
18	37.7924	23.0323	-0.672959	0.865693	0.983681
18	1.31979	22.9548	-0.313389	1.695	1.18314
18	3.81959	18.7158	0.509084	-0.319087	1.06702
18	5.01065	18.6596	0.344628	-0.549926	0.824006
18	9.64418	24.7758	-0.207819	0.481971	1.15925
18	14.0435	26.2527	0.75434	-0.208895	0.983577
18	4.60779	23.6629	1.28339	2.52766	1.06133
18	14.1341	24.3851	-1.8151	-1.53499	0.917036
18	11.85	19.4617	-0.256398	-1.132	1.135
18	9.41891	21.7407	0.17918	1.236	1.104
18	10.7108	22.0236	0.66764	0.529537	1.09227
18	19.9129	26.1397	-0.626427	-2.42368	0.882439
18	15.7446	21.0588	0.77457	0.712476	1.0202
18	18.5023	29.8232	-0.289891	-0.159018	1.12081
18	16.7939	24.5463	-0.36242	1.4129	1.12655
18	28.7653	23.1143	-0.500914	-1.20381	0.941696
18	21.1754	33.0913	-1.53187	-0.647765	1.06539
18	16.5017	16.6153	-0.679648	-0.0464299	0.873462
18	17.711	22.2394	-0.448958	-2.66925	0.929709
18	14.5075	35.662	-0.322617	2.21697	0.93615
18	19.3911	25.0704	-1.5043	0.117221	0.863807
18	14.5504	23.2771	1.26879	-0.908701	1.125
18	24.9805	13.8205	-0.467591	0.507813	0.832753
18	28.8112	32.0629	-0.280293	1.4258	0.82884
18	25.3341	19.1912	-1.806	0.108538	1.00967
18	28.7009	14.0461	0.255432	0.553821	0.912434
18	29.4439	13.0265	-0.420941	0.96742	0.897019
18	36.2927	27.118	-1.34548	0.752576	1.12667
18	36.36	20.9697	-0.152545	1.12696	1.08324
18	0.090702	15.3711	0.852709	1.27781	1.03485
18	6.80784	17.1108	0.7981	-1.22491	1.24276
18	0.0286387	19.9278	-0.465712	0.578029	1.12299
18	0.501831	17.6364	-0.39375	0.832385	0.994894
18	38.1417	15.8341	-1.34969	-0.108149	0.933465
18	4.37497	22.5211	0.149979	-1.37896	0.951556
18	37.0349	20.0672	-1.40385	-0.913427	0.841157
18	8.32389	21.792	1.00599	0.512081	0.995835
18	10.969	26.9725	0.102581	0.366273	1.11281
18	9.38076	20.5929	0.12671	1.70298	1.01335
18	5.9313	18.8829	0.595972	0.52678	0.916288
18	1.07163	32.0672	-0.731035	-1.12988	1.09607
18	7.05903	18.3858	0.167886	-1.27651	1.07224
18	10.6849	20.0232	0.132724	-1.22186	1.07308
18	10.4367	16.0179	0.493104	1.22114	0.958488
18	7.23881	20.9857	-1.04563	-1.40459	1.12881
18	7.7615	14.4831	1.02804	-0.925619	1.07562
18	16.8722	21.6338	-1.83839	0.122047	1.05157
18	11.417	25.325	-0.232115	0.737532	1.06381
18	26.3287	10.2407	1.60625	-0.410382	1.00464
18	26.5067	25.5599	0.534236	-1.74571	1.08725
18	22.3142	27.3175	-0.564847	-0.874094	0.904988
18	23.0778	17.3218	-2.12712	1.19296	0.985511
18	19.8487	23.8218	0.398687	-0.857589	1.10688
18	25.6809	27.6023	0.161988	-2.45991	0.951703
18	29.0937	22.2916	0.604567	1.1964	0.877738
18	22.2167	36.6268	-2.5084	1.40199	0.973233
18	29.552	31.2779	-1.1077	-0.803796	0.97848
18	29.2522	21.0998	-2.19533	0.0356711	0.922796
18	25.7614	22.6096	0.319314	-0.0184296	1.09906
18	28.2948	21.6732	-0.0650997	0.263387	1.05922
18	31.6547	16.5165	0.662005	-1.31731	0.989231
18	21.8161	13.0806	-0.0369076	-0.0369748	0.98957
18	34.19	23.7742	-0.420144	0.0344927	0.986011
18	3.35821	22.5781	1.6252	-0.0930556	0.958946
18	26.8549	22.3093	1.04637	0.933876	0.952873
18	3.72535	16.974	-0.0210499	-0.0176788	1.01559
18	38.7939	23.4425	0.62934	-0.514933	1.02325
18	39.4622	17.0738	0.450299	-0.362873	1.07003
18	5.67768	31.9495	0.453407	-0.90177	0.96405
18	10.1901	32.7338	0.608501	0.607561	0.994874
18	13.8776	20.3597	-0.0377809	0.0615073	0.940905
18	33.3851	26.5014	-1.39363	0.553236	0.859218
18	4.49743	28.2662	0.0734474	0.220263	1.11675
18	12.862	17.8527	0.278134	1.26343	1.06379
18	9.10555	28.6706	1.06503	-1.01327	1.03547
18	1.96726	24.0759	-0.445402	0.366638	0.904478
18	16.8727	26.1232	1.12647	-0.63399	1.03339
18	18.2953	25.7365	-0.243801	0.730504	1.00348
18	8.4933	26.279	1.04084	-0.554251	0.85245
18	16.0511	25.4167	-0.551221	-0.298814	0.981078
18	12.9222	34.497	-1.47444	1.95184	1.09934
18	17.6953	26.76	0.628449	-0.837526	0.929835
18	19.9682	33.1601	0.434999	-0.695026	0.973805
18	32.2745	28.5158	-0.956558	0.134007	0.787326
18	18.7778	24.3238	-0.57007	-1.04269	0.915032
18	9.36578	16.795	-0.104674	-0.113597	1.02309
18	32.8531	23.6716	-1.34979	-0.951428	0.985308
18	24.3711	16.4658	-1.40504	-2.15941	0.882345
18	20.3238	20.4653	0.363015	0.083169	1.06327
18	35.4205	23.1902	-1.18737	0.488093	1.12307
18	21.3039	31.5601	-0.825909	0.366716	1.05406
18	23.4203	23.1313	-1.54269	-0.234042	1.01469
18	30.5364	26.1539	-0.830524	0.691151	0.887268
18	30.8183	23.6642	0.751947	0.635862	1.10091
18	34.6144	34.2117	0.516907	1.82649	0.827478
18	20.732	28.8223	0.908544	0.535219	1.05527
18	27.8089	18.1872	0.477449	-1.36298	1.17781
18	37.469	21.5943	-0.186268	0.323018	1.04039
18	4.79664	32.415	-0.542106	-0.7368	1.02947
18	5.13697	31.1657	1.78884	0.960494	0.839922
18	2.46595	20.9047	-0.959929	0.99457	1.06345
18	16.0777	27.0124	0.69039	0.108126	0.998966
18	8.58248	22.9098	0.808015	0.378141	1.11453
18	4.58036	21.5565	0.711085	-0.719637	1.07335
18	15.587	12.6299	1.9163	1.11077	0.907825
18	6.37958	28.519	1.44554	-0.29526	1.20963
18	17.1133	34.673	-0.688812	-0.233408	1.06437
18	3.66798	27.2644	-0.102543	0.28406	1.07832
18	17.1617	27.6463	-0.396242	0.192105	1.07419
18	13.573	32.0884	-0.492238	0.969627	1.02344
18	17.9016	31.9572	0.115907	0.260687	1.07691
18	21.6124	21.841	-0.127446	-0.264425	1.01678
18	17.9791	34.1722	0.439091	0.098209	0.657501
18	7.71806	28.4601	1.22123	0.289739	1.17889
18	15.0344	26.6641	-1.60184	-1.11086	1.09755
18	24.8047	20.7828	0.42654	-0.711687	0.987402
18	24.3399	19.2398	0.304308	0.126037	0.922283
18	19.342	30.6135	-1.53676	-0.0452349	0.935093
18	16.6011	33.7963	-0.337003	0.106666	1.01199
18	19.8567	28.1295	-0.831662	0.475012	1.00627
18	23.7612	25.5565	0.836646	0.875784	0.956657
18	30.7794	35.3249	-0.541764	-1.08438	1.01182
18	28.7517	27.0224	-0.56488	-0.150103	0.968304
18	35.0831	29.9822	-0.547794	-1.22169	1.00962
18	25.1883	26.4183	-0.355674	0.39487	1.17263
18	26.0881	21.4014	-0.233579	0.376926	1.21871
18	33.6393	25.6471	-0.497789	-0.869951	0.930227
18	6.79099	35.3551	-0.165827	-1.5907	0.991463
18	33.8806	27.7594	-0.588801	-2.35039	0.944261
18	0.127112	24.4738	-0.751958	0.570273	1.01251
18	3.52613	25.8391	1.1124	0.737332	1.04949
18	30.2992	27.1347	-1.44471	1.24326	0.898944
18	30.7148	28.0986	0.464652	-0.635803	0.876482
18	27.6827	19.3827	-0.102026	-0.979267	0.887543
18	4.5571	17.7608	-0.0903043	2.07146	0.897621
18	39.9704	28.8546	0.586598	0.506161	1.17575
18	3.45247	21.6712	-0.889146	3.2238	0.856095
18	4.98733	1.20143	1.82331	0.310048	0.962523
18	7.002	26.9511	1.17839	-0.13222	0.906882
18	1.79821	34.4562	-0.277766	0.256018	1.04984
18	3.80043	31.5058	0.300614	-0.0645097	1.38703
18	2.33195	31.6484	0.871122	-0.877857	0.875627
18	9.02527	30.872	-1.49288	-0.0855003	0.970964
18	20.4653	24.9422	-0.799303	0.378756	1.13538
18	6.60188	29.7467	-1.79995	-2.40418	0.906234
18	9.25024	18.1316	1.09874	1.10039	0.96867
18	26.6382	23.5391	0.116867	-1.11071	1.05423
18	25.4495	31.91	-0.993054	0.0533396	1.07609
18	16.1906	29.7209	0.477527	2.12736	1.0294
18	21.0661	26.1824	0.539217	-0.786886	1.08023
18	15.1324	31.2822	-0.951603	-0.833761	1.02093
18	23.7231	21.8559	1.44861	-0.347616	1.21767
18	21.6638	20.3173	-1.22155	0.241004	1.09072
18	26.3349	29.49	1.79135	-0.100158	1.0895
18	29.7564	28.0365	0.207353	-0.73753	0.995604
18	1.5168	27.9961	-1.16824	0.633269	1.05881
18	16.2708	14.6619	-1.4898	0.812875	0.916603
18	30.5792	19.793	0.541604	-1.36696	0.970595
18	0.427	22.24	0.85932	-0.84131	0.902984
18	38.467	29.6752	0.799012	1.85962	0.988791
18	24.4375	30.0043	-0.386661	1.34587	1.03647
18	37.3097	29.973	1.21077	-0.579588	1.05155
18	37.04	24.9246	0.5017	-0.422747	0.9909
18	27.9971	31.1072	0.832842	1.11884	0.949671
18	0.90467	29.6204	0.47684	1.47466	0.954312
18	32.7306	21.9866	-0.700184	-0.919488	0.946967
18	0.505762	37.7236	1.7564	-0.202	1.02262
18	6.38418	0.900752	0.216062	-0.88536	0.90491
18	6.76102	37.6009	-0.517222	-0.0585247	1.02804
18	37.4685	27.3775	-0.751193	-0.801902	0.909534
18	11.1836	38.5107	-0.0934395	-1.33676	1.17336
18	11.9897	24.0355	1.33514	1.04441	1.07297
18	7.62571	23.5983	1.5636	-0.415576	1.03892
18	21.8719	38.114	-1.507	-1.0558	1.02168
18	4.49768	19.5802	-0.965707	-1.32213	0.877559
18	16.1434	31.3822	-0.297839	0.403267	1.10314
18	15.0894	27.9076	-0.42158	-0.208209	0.953048
18	23.9472	26.7874	-0.968946	-1.21214	1.11905
18	15.973	38.6156	-1.80948	-1.12234	0.948019
18	15.7348	33.1861	-0.437953	1.09356	0.953359
18	22.7534	31.8856	0.585453	-0.856002	0.881806
18	17.4756	33.1	-1.6033	-0.667699	0.958569
18	24.5808	32.5523	-0.26604	0.207118	0.868608
18	15.4157	34.2777	1.48829	0.0648105	1.03496
18	20.4076	27.0492	-1.55649	-0.952714	0.848648
18	24.3072	31.1978	1.26579	-0.208315	0.90867
18	22.8471	35.8864	0.28012	1.54149	0.978004
18	26.3242	36.1024	0.038871	0.0783277	0.972369
18	30.0391	30.3388	0.679835	-0.743449	1.04646
18	32.3581	26.4322	-0.9851	0.80808	1.03183
18	31.0496	31.3943	1.23353	-0.570209	1.13415
18	3.32088	23.6131	0.414935	0.587911	0.967244
18	39.0655	21.2046	-0.318981	0.56618	0.95787
18	39.4525	31.2538	0.0496239	1.61343	0.683338
18	32.4513	29.657	-0.273867	-0.766619	0.917518
18	34.3995	28.9183	1.08412	0.216752	1.07866
18	0.539662	30.6148	-1.01833	-0.380533	0.912687
18	39.8589	36.8269	-0.34877	-0.660664	1.01274
18	32.7502	31.4748	0.710413	-0.0133875	1.23003
18	8.68663	34.4393	0.398924	-0.809909	0.984129
18	2.70778	25.0774	-1.79888	0.860998	1.08388
18	39.5968	39.7775	1.00933	1.84616	1.08099
18	2.72623	39.1693	0.970829	0.641674	1.03715
18	39.9427	26.5801	-0.84381	-0.671547	0.977865
18	12.0315	30.3129	-0.845249	-1.67205	0.939672
18	21.9392	23.7718	0.15261	0.405973	1.05864
18	2.64436	26.306	-0.804392	0.195462	0.936801
18	12.3835	31.7332	0.259036	-0.824527	1.00744
18	24.3072	24.352	0.328442	0.366536	1.14662
18	14.2753	28.4923	-1.9031	0.861612	1.0112
18	18.9877	34.1723	-0.916447	-0.173493	1.03869
18	12.3122	35.5066	0.785148	0.108128	1.16802
18	22.465	24.9822	0.702393	-0.166372	0.935849
18	22.0158	3.88571	-1.33889	1.02844	1.0979
18	13.5431	35.6592	0.992169	-0.45472	0.957758
18	17.6487	37.5456	0.540353	-0.764208	0.754984
18	15.4914	35.5883	-1.21492	0.724999	1.01529
18	21.1122	39.7536	0.272814	1.63883	0.954975
18	22.1447	19.1746	-0.917412	-1.22346	0.92256
18	26.9003	30.8213	1.88196	1.76133	1.07079
18	30.0586	29.1718	-0.436164	0.517971	0.986661
18	26.6139	33.8704	-0.830571	0.916042	1.00487
18	36.4978	38.7563	-1.04739	-1.69076	1.13105
18	38.6558	36.9808	1.15406	-0.507604	0.897915
18	33.2827	19.7035	-0.330662	-1.00657	0.970593
18	34.7955	25.8608	0.905035	-0.0880273	1.13756
18	35.3523	24.8265	0.429511	-0.592714	0.978948
18	1.88258	29.2119	0.234343	1.23153	0.812844
18	31.3781	26.8072	0.0984868	0.496745	0.902719
18	30.383	32.1337	0.367643	1.37981	0.852532
18	5.00449	29.1957	0.137391	1.33892	0.942445
18	4.62058	25.7002	0.793415	1.03647	1.06955
18	34.8825	32.6908	-1.41386	1.61213	0.972498
18	5.50058	22.3637	0.593085	0.324139	1.04494
18	35.5559	34.2826	0.324544	-2.17462	0.914691
18	37.745	26.3947	-0.385887	-0.778966	0.932613
18	8.80487	23.9936	-0.23581	-0.591478	1.05664
18	11.8353	37.4779	0.317842	-0.729741	0.955718
18	5.54956	30.2271	-0.563029	1.39377	1.03439
18	7.41073	25.9118	-0.598266	-0.241893	1.10849
18	18.1093	28.7794	-2.03682	-0.97967	0.949986
18	15.6806	23.3449	-0.317277	1.23355	0.890232
18	14.5511	33.3123	-0.604731	0.932946	0.867628
18	8.89245	27.6023	1.72	0.184288	0.978675
18	21.131	34.1493	1.25032	0.753899	1.026
18	31.4088	3.43505	1.74552	-0.780156	1.08337
18	23.8268	33.5169	1.3363	1.01819	1.08619
18	20.8091	38.257	-1.46433	-0.237877	1.0097
18	16.6894	36.1073	-0.939408	1.10791	1.17454
18	27.5269	33.1985	0.440143	0.145364	1.0171
18	12.6101	28.1823	0.122171	-0.374774	0.964068
18	25.4821	24.6591	1.1497	-0.901283	0.898918
18	27.7262	29.9646	0.7656	0.607003	0.918085
18	19.9198	29.5411	-0.874444	0.657505	0.946318
18	29.4924	25.9246	-1.67327	-0.6143	1.11065
18	34.1692	39.5808	-0.684294	-0.563469	1.05132
18	33.7164	22.6509	0.873325	0.0345003	1.07754
18	32.2563	20.7106	-0.389231	0.898857	1.0575
18	33.362	28.8469	0.389913	0.309436	1.03775
18	31.7552	30.5251	-0.132032	-1.40375	0.935274
18	23.4663	18.4072	0.284055	0.224225	1.14903
18	0.312697	32.7135	1.03364	1.24958	0.875744
18	28.9723	33.9723	-2.0092	1.77079	0.980216
18	10.7106	28.0273	0.888082	0.968464	0.997946
18	3.8574	34.7498	-0.0969512	0.244949	0.956637
18	3.31176	28.1906	0.107884	-2.26579	0.85566
18	8.43699	7.81098	0.0975985	0.687096	0.83691
18	9.44801	38.1516	-1.01023	0.455576	1.00107
18	5.26565	24.6799	1.07502	-0.119032	1.0346
18	3.94515	5.40795	0.121348	1.60096	1.02166
18	8.2194	6.97356	-0.155994	0.668239	0.92723
18	11.5797	20.9155	0.196072	1.17655	1.07261
18	16.1524	28.1952	1.68165	1.47602	1.13526
18	10.7048	35.4924	0.242831	1.02632	1.02498
18	13.1763	4.15582	1.417	0.5292	0.957029
18	12.9893	30.897	-0.278239	-1.51309	1.08983
18	9.01568	29.7094	0.750326	-0.507091	1.02311
18	12.4093	1.01326	0.67156	-1.67321	1.00183
18	13.1846	29.7799	-1.65068	0.788564	1.0354
18	12.2944	33.2969	0.194262	0.31604	1.08902
18	27.5751	25.1282	0.191161	-0.791923	1.06525
18	20.9203	4.24269	0.345064	-0.217317	0.943208
18	16.9205	28.9146	1.19481	-0.810346	0.856898
18	1.76401	30.3272	-0.0591559	-0.741584	0.861361
18	29.1032	24.2593	-1.78776	2.03861	1.00661
18	22.9912	26.153	-0.288411	-0.877031	0.949876
18	22.1948	34.5336	-0.712099	-0.738304	0.905565
18	33.9877	32.2167	-1.19944	-0.531495	0.974634
18	35.91	5.0895	0.491176	-0.0428169	1.06793
18	34.8348	38.1637	0.493989	-0.168064	0.970194
18	37.3969	37.9763	1.29255	-0.0121702	0.986903
18	30.2376	24.8724	0.989435	-0.515434	1.09479
18	27.3656	26.2507	1.74349	1.01794	1.06057
18	36.759	2.15092	-1.57632	-0.899542	0.875089
18	38.4269	31.1721	0.73845	-0.741896	1.20433
18	26.1904	34.9154	0.560436	0.561402	1.09896
18	6.26962	21.5393	1.65473	0.474627	0.971233
18	2.47827	27.6049	1.32482	0.497314	0.995458
18	5.5764	38.589	-0.791946	0.0101547	0.908455
18	6.98587	0.0494481	0.627519	-0.0798765	0.897644
18	9.68907	34.933	0.521662	-0.593247	1.06273
18	10.1267	30.4254	-0.453966	1.78583	1.18546
18	2.21876	36.2735	-0.3023	-0.269113	1.01109
18	4.7783	37.916	-0.213107	1.06213	1.04744
18	22.9618	28.0433	0.313665	-0.96166	0.962787
18	36.2156	29.4252	0.465733	-0.214857	1.13878
18	15.0387	36.7239	-1.35977	1.20905	1.0573
18	14.4874	29.5532	1.11656	-0.83309	1.07618
18	18.6358	27.7945	-0.0814166	2.11322	1.00509
18	11.203	33.0169	-1.18155	-0.140691	0.887721
18	15.0402	2.66352	1.33248	-0.312957	0.920194
18	17.7433	1.49088	0.764094	0.386681	1.11929
18	27.313	37.0979	-0.633721	-1.1574	0.991367
18	19.1731	39.4945	-0.222577	-0.780378	1.092
18	30.3903	33.3112	0.422578	0.964392	0.977985
18	30.8707	36.6342	0.563232	-0.21361	1.00606
18	24.6527	23.124	0.21914	-1.01476	1.18814
18	28.9481	29.0784	0.119661	-0.505855	1.0004
18	34.3137	31.0331	-0.806331	0.497197	1.07715
18	0.512563	33.8834	-0.0444567	-0.141121	0.943983
18	18.6503	33.0019	0.10747	-0.750792	1.11295
18	23.4978	29.2317	1.35212	-2.10878	1.17036
18	27.1958	27.6368	1.50736	-0.00263923	1.06997
18	32.6075	33.9692	0.688531	-0.000692777	0.951949
18	30.2226	21.5087	0.177549	0.0203633	1.16375
18	35.0126	35.1362	0.0460271	-2.82864	0.973649
18	31.9148	38.0216	1.62782	0.56872	1.22913
18	2.73735	5.53059	-0.680463	0.991349	0.957514
18	36.9603	23.679	0.569715	2.31555	0.831235
18	6.26154	32.9216	-0.388364	-0.28174	0.86062
18	3.82807	35.8469	-0.447969	0.144737	1.09369
18	31.9022	35.7512	1.01752	-1.45019	1.02364
18	29.477	36.7837	-1.26008	0.684508	1.0726
18	2.91304	32.6319	1.32613	1.48614	0.988589
18	3.71771	33.3225	0.620314	-0.426646	1.06477
18	10.7744	33.9961	0.124833	1.37994	0.771194
18	12.5377	36.667	-0.399899	0.798607	0.981508
18	8.32291	32.4539	-0.0926592	-0.865504	1.10792
18	24.6885	25.4483	-1.63071	1.38951	0.896306
18	13.6104	36.7998	0.29026	0.338446	1.12393
18	17.9017	36.6575	-0.0267162	-0.169969	0.996433
18	22.3109	29.8932	0.100696	0.386265	1.25186
18	8.0372	29.7278	0.583614	0.121528	0.946438
18	16.5178	3.67104	1.33314	-0.819643	1.00693
18	17.2161	29.7966	1.78222	0.717955	0.867159
18	30.0806	4.73129	0.125077	-0.734996	0.9394
18	26.3333	26.7428	0.664437	-0.00358211	1.00997
18	20.1951	36.7441	0.514692	0.341683	1.04254
18	23.9182	35.5661	0.173828	0.998108	0.924871
18	32.1891	4.32779	-0.418405	0.241966	1.01489
18	20.3743	31.0779	2.119	2.11637	0.834544
18	31.5173	34.4059	-0.394741	0.107119	0.920987
18	35.0153	37.1066	-0.0956175	0.0402924	0.916462
18	17.3375	17.4213	2.64531	2.06001	0.999718
18	23.7483	32.0485	0.163884	-0.165339	0.962089
18	22.4015	33.5417	0.0651577	-1.45219	1.07259
18	30.2318	0.814444	-0.00379479	0.181079	0.862297
18	28.0916	24.1441	0.414188	0.5033	1.04291
18	26.8202	1.06632	-2.16306	-0.451614	1.04689
18	31.9475	39.3365	1.33804	0.938511	0.829545
18	39.5437	29.9122	-0.36203	-1.70872	0.964022
18	33.623	33.5045	0.0611614	-0.150688	1.0539
18	2.81302	30.6398	-1.17544	1.03906	1.10701
18	3.21692	1.9192	0.00229258	-2.49516	0.906435
18	39.0222	38.7175	-1.41217	-0.706508	0.963527
18	5.9778	27.1057	-0.516407	0.0628144	1.04972
18	9.84143	36.2046	-0.69038	0.178191	0.976859
18	38.6445	27.0124	-0.869783	-1.15666	0.865485
18	11.916	2.63657	1.10785	-0.689074	1.01793
18	10.6032	37.4852	0.949269	0.88695	1.09418
18	18.871	37.0472	-0.633378	-0.834802	1.01573
18	23.3291	2.20411	-0.601332	-0.772161	0.94182
18	10.2294	29.2387	-0.511185	0.326577	0.928245
18	13.2246	2.79449	-0.469411	0.076376	0.947174
18	18.017	35.184	-0.0408525	-0.0651233	0.970742
18	16.0226	37.1022	-0.572083	-0.0682866	0.958173
18	14.1275	34.5588	-0.919862	0.817496	1.05787
18	14.9075	37.7926	-0.228631	0.612278	0.999357
18	23.112	32.7995	0.742901	0.121268	0.874998
18	22.7018	6.0199	0.463512	-0.562561	0.90787
18	26.2194	37.22	0.123818	0.0757883	0.810987
18	27.0234	32.0417	-0.73797	0.649948	1.31115
18	21.3902	27.6367	2.05313	-0.639395	1.07389
18	29.2306	0.281675	-0.290692	-0.187525	0.984738
18	24.4988	36.2605	-1.74051	-1.89452	0.841995
18	27.5274	35.6581	-1.04403	1.03777	1.07683
18	24.9438	21.9781	-0.797946	1.26061	0.754633
18	28.6846	30.313	-0.493463	0.984316	0.939505
18	28.0858	1.9975	0.501778	-0.517479	1.00663
18	29.2045	39.0283	0.0564643	0.685413	1.06184
18	33.2655	3.06268	0.571597	-0.431312	1.04467
18	0.0218945	1.14864	1.55826	-1.48642	1.05081
18	37.9298	3.99233	0.210823	-1.68846	1.03991
18	3.63665	38.3547	1.09368	0.900903	1.12965
18	0.176675	38.8745	0.635972	0.592662	0.961272
18	5.00285	0.00106429	0.84516	-0.0513014	1.07878
18	33.4236	35.3336	0.944383	-0.761125	0.992426
18	39.5023	33.3355	-0.408359	-0.441325	1.01433
18	35.9727	30.5146	-1.019	-0.965208	1.00942
18	1.55398	4.21235	1.1209	0.445007	1.01909
18	2.04115	33.2729	-1.99646	1.43835	1.03301
18	8.68715	39.003	-0.990436	-0.130103	0.95529
18	2.905	34.5733	-0.559171	-0.607842	0.869293
18	10.9269	39.6974	0.0208903	-0.862559	0.989064
18	7.50386	39.041	0.41481	1.81754	1.11128
18	11.453	34.7985	0.0123182	-0.63322	0.986113
18	19.6609	37.9976	-0.103596	0.158879	1.05817
18	10.1935	7.04061	-1.51598	-0.0876084	0.94755
18	31.1722	4.75068	1.31734	1.27945	1.06177
18	29.0398	2.7907	0.426647	0.941168	1.06565
18	25.5305	34.1648	-2.62786	-1.16947	0.871509
18	31.4936	2.22669	0.852703	1.03288	1.10119
18	25.8521	38.9315	0.318723	0.974838	0.952636
18	37.5892	28.8912	-1.37722	-0.969581	1.06296
18	25.5345	32.9477	-0.0432562	-1.14741	0.95659
18	28.281	36.5867	0.383648	1.03657	0.999888
18	1.31457	6.82119	1.76965	-1.23046	1.13493
18	33.5587	37.2911	-1.19941	-2.30752	0.909899
18	23.9416	37.1871	-0.566763	0.495278	0.876859
18	39.4979	34.5839	-0.998132	-1.05953	0.965244
18	39.3081	27.7855	-0.112189	-0.0896796	0.91018
18	27.8946	0.82035	-0.434505	-0.541408	0.942904
18	30.2424	1.76809	0.00222413	0.11057	0.94048
18	38.2304	32.811	0.952136	0.434712	1.03991
18	38.5476	34.1188	-0.924025	-0.0437622	1.00405
18	5.30628	5.546	1.26599	1.29172	0.930221
18	0.790769	35.0235	1.08269	1.41202	1.11385
18	1.27048	1.96768	0.673802	-0.66597	0.947616
18	8.48898	2.19301	0.387861	0.263318	1.04578
18	7.91096	5.98997	0.0924722	0.811592	0.954146
18	4.76777	33.9036	-0.279949	-0.985356	1.04381
18	6.55969	38.6168	1.44539	-0.356875	0.844592
18	11.2741	0.795967	0.663646	0.534248	1.05415
18	6.47407	36.5737	1.10324	-0.277774	0.792411
18	6.28437	31.0314	-0.00880518	-0.334232	1.0835
18	10.105	39.0514	3.5157	0.121158	1.03714
18	1.17539	26.5872	-1.66429	-2.38385	1.1377
18	14.1538	30.6568	-0.720205	-0.353904	1.02658
18	11.2842	29.5068	1.62819	0.725619	1.01609
18	10.2732	6.04761	1.79809	-1.6121	1.01858
18	35.9378	3.50997	0.274856	1.24841	1.09509
18	6.90838	24.6879	0.208671	0.357285	0.782251
18	15.2594	30.3254	0.380829	0.174977	0.944361
18	12.5376	38.587	0.161029	1.61229	1.19502
18	30.9544	5.83789	0.0379904	-1.68369	1.00351
18	25.251	30.7438	-0.495102	1.26182	0.998294
18	33.9431	9.39623	-0.122893	0.917253	0.844767
18	19.1	31.6799	-0.935559	0.759984	1.06466
18	30.3077	34.3581	-1.62606	0.445413	0.971931
18	19.809	0.389126	-0.334605	0.864924	0.9658
18	16.9184	38.0136	-2.49561	-0.39607	0.968445
18	36.0099	33.2765	-1.29519	0.614358	1.25072
18	33.2419	38.5481	0.382975	-0.0661656	0.876619
18	32.9616	39.7844	-1.24408	-0.642143	0.933907
18	25.8234	0.129756	-0.0815207	-0.571807	1.19391
18	1.39536	0.961834	0.0908383	0.259133	0.978201
18	32.4528	32.8606	-0.968406	-0.625728	1.01452
18	2.41292	21.9724	1.4603	-0.601194	1.03803
18	26.7998	39.2584	0.614473	-0.244755	0.84063
18	38.725	28.7708	-0.604566	1.64269	1.00818
18	36.3967	28.2227	0.446008	0.246984	0.996256
18	0.929189	36.5936	-0.083121	-1.36104	1.09528
