14	34.5765	30.8583	0.856623	-0.514785	1.05287
14	33.4432	29.0992	-1.60103	-0.940885	0.947479
14	36.5163	37.4784	0.302437	0.761295	0.939138
14	34.811	1.44763	0.615556	-0.395319	1.25706
14	8.87353	37.1172	0.460523	-0.536464	1.07633
14	37.5542	37.4435	-0.850754	1.27927	0.97114
14	8.24356	1.50342	2.33167	-0.857233	1.05532
14	14.0945	11.0108	0.367741	2.53744	1.07242
14	13.0804	3.44207	-0.605852	-0.347367	1.026
14	8.45436	2.74072	-0.773856	1.72074	0.976391
14	13.586	37.4035	-1.37252	-1.53819	1.01192
14	6.33063	3.1566	-0.615533	0.97073	1.18542
14	20.176	35.858	-0.95557	-0.59656	0.975637
14	25.0593	33.3613	0.0409543	-0.655997	0.92656
14	14.2587	29.6339	-0.530402	0.457093	0.976662
14	15.7628	38.6049	-0.115145	1.01936	0.975364
14	3.43157	31.9134	0.72147	0.761162	0.997112
14	12.1195	31.3278	0.76714	-0.188279	1.02598
14	26.127	7.52238	0.577678	-0.104471	1.24916
14	33.4944	7.05231	0.238437	-1.82582	1.11083
14	21.129	35.2848	-2.03694	-1.3308	1.16011
14	31.0976	7.40945	0.880801	-0.404788	1.15204
14	21.2126	30.599	-0.918892	-0.49527	1.04785
14	34.4405	2.52107	0.428281	0.911445	0.902038
14	31.7946	1.05445	-0.238747	-1.16642	0.795111
14	28.199	38.1045	0.194608	-0.151833	0.931817
14	2.40579	1.3035	0.795367	-0.378088	1.01436
14	39.5495	15.734	-0.0248935	-0.498757	0.94092
14	32.6243	38.7325	-0.179088	-0.726692	1.06321
14	3.59817	10.5378	-0.975146	-0.491334	1.05918
14	7.05272	11.5747	-0.046853	-0.625835	0.809015
14	7.90487	15.3764	-0.474079	-1.64303	1.01917
14	2.66612	5.7716	0.375434	0.746842	1.03724
14	5.40504	0.860338	-0.51977	0.499209	1.06177
14	5.78002	38.4336	2.20294	0.653053	0.885971
14	39.1215	2.33581	0.652685	1.55884	1.01255
14	4.62369	10.6381	-2.11886	0.493797	0.843364
14	3.15197	36.6723	-0.1838	0.588387	0.977559
14	3.46931	0.992014	-0.262804	-1.56617	0.965938
14	13.874	4.39707	0.0664544	0.331171	1.04249
14	7.91816	4.64344	1.23013	-0.713711	1.05394
14	9.99464	34.4204	0.457272	0.0622294	1.04389
14	39.634	31.5886	-1.35652	-0.664038	0.849696
14	12.1046	4.8544	-0.193598	1.06445	1.15581
14	15.0122	0.57726	1.52261	0.265978	0.909238
14	11.3574	3.73501	0.829126	-0.154538	0.895328
14	8.40003	35.2105	-0.955439	0.596484	0.92336
14	21.1998	5.78184	0.167583	-0.270222	0.976647
14	32.2945	6.60208	1.10598	-0.728946	0.960469
14	31.2364	6.13058	0.857462	0.271037	1.01579
14	15.7133	3.34392	-0.761944	-0.142613	0.904588
14	11.6051	33.4392	-0.779419	0.623766	0.905845
14	22.2953	10.1433	-0.890324	1.23625	1.16905
14	32.0893	3.99285	0.991339	-0.896955	1.07773
14	31.3081	36.7192	-1.37237	-0.00436031	1.05068
14	27.0901	9.5934	0.831536	-1.79931	1.07555
14	30.1803	39.951	-0.0637622	0.060069	0.854925
14	25.9898	37.9389	-1.54001	0.185263	0.992584
14	32.6473	1.38216	0.772342	0.955811	0.978369
14	37.3865	8.26791	0.794706	0.830088	1.16716
14	0.777849	2.03495	-0.255536	-1.19955	1.06387
14	32.2116	0.133086	-0.566477	0.650523	0.994022
14	37.2503	11.0262	0.581074	-1.21504	0.952121
14	7.35688	6.2793	-0.146958	0.165823	1.02988
14	11.5364	5.80329	-0.294257	-4.73769	0.834598
14	36.4851	34.9942	-0.416672	0.801685	1.14275
14	1.58536	39.2876	0.28033	1.55981	1.06822
14	36.8978	39.9622	-0.444089	1.10526	1.14714
14	17.0667	9.32192	2.46193	0.880151	0.808892
14	35.37	37.6574	-0.109288	-0.773012	1.09979
14	37.8752	7.06487	0.881731	0.394069	0.957236
14	9.95772	8.57892	-0.761537	-0.327724	0.945794
14	7.83293	33.6197	-1.08475	1.01861	1.13334
14	11.5477	10.0673	-1.03049	-1.21191	0.96705
14	4.30715	1.71046	0.894461	-0.922618	1.02799
14	4.31232	13.4725	-1.44833	-1.38964	1.00098
14	10.4954	4.27296	-1.45926	1.82783	0.924032
14	15.6765	37.3722	0.247339	1.37411	1.12374
14	17.6496	4.18045	-1.82891	1.61311	1.04784
14	19.0766	8.3619	-0.271195	-0.343159	0.899323
14	7.6107	3.37245	-0.214203	0.0739447	0.926327
14	34.877	3.4491	0.224948	-0.507806	0.998632
14	27.3466	2.85255	-0.881783	0.310697	1.00461
14	26.4497	3.38455	-1.36206	0.0431762	1.19149
14	30.4895	1.10435	-0.451287	1.02834	0.889748
14	26.4913	2.1251	0.812378	1.58833	1.10798
14	31.7347	8.35562	0.787664	0.0158418	0.926953
14	37.1898	15.401	1.00778	-1.16873	0.987513
14	20.9054	6.80113	0.979214	-0.441886	1.03163
14	33.0758	36.6019	1.48269	0.613341	1.12402
14	34.8735	7.53924	0.402692	-0.592472	0.951236
14	38.0142	5.80814	0.539325	-0.598929	0.953273
14	24.081	35.4575	-1.29944	0.266016	0.989545
14	5.69833	8.61022	0.4526	-0.981241	1.13406
14	7.27014	1.01231	0.284394	-0.177165	1.00139
14	38.69	9.21424	2.03673	-0.282517	0.877926
14	3.55321	3.24189	-0.0910548	0.891672	0.937331
14	35.8525	34.0963	0.971348	-1.49328	1.15401
14	19.0129	5.50906	0.59741	0.184486	1.05234
14	10.0274	10.5082	-0.453313	-0.232676	0.83217
14	0.273909	3.12879	0.0916637	0.333744	1.11106
14	3.80547	6.39314	-1.69267	0.458427	1.07911
14	2.64616	7.15225	-0.591828	0.469978	0.980132
14	2.65055	39.7942	1.23254	2.32133	1.17847
14	3.5124	38.8754	0.571071	1.34615	0.968647
14	3.88767	12.5289	1.47243	-0.38803	0.910589
14	38.5395	38.691	-2.18569	-1.994	1.2101
14	10.9929	8.55539	-0.658197	0.562497	1.02193
14	11.4184	7.4555	1.17745	-1.16612	0.908248
14	15.4702	5.59079	0.998048	-2.59082	0.982876
14	11.9271	6.73683	-0.310204	-0.555184	0.797761
14	13.4478	38.6176	0.424093	0.00872023	1.06506
14	15.7857	32.2528	0.743666	-1.89632	0.772408
14	22.8634	8.53604	-0.265788	-0.239	0.948526
14	23.358	36.8573	-0.750173	-0.554031	0.954032
14	13.9599	1.80962	-0.168661	-1.21178	1.0871
14	33.3266	5.7395	-0.114008	-0.729965	0.828045
14	24.3729	7.52747	1.70204	0.780376	0.966907
14	24.5927	9.61347	0.735997	-0.032057	1.04529
14	23.0832	4.22029	0.55829	0.44503	1.161
14	32.8205	2.85846	0.347962	0.562304	1.06128
14	25.2649	11.8882	-0.589293	-0.167111	0.928709
14	36.531	11.6999	0.267263	1.93087	0.966148
14	30.3631	8.39387	1.6889	2.27974	1.11228
14	35.7287	0.23712	0.523901	0.770122	1.09961
14	29.0104	6.52767	0.539084	-0.453095	1.00023
14	36.5994	5.34395	0.735735	-0.503342	0.939589
14	37.1639	2.13267	-0.0160306	-1.72734	1.00976
14	0.672718	4.51655	-0.475905	-1.46658	0.861294
14	39.6026	11.9861	1.00513	0.780771	1.0142
14	35.7161	12.5969	0.429833	-0.693793	1.03877
14	13.1364	8.66527	-0.0246482	1.07865	1.10492
14	8.06147	32.4105	0.19518	1.30897	0.890209
14	39.5876	5.2819	0.133896	1.06464	1.05727
14	1.18504	13.7475	-1.25301	0.601176	1.03069
14	13.7562	6.34092	-1.18726	0.331273	0.950758
14	12.0275	9.01388	0.164891	1.2321	1.03849
14	8.53885	8.69319	0.331623	0.289841	0.983774
14	6.80752	39.6723	2.26925	0.202233	0.904413
14	7.10022	28.557	-0.50242	0.343362	0.875078
14	12.5293	7.52991	0.806225	1.18633	1.04267
14	30.8087	34.4471	-2.65354	0.778521	0.934138
14	10.5746	1.99311	-0.292288	1.50379	1.05154
14	6.24761	32.2385	-0.572021	0.765962	1.08291
14	11.6832	0.383506	0.408725	0.907455	1.14691
14	33.2534	4.50393	1.01933	0.78076	1.05957
14	8.08576	0.402145	1.1942	0.302797	0.937754
14	25.7539	5.28147	0.0111442	-1.08173	0.956706
14	24.7869	0.382995	1.00459	-0.0635931	1.03943
14	32.1778	5.4044	0.138268	1.96934	1.03425
14	17.3016	0.330113	2.2825	-1.57535	0.968696
14	27.6935	36.6896	2.25564	1.68935	0.976431
14	28.9421	1.56554	-0.164402	1.5946	0.969879
14	26.1508	0.981354	0.129794	0.781437	1.0033
14	23.8718	3.55536	-1.35455	-1.19136	0.988273
14	27.0545	6.92869	1.63738	-1.52696	0.90043
14	28.3835	35.7328	0.128894	0.957148	1.08115
14	33.8597	8.31741	0.831946	0.0917128	1.10996
14	36.3622	8.86939	-0.0395014	0.759208	0.921734
14	27.1245	38.4199	2.5338	-0.407371	1.00798
14	24.5265	28.2142	0.544143	-0.473385	0.862318
14	21.9641	7.70037	0.682765	1.39027	0.970769
14	35.4679	6.77152	0.307485	-0.637102	0.891255
14	6.9789	38.6955	0.358238	1.55632	1.10178
14	39.2613	10.2248	-0.567652	0.0424185	0.849497
14	0.497818	10.2739	0.86025	0.477619	0.964389
14	2.59683	8.65443	-0.535728	0.413106	1.10296
14	8.09044	12.1555	0.0216541	-0.845837	1.24608
14	6.69274	4.50343	0.0768427	-0.31597	0.894324
14	6.50588	5.4593	-1.48032	-1.26112	1.04002
14	1.60217	7.6573	0.954466	1.85606	1.05541
14	1.58429	2.84176	-0.59742	-0.9399	1.00049
14	16.221	1.1011	0.640746	-0.851822	1.04691
14	16.4086	4.66779	0.38914	-0.281296	1.02162
14	22.6262	6.45284	0.180597	0.112887	0.944313
14	5.1025	5.92289	0.0529753	-1.18969	0.894753
14	15.4589	17.6773	-0.562875	0.965734	1.00366
14	20.3366	15.7236	0.991566	2.03522	0.999687
14	18.7718	10.8272	-0.29531	1.95882	1.02454
14	4.88346	39.8398	0.120499	0.366948	0.92108
14	20.977	7.82654	1.08925	-0.598876	0.986509
14	19.2142	1.61847	0.166174	0.150324	0.912131
14	25.9046	9.1439	0.0553971	-1.45644	0.968554
14	30.381	9.70918	1.35191	0.141623	1.0591
14	22.9612	0.656242	-1.02781	-0.820655	1.07249
14	29.904	22.0717	0.368326	0.0400375	0.926529
14	39.6169	13.0367	-1.63257	0.276776	0.868034
14	35.0434	8.57194	0.182891	-0.757883	0.960466
14	23.9918	13.3348	0.589914	1.07462	1.13284
14	35.9735	7.83202	-1.01131	0.740762	1.16335
14	25.926	13.8702	-0.115463	0.666056	0.833039
14	37.5924	13.1355	0.352176	0.256503	0.759895
14	35.9905	36.5064	-0.368412	-1.29334	1.16971
14	29.0305	37.2385	0.543058	1.10065	1.12323
14	31.336	11.8797	0.470608	0.353616	1.02474
14	38.0634	4.66204	-0.382733	-0.33986	1.02669
14	36.3182	9.98574	0.667299	1.77282	1.14343
14	37.2747	3.29712	-1.22574	-0.977283	1.08101
14	0.585947	12.9079	0.71037	0.0402472	0.800965
14	2.55546	9.93844	2.37256	-0.0159709	1.10481
14	30.685	16.1343	0.827146	-1.91479	1.05833
14	11.7539	11.7885	-1.42691	-0.630204	0.922586
14	18.766	7.2848	1.47681	0.204362	1.08892
14	9.92676	11.5309	0.0296655	-1.25402	1.0121
14	5.75421	4.26807	0.609387	-0.852213	0.92865
14	12.7075	36.6229	1.75673	0.925307	0.94102
14	1.98656	17.0861	0.139339	-0.819095	1.15832
14	9.19374	0.767185	0.428972	-1.14064	1.08352
14	5.00414	2.48025	-0.0523215	-0.639683	0.819986
14	11.9695	2.97335	0.388929	0.351722	1.10243
14	23.9228	4.98796	0.104552	0.573142	0.916297
14	22.6725	2.93101	-0.456543	-0.067455	0.998895
14	14.944	4.59567	0.544445	1.38799	1.06713
14	25.1222	3.20799	0.229943	0.117504	1.14424
14	16.6116	8.35894	1.22773	-0.364212	1.15085
14	23.9386	8.62495	1.23159	-0.0683923	1.09502
14	28.1576	13.6221	1.11408	-0.0902666	0.959073
14	21.7074	8.88463	-0.457376	-0.747046	1.03552
14	27.7535	3.97134	-0.0524639	-1.7937	1.1048
14	23.6014	39.7925	0.123625	0.039678	1.02167
14	16.8277	10.8974	-0.602346	-0.165568	1.02129
14	27.1663	5.97015	-0.781774	-1.18504	1.0764
14	34.1859	5.31205	0.551596	-0.387697	1.06753
14	39.1003	18.1446	0.963615	-0.450709	0.819467
14	34.3407	13.5045	-0.87179	-0.0196439	0.909768
14	4.7787	3.42103	0.15732	-0.205535	0.946268
14	35.9661	1.97083	1.29649	-1.70356	1.04509
14	33.7285	15.9853	-0.718027	0.0382176	1.06482
14	26.0994	11.0971	-0.380062	-1.94979	0.954411
14	0.715144	12.0289	0.527439	0.772696	0.909098
14	39.7968	7.63037	0.853523	1.37175	1.10945
14	38.4799	12.8126	0.825749	-0.0396446	1.04822
14	34.7463	12.7075	0.0372763	-1.07994	0.787519
14	1.30383	5.30177	0.402815	-1.90967	1.18516
14	4.01842	11.6651	-0.809662	0.199034	0.835288
14	10.8618	6.53516	-1.16797	-0.163436	0.925506
14	5.13653	7.32463	0.83472	0.570089	1.01144
14	15.4061	12.7879	1.18688	0.623237	0.673106
14	9.48225	6.99122	-1.19947	0.512763	0.954705
14	23.9401	1.00817	-0.336173	0.13467	0.911092
14	14.2355	7.27605	-0.891686	-1.75058	0.912556
14	19.9266	7.34757	-0.354112	0.0593743	1.11182
14	7.39369	2.31813	2.33766	0.531885	1.03823
14	9.21478	36.0741	-0.459142	-0.3872	1.06344
14	19.85	6.2291	-1.44801	-1.01785	1.02967
14	21.8946	0.46516	0.609251	-1.55552	0.98664
14	14.589	37.906	0.280535	0.385659	1.01285
14	24.9431	38.5558	0.914587	-0.527689	1.14892
14	23.786	5.94941	-0.00286175	1.85337	1.04911
14	17.4033	18.6224	0.456786	-0.201852	1.0118
14	35.7608	10.856	1.14047	0.414367	0.868632
14	21.0037	14.8397	1.16608	-0.425876	1.11363
14	35.2461	9.64955	0.546594	0.508845	1.00124
14	36.898	7.08408	-0.195049	-0.0213023	0.903026
14	31.2598	9.16454	1.30288	0.566091	0.92553
14	36.1691	15.8001	0.392773	0.324234	0.903086
14	36.8383	4.30951	-0.153678	1.02636	1.00988
14	3.81598	37.7152	1.19769	-0.174786	1.08114
14	35.9825	14.4693	1.04764	-1.0232	0.922249
14	35.1004	11.7516	-0.179691	-1.00859	1.03284
14	38.3742	7.98496	0.746524	0.656578	0.762293
14	35.2661	16.5067	0.181543	0.201909	0.985325
14	36.5196	1.05845	0.786055	-0.667103	1.14603
14	7.72649	36.4352	-1.26523	-1.13119	0.998413
14	4.30959	23.8104	-2.42355	-1.89009	0.760413
14	29.4136	20.0284	-0.222339	-0.11074	1.01886
14	9.19835	9.65527	-0.289699	0.811631	1.03306
14	5.00431	14.7153	0.104229	0.59492	1.19345
14	9.62739	15.8889	0.45946	0.406482	0.845594
14	12.7159	10.9626	0.178533	0.0737985	1.15656
14	14.3731	3.24372	0.031704	0.73908	1.02494
14	14.2704	8.41141	1.07832	0.423125	0.919059
14	10.8761	11.129	0.621256	0.335621	0.997357
14	7.05318	8.41182	0.204612	1.13804	1.11297
14	12.8013	16.1215	0.571278	1.17222	0.997899
14	15.3796	8.20952	1.02051	-0.0830753	1.16777
14	17.0709	5.50728	0.106228	0.13201	1.12769
14	16.3427	10.0309	-1.53648	-0.0954281	0.946353
14	15.279	6.62974	0.0812987	1.61246	0.795489
14	14.235	39.5903	-0.611725	0.191782	1.07558
14	23.7482	38.0394	1.14279	-1.03646	1.01272
14	26.7844	4.58072	-0.0547524	-1.04804	1.04431
14	23.368	9.54631	-0.126418	-1.00659	0.956197
14	20.1397	8.62688	0.762809	-0.945222	0.887342
14	32.6506	7.80737	-0.263332	0.455064	1.03889
14	32.0793	10.0296	0.857639	0.78599	0.941107
14	20.4246	16.759	-0.156356	1.75588	1.01289
14	37.6325	9.59448	-0.593206	1.32086	1.05199
14	32.6122	15.9301	-0.806115	0.634956	1.01602
14	29.3559	7.75312	-1.88597	-0.13499	0.948893
14	18.8469	17.2861	-0.680045	0.196971	1.02732
14	33.1207	10.5561	-1.25838	-1.02494	1.10272
14	34.3798	17.1585	-0.542361	-0.142533	1.07192
14	34.7484	14.4569	1.05055	0.647832	1.04503
14	1.88804	19.4283	-0.59323	0.706627	1.08444
14	39.842	9.18201	-1.14474	-2.70387	1.14986
14	37.5713	14.1297	0.434273	0.261304	1.04132
14	2.86939	21.2814	-0.0258927	-0.548608	0.88976
14	7.73468	39.5115	-0.482328	-0.445567	0.871631
14	6.45569	17.1721	0.0365254	0.750407	0.886968
14	36.707	17.3595	-0.163335	1.30022	1.14447
14	36.8583	20.5636	-0.462707	0.410032	0.881165
14	6.16478	14.6716	0.44007	0.91958	1.05497
14	10.7597	12.2325	-0.422511	0.242541	1.05417
14	38.9009	14.0767	0.198511	-0.387097	1.23637
14	13.9025	9.55086	-1.07196	-1.26232	1.05645
14	13.8186	0.620516	-0.260696	0.186041	1.00559
14	19.4371	13.657	0.246328	-1.63736	1.00416
14	19.3518	9.72961	-0.513616	-1.28223	1.03635
14	12.6788	5.95941	1.08519	-0.166484	0.900822
14	17.6515	11.2829	0.934322	0.888047	0.851813
14	19.6608	12.5896	1.65309	1.88431	0.941289
14	29.5217	5.64231	0.354398	1.41143	0.988242
14	23.0189	17.3101	-0.114832	-0.268263	0.929338
14	23.1753	10.9968	-0.526107	-1.33224	0.825775
14	24.7525	4.35871	0.645611	0.781221	1.06464
14	16.5619	19.8057	0.204835	-0.291885	0.849349
14	17.0795	12.394	0.969404	0.575616	1.02638
14	24.9891	12.8974	0.864368	0.207951	0.931546
14	29.4428	10.3159	-1.09023	1.72955	0.966834
14	36.6105	13.4274	-1.25198	-0.482215	0.967442
14	11.7746	21.7007	0.572187	1.98634	1.02745
14	38.272	10.6578	0.246075	0.91969	1.09178
14	29.5765	15.7067	-0.477443	-1.46797	0.931271
14	28.2667	7.48715	-1.18364	0.0246726	1.01681
14	39.6657	19.3344	0.317577	-1.26987	1.02293
14	31.3851	19.5423	-0.458213	-0.710427	1.06715
14	32.1358	13.9283	-0.857222	-1.10046	1.14209
14	29.7449	12.516	0.376918	-0.391069	1.09635
14	32.0681	11.2459	0.827566	0.668041	0.962484
14	2.79177	12.0585	0.410002	1.314	1.04991
14	10.3649	9.4337	1.61989	0.325626	0.962727
14	0.0404874	17.955	0.786544	-0.461123	0.92501
14	2.3977	14.9567	0.219352	0.789674	0.918988
14	4.6759	8.30804	0.406472	3.08853	1.03274
14	14.4003	17.7392	-0.934591	-0.835115	1.00286
14	39.0437	22.7548	0.357171	1.44801	0.740997
14	15.0552	9.85284	1.66501	0.65095	1.08731
14	16.0775	7.30412	0.602077	1.42275	0.975299
14	8.84981	15.2222	0.776915	0.00559357	0.958491
14	25.0544	8.47921	1.82991	0.164874	0.973967
14	20.224	5.03164	-1.36816	1.22352	1.03814
14	17.5235	1.34668	0.323217	0.21386	1.06302
14	12.6121	9.84994	0.676187	-0.821674	0.97514
14	22.3228	11.3426	1.37966	-0.973274	0.868623
14	21.445	10.7309	-1.02325	-1.25197	0.801815
14	27.4328	12.4163	-1.11464	-1.03811	1.12179
14	32.5502	8.97352	0.394212	1.02392	1.01218
14	22.292	16.5733	-0.156217	1.21753	0.91505
14	27.1486	8.16351	-0.371432	0.195454	1.16069
14	28.5383	11.9111	1.12662	-0.774386	1.06095
14	22.5794	24.0336	0.0590754	0.658747	1.00343
14	33.0719	15.1622	0.0641052	1.62296	0.857313
14	25.9499	12.7437	-0.990059	0.255228	0.944168
14	35.5605	28.2844	-0.76009	0.0639475	0.847043
14	38.8835	6.54406	-0.463246	0.5302	1.05344
14	18.4291	19.6952	-0.27025	-0.48642	1.03559
14	28.0717	9.84135	-0.498799	-0.456811	1.01471
14	17.5121	20.478	0.777956	0.778387	1.09554
14	37.4156	12.1677	2.12314	0.985279	0.984209
14	32.2323	12.4668	1.21224	-0.936105	1.13311
14	31.6607	15.2633	0.704125	-0.737187	1.04724
14	1.32571	9.7784	-0.113972	0.949189	0.89063
14	33.3338	13.4411	0.412971	-0.110604	1.02345
14	1.38317	10.9068	0.14941	-0.800456	0.944736
14	5.16386	12.7687	0.342488	0.513621	0.868835
14	0.762274	27.2338	-0.832847	0.891964	1.02386
14	5.17686	11.5478	0.525715	0.873642	0.937678
14	6.12366	12.1967	-0.744986	0.744053	1.05503
14	15.5966	10.9204	-0.702131	0.307974	1.10561
14	3.50171	7.95401	1.88069	-0.68672	1.09762
14	21.3907	16.0523	-0.987835	-0.430284	1.06175
14	13.4403	12.0678	0.391586	-0.424591	1.19522
14	16.5872	2.68387	-0.241994	0.0800036	1.03169
14	18.3305	12.8803	1.76077	1.7439	1.04318
14	23.5618	2.28672	0.223111	0.788792	0.918605
14	29.3887	9.10006	0.374721	0.915436	1.08889
14	22.6633	18.4259	0.528661	-1.0321	1.07294
14	20.8909	13.5405	2.22549	0.748899	1.13561
14	14.8505	21.1741	-0.151844	1.08801	1.09488
14	17.981	8.32528	1.16329	0.398329	1.01055
14	20.7621	11.3137	-0.389132	1.48028	0.915896
14	20.6353	12.3683	-0.29158	0.722283	0.929554
14	24.4741	16.3586	1.29132	-0.101262	0.955324
14	19.8436	10.7683	1.51305	1.15867	1.00405
14	19.2616	15.0613	-0.974779	-0.972347	1.01627
14	30.043	6.91192	2.32056	0.0244806	1.04402
14	29.4654	2.57637	1.12248	-0.85049	0.978351
14	23.0252	14.1567	-1.10658	-3.14573	1.1435
14	35.1606	19.2253	-2.69908	-0.973521	0.902288
14	33.6838	14.4769	-0.813163	-0.0207535	0.94688
14	31.5366	32.3087	0.122471	-0.547384	0.956562
14	37.4234	16.4846	0.799683	-0.464187	1.01331
14	1.33315	8.67022	0.906391	0.0737465	0.838978
14	1.83865	16.0142	-0.403081	0.336201	0.986992
14	12.5874	15.0016	0.832853	-0.0769386	1.08988
14	37.8893	24.7525	-1.44194	0.800438	1.0452
14	38.1085	0.134176	-0.094984	0.737882	1.03366
14	3.42987	14.5715	1.21059	0.354095	0.978294
14	0.498406	8.43312	-0.944274	-1.43126	0.855219
14	10.8468	25.3444	0.18411	0.148111	0.977043
14	10.867	14.3866	-0.864623	0.979367	0.90702
14	4.91096	16.8185	0.396704	0.756634	0.940533
14	16.7442	17.7507	0.784254	0.624878	0.926766
14	35.7011	22.619	-0.191705	-1.33466	1.03652
14	11.5105	12.9259	1.66794	-0.107735	0.894836
14	10.3131	23.6024	-0.127879	-1.90485	1.05904
14	19.1629	18.804	-0.833326	0.830072	0.935742
14	13.8509	14.5184	0.279679	2.71682	1.13504
14	9.60223	18.8855	-1.26878	-0.158285	1.1254
14	18.2405	6.24255	0.0630894	-2.05646	0.99045
14	13.5562	13.3243	-1.8174	-0.245274	1.08772
14	12.495	12.781	0.00152892	0.0377989	1.02303
14	21.5149	17.221	-1.19447	-0.21515	1.0591
14	19.2373	20.837	-0.436051	-1.05224	1.03903
14	22.5147	22.7171	2.14284	1.66063	0.900031
14	26.4985	16.7105	1.69403	0.795289	0.813238
14	30.2041	11.1523	0.432954	-0.0535256	1.16658
14	34.7568	10.5387	0.339147	0.337884	1.00623
14	27.6144	19.1588	-0.390157	-1.68372	1.06807
14	30.4933	14.7841	-0.552666	-1.66261	1.11145
14	28.3298	5.31548	0.714771	0.106456	1.24022
14	26.5551	19.9848	-0.882589	-0.673815	0.938252
14	32.5114	24.6687	-0.327822	-0.21827	0.85336
14	35.0484	21.2827	-1.22683	0.509971	0.969076
14	31.1559	10.4148	0.810707	-0.533094	0.990007
14	34.134	11.3858	0.369174	-0.476838	0.941548
14	37.578	23.567	0.697154	0.689808	1.05686
14	35.5409	17.4484	0.0151242	0.683215	0.982775
14	5.53532	13.7419	0.231464	0.574121	0.933066
14	1.79034	12.2221	-1.3674	-0.878622	0.929152
14	9.19288	23.4635	-0.883036	0.107554	1.01498
14	18.265	15.5234	0.702151	-0.8518	0.955528
14	2.56787	11.0052	-1.13953	0.417864	0.960927
14	5.15774	19.0522	0.548897	0.875242	0.934051
14	6.77881	24.2463	-0.367845	0.193822	1.20842
14	3.87947	9.40955	0.218834	-0.0940229	1.1588
14	19.41	26.066	-0.580075	0.265728	1.08392
14	10.8048	16.2641	-0.397582	0.612831	1.18565
14	12.7256	21.0655	0.326472	1.31688	0.940922
14	7.74752	10.5384	-0.1154	-0.358803	1.11355
14	16.1396	11.979	0.579842	1.16779	0.965002
14	21.7141	12.3638	-1.91152	-0.832026	0.8697
14	14.8869	14.7357	-0.0104413	0.463787	1.04
14	9.47904	12.8287	0.317765	0.483409	1.00709
14	16.983	14.5618	-0.565616	0.492141	0.998425
14	14.6536	13.7098	0.43461	-0.766084	0.841373
14	25.5483	15.6747	-0.756609	1.6364	1.20383
14	14.7259	19.9866	-0.580412	-0.388733	1.14444
14	27.9774	16.161	2.02345	-0.507865	1.08821
14	22.0578	14.78	0.942196	-0.857262	0.995824
14	30.8092	13.154	-0.205076	0.430794	0.991229
14	30.4521	29.5621	0.8664	-0.536653	0.94135
14	28.6037	16.998	-0.296876	0.0603648	0.847731
14	20.3983	20.4541	-0.584039	1.19996	1.0312
14	27.3666	17.2279	1.39266	-2.43104	1.05868
14	23.383	20.641	-0.0317743	-0.214978	1.05182
14	37.0483	18.621	0.774619	-1.91598	1.02989
14	33.0657	11.7224	-0.233309	-1.02317	0.846784
14	27.7741	20.4246	-0.664082	0.897788	0.841041
14	30.15	19.2893	-0.85759	0.310591	0.971308
14	7.38276	17.1588	-1.54511	0.329039	1.06054
14	1.42092	18.152	0.122251	0.00825461	1.12303
14	6.91013	14.1571	0.1378	0.0853408	0.804941
14	5.29707	25.6392	-0.34202	-0.373396	1.13072
14	5.10285	9.47103	-0.103554	-0.871605	0.918083
14	4.24868	25.0695	0.573629	1.189	1.08595
14	39.598	20.8706	-0.524227	1.14522	1.08921
14	8.16257	21.3072	-0.695278	0.221669	0.936757
14	18.2962	14.4408	0.24186	-0.160362	1.04198
14	8.44661	17.7751	-0.622488	-1.14279	0.93557
14	1.04273	23.3107	-0.387166	0.214257	0.915052
14	15.4964	22.0891	1.60808	1.06674	1.06008
14	10.2454	20.0848	0.464555	-0.788186	1.02637
14	19.1485	16.0968	-0.0901747	1.61071	1.03045
14	14.7009	16.7905	-0.604919	-0.892248	0.77209
14	17.8034	21.4976	0.372167	0.824763	1.0087
14	17.8613	22.4801	0.213946	0.0355609	0.85614
14	17.0705	30.7379	-0.939801	0.490512	0.922624
14	11.5996	1.59423	-0.981404	0.504347	1.19487
14	26.2174	14.7358	-0.71744	-0.0597702	0.9413
14	25.4067	16.8123	-1.3515	1.15262	1.02689
14	15.7649	25.1085	-0.724321	-1.45021	0.993518
14	20.6314	10.075	-0.0635268	0.476804	0.978877
14	26.9977	13.5174	-0.334562	2.8061	1.11033
14	28.6605	20.6742	-0.38833	0.256593	0.892199
14	32.331	18.6568	-1.91732	-0.671082	0.969363
14	34.6405	15.5372	-1.51097	0.25698	0.895891
14	33.3237	16.9568	-0.945124	0.675187	1.01983
14	15.7921	16.6485	1.0154	0.779554	0.951229
14	27.1603	18.2479	-1.37157	-0.271671	0.914439
14	31.2502	18.4722	0.426698	-0.839172	1.06388
14	34.1591	18.3021	-0.00803951	-0.320604	1.09131
14	29.0236	14.3735	0.240326	0.0202049	1.15311
14	34.613	20.2818	-0.881044	-0.44899	1.05816
14	6.23491	6.86417	0.00840382	-0.322459	1.20479
14	6.2199	10.8341	0.831473	0.89131	1.01035
14	0.529888	15.7224	0.800826	-0.501037	0.908373
14	39.9424	22.8778	0.894057	1.54627	1.04845
14	13.9692	27.6134	-0.438029	-1.54127	0.996292
14	7.73521	20.406	-0.342778	-1.23633	1.02373
14	14.7384	12.0114	0.160611	-1.03235	1.17466
14	9.47372	14.0412	1.55141	0.828348	1.11695
14	7.06141	22.3834	-0.600167	-1.20748	1.10914
14	24.0189	17.2611	-0.654478	-0.416789	0.863419
14	20.7655	21.4428	-1.72056	-0.0480264	0.843172
14	4.12745	19.1587	-0.178262	0.681666	1.10267
14	8.99956	11.1285	-0.162952	0.156283	0.931626
14	13.7678	21.5845	0.398928	-0.36386	0.934155
14	25.282	14.4621	-0.202007	-0.281037	0.893692
14	23.3948	16.0491	0.227318	0.0164816	0.973185
14	3.07192	17.9527	-0.458931	0.687882	0.999162
14	9.10601	31.7963	0.990734	-1.4638	1.03764
14	12.6833	20.2089	0.214868	0.31449	0.711965
14	23.8073	12.14	-1.13575	-0.0175679	1.14118
14	26.8496	27.6989	-1.01473	-0.848025	1.05785
14	11.6456	15.5905	2.48415	-0.497691	0.831106
14	27.1446	11.4001	0.455723	-2.29077	0.888759
14	35.9961	18.4253	-0.66118	-0.0757964	1.00896
14	22.5037	29.7353	-1.18709	-0.853073	0.93635
14	26.8345	15.5881	0.734099	0.688329	0.968958
14	31.7881	25.4203	-0.668301	0.240117	1.09966
14	31.9771	26.4893	0.729039	-1.66546	0.890092
14	31.6823	21.236	0.463219	0.906424	0.901392
14	36.2456	19.5352	0.457469	0.952426	1.00766
14	32.286	23.242	-1.32266	-0.464947	0.967808
14	32.9574	26.0002	-0.00526547	-0.0839451	0.977735
14	37.9619	22.1006	0.181154	-1.06711	0.994967
14	33.5271	28.1608	0.35704	-0.206155	0.995407
14	1.31877	14.9875	0.889717	-0.785906	0.951372
14	36.0708	26.2942	0.108533	-0.957911	1.15396
14	2.39163	13.711	-1.16239	-0.852409	0.933548
14	0.794479	20.4395	0.564011	1.83763	1.12214
14	14.015	15.5912	-0.473947	-0.321555	1.0442
14	8.93435	19.8437	0.301033	-0.693585	1.02204
14	8.5069	24.9428	1.20638	1.5539	1.10016
14	11.9363	27.3317	0.00410256	0.609913	0.92516
14	38.635	34.0162	-1.10998	-0.185596	1.01689
14	17.6414	10.1675	0.75499	0.541903	0.98146
14	33.0245	20.0006	0.183594	0.638262	1.14381
14	16.2316	18.771	-0.157718	-0.456438	1.1643
14	13.2203	26.3091	0.718938	-0.17989	1.16649
14	20.5835	17.9392	-0.345117	-0.340747	1.12889
14	18.9426	23.7247	-0.32939	-0.159022	1.02822
14	11.6667	16.7161	-0.0158373	1.6661	0.882712
14	21.0754	22.7791	-1.25784	1.11296	1.12953
14	21.9824	13.8196	-0.855116	0.488677	0.881478
14	17.6687	17.5904	0.581149	0.1227	0.929907
14	16.957	16.593	1.08559	-0.428122	0.938823
14	23.231	7.50549	0.0195328	1.59264	1.12928
14	24.1998	15.3108	1.6397	0.35168	1.08029
14	34.3992	22.7693	0.0576255	-1.19304	1.14049
14	25.5474	27.7402	1.81662	0.921598	1.09221
14	39.7134	26.5524	-1.2859	-0.804878	1.00816
14	30.1702	17.9586	-1.53527	-1.14985	0.884985
14	27.6562	14.7133	-0.362656	0.684038	1.04706
14	28.2205	17.8501	0.0347347	-0.988328	0.856262
14	23.4569	19.1808	-1.26564	-0.0345059	1.07152
14	34.9879	27.3449	-0.0472819	2.16548	1.08441
14	32.3405	22.189	0.522857	1.26054	0.909356
14	38.1334	17.4743	0.591717	0.737908	0.944952
14	37.5142	19.6702	0.421696	-0.299784	1.0482
14	39.3865	21.8858	-0.598636	2.01247	0.983681
14	1.92511	22.6275	0.909938	0.420153	1.18314
14	4.35897	17.8107	0.840932	-2.01461	1.06702
14	3.04598	17.0068	0.405685	0.383875	0.824006
14	11.4411	24.157	0.897573	-0.0731572	1.15925
14	11.2681	26.4636	-1.24104	1.71396	0.983577
14	5.03316	23.0237	0.0587695	0.0540431	1.06133
14	14.633	24.9029	0.411667	0.0417508	0.917036
14	12.9767	17.6676	0.489495	0.583706	1.135
14	10.3182	22.1939	-1.02924	-0.465134	1.104
14	10.7099	21.127	-0.558998	-1.18529	1.09227
14	20.9452	25.5253	-0.677237	-0.0837539	0.882439
14	15.9769	20.6787	-0.762243	-0.895363	1.0202
14	18.7911	28.7608	-1.06427	-1.97976	1.12081
14	18.9911	22.5927	1.19099	-1.55464	1.12655
14	28.2751	23.2235	-1.61324	1.26473	0.941696
14	21.6913	33.041	-0.978674	-2.02464	1.06539
14	15.0223	15.7717	-0.853955	-0.174848	0.873462
14	20.0622	23.105	-0.587224	-0.338688	0.929709
14	15.3996	34.6417	0.118889	-0.750946	0.93615
14	20.3822	24.8588	0.500403	0.922217	0.863807
14	16.8758	22.8636	-0.995846	0.26064	1.125
14	23.1287	15.1281	0.819641	-1.11384	0.832753
14	28.5711	29.4809	-0.704672	1.09802	0.82884
14	26.092	18.5716	-1.59303	-0.924523	1.00967
14	28.6611	15.3987	-0.178891	-0.435803	0.912434
14	29.7604	13.6622	-1.38387	-1.10677	0.897019
14	36.318	27.5417	-0.272256	2.11609	1.12667
14	36.1366	21.3036	-1.06668	0.0862752	1.08324
14	0.0928158	14.0293	0.806747	-0.437559	1.03485
14	6.66054	15.8895	0.542801	-0.387747	1.24276
14	38.2282	18.6936	-1.53114	-0.744927	1.12299
14	0.892413	16.9732	-0.154977	-0.166561	0.994894
14	38.5695	16.2213	-0.0426059	-0.49283	0.933465
14	4.9009	21.1035	0.257317	-1.71349	0.951556
14	35.735	20.3946	-0.263897	0.529257	0.841157
14	8.20894	22.7241	0.589136	-0.360347	0.995835
14	12.0052	25.5627	0.928197	-2.23464	1.11281
14	9.48854	21.0156	1.67628	0.0396698	1.01335
14	6.43361	18.314	-0.581369	-0.577984	0.916288
14	1.50865	32.0121	1.29774	0.533682	1.09607
14	6.96119	19.2804	1.55302	1.63386	1.07224
14	12.0998	19.2222	-1.26888	-1.70883	1.07308
14	11.1473	17.7668	-1.02397	1.61577	0.958488
14	6.59762	21.1646	0.765234	-0.974919	1.12881
14	8.56369	16.3918	-1.34546	-1.24407	1.07562
14	19.9388	21.8537	-0.980935	0.105985	1.05157
14	11.3652	22.806	1.3342	-0.0238907	1.06381
14	26.0298	10.133	1.12225	0.0561012	1.00464
14	25.8884	25.5933	-0.74527	0.0998117	1.08725
14	21.1265	27.5328	0.735123	1.39965	0.904988
14	23.8219	18.1717	-0.927172	-0.345017	0.985511
14	21.1666	24.0832	-1.94634	-0.752008	1.10688
14	26.0392	26.7421	0.62382	-0.578813	0.951703
14	28.2791	21.9648	1.90072	0.339127	0.877738
14	25.2558	34.3294	0.972213	0.335978	0.973233
14	29.0607	30.4106	1.18338	-1.00812	0.97848
14	30.9525	21.9946	-0.758734	-0.405536	0.922796
14	26.1687	23.3163	-1.06127	0.462562	1.09906
14	27.1727	22.5648	0.662188	0.502697	1.05922
14	32.0548	17.6409	-0.965637	0.882615	0.989231
14	22.6656	12.7981	0.433979	1.31548	0.98957
14	36.4215	23.4019	0.414427	1.21841	0.986011
14	3.76293	21.0666	0.0919784	-1.43597	0.958946
14	27.4041	23.5369	0.75079	0.324875	0.952873
14	3.05542	15.7309	-1.50748	0.661905	1.01559
14	39.2556	25.0367	0.436569	-0.446104	1.02325
14	39.9082	16.7542	-2.56586	0.950566	1.07003
14	4.37802	32.1223	1.16813	0.31391	0.96405
14	11.3033	32.2504	-0.7165	0.553531	0.994874
14	13.7724	20.6163	-1.63449	-0.584376	0.940905
14	34.5905	28.8521	-0.932644	1.27809	0.859218
14	4.01157	27.3686	-1.75577	1.03503	1.11675
14	14.4262	18.8171	-1.43576	-0.304654	1.06379
14	9.14743	27.5292	0.0892648	-1.43277	1.03547
14	3.36533	22.2207	-1.71086	0.450814	0.904478
14	16.1305	26.5165	-0.25999	-0.159304	1.03339
14	19.3319	24.7653	0.938601	-0.533268	1.00348
14	8.46918	26.3002	0.895597	-1.01785	0.85245
14	16.739	25.1608	-2.68988	1.33151	0.981078
14	13.1401	34.8496	-1.86006	1.59914	1.09934
14	17.1437	26.3578	1.31241	0.432642	0.929835
14	19.4926	32.5299	0.151133	-0.557305	0.973805
14	31.3379	29.3803	0.575428	-0.462817	0.787326
14	18.4118	25.3667	-1.26605	0.160411	0.915032
14	9.83548	17.1935	0.298875	0.482881	1.02309
14	34.3586	24.4115	-0.569403	-0.502275	0.985308
14	24.6609	18.8063	0.408709	-0.133738	0.882345
14	20.5371	19.0817	0.463002	0.383705	1.06327
14	36.9438	22.2957	-0.676623	1.59777	1.12307
14	20.7057	31.8648	0.0722692	0.450261	1.05406
14	24.9123	21.3347	-0.461806	0.813334	1.01469
14	32.0192	27.3655	-0.668053	-0.784833	0.887268
14	31.504	24.1608	-1.06272	0.299113	1.10091
14	34.8462	32.7843	0.429605	-0.138705	0.827478
14	19.8882	29.4971	0.273556	0.00297648	1.05527
14	29.12	18.5563	0.458765	-0.241197	1.17781
14	37.7313	21.0497	0.388954	1.47296	1.04039
14	4.54846	33.7349	-1.56837	0.491873	1.02947
14	4.745	28.3263	0.250434	0.775564	0.839922
14	3.02594	20.1903	-0.623482	1.94004	1.06345
14	14.5564	25.9493	-0.0376466	0.377562	0.998966
14	8.05673	23.8397	2.2436	1.21258	1.11453
14	5.90845	19.8494	0.015213	0.911849	1.07335
14	16.3427	13.1219	-0.415379	-1.29009	0.907825
14	5.98294	28.4688	1.2482	0.369092	1.20963
14	17.4026	34.6864	-1.53062	0.332919	1.06437
14	2.55738	26.9656	-0.716403	0.0235603	1.07832
14	17.0411	27.3751	1.09053	0.684443	1.07419
14	14.8264	31.88	-1.32157	-0.448209	1.02344
14	17.4314	32.0797	-2.08252	0.432698	1.07691
14	22.1825	21.7334	0.104251	0.445582	1.01678
14	18.2839	35.089	1.12983	1.34589	0.657501
14	7.76387	29.3109	0.1896	-0.576002	1.17889
14	14.9274	27.1179	-0.779805	-1.63403	1.09755
14	25.5417	19.4502	-0.271726	-0.504547	0.987402
14	24.2483	20.0017	-0.25638	-0.0251418	0.922283
14	18.0998	31.1759	-0.0379733	0.734181	0.935093
14	17.3842	33.4916	-0.145517	1.55711	1.01199
14	19.6639	28.2046	1.95291	-0.636431	1.00627
14	23.6108	26.8798	-0.275479	0.641079	0.956657
14	31.2694	33.6561	0.528406	0.33566	1.01182
14	29.7071	26.6317	-1.23465	1.60292	0.968304
14	38.2433	30.7325	-1.80277	-1.03218	1.00962
14	24.118	25.7883	0.660965	-0.519116	1.17263
14	26.4476	21.4037	0.619504	-0.899351	1.21871
14	33.6769	25.1391	-0.23583	2.59356	0.930227
14	7.12673	35.4532	-1.16486	0.0688578	0.991463
14	35.415	29.3408	-0.509108	-0.948035	0.944261
14	1.29229	24.6075	0.197548	0.745433	1.01251
14	4.13624	26.2316	1.91149	0.923192	1.04949
14	30.532	27.3474	1.20385	1.09807	0.898944
14	31.5349	28.4974	0.266324	-0.359891	0.876482
14	28.5207	19.6142	-0.734577	-1.06459	0.887543
14	4.06758	15.4785	1.09846	0.0732074	0.897621
14	39.4574	28.014	0.193007	1.5292	1.17575
14	4.4635	20.1817	-0.778368	0.669712	0.856095
14	3.88204	39.8386	1.82783	1.5021	0.962523
14	6.98257	27.1487	0.529534	0.0305358	0.906882
14	39.8655	33.4065	-0.588021	-0.422608	1.04984
14	2.65522	32.9079	0.368937	-0.800492	1.38703
14	2.38943	31.2382	-0.172464	-0.0617034	0.875627
14	10.1684	32.1083	-1.27677	-0.707096	0.970964
14	21.7891	26.749	-0.463192	-0.425553	1.13538
14	7.91047	31.4933	1.30425	0.683437	0.906234
14	8.00973	19.3556	-0.83239	-0.383771	0.96867
14	25.8406	24.3742	1.21841	-0.777705	1.05423
14	24.9015	32.1382	1.65605	0.351114	1.07609
14	15.8744	28.9739	-2.19867	0.228512	1.0294
14	20.3624	26.8287	1.15893	0.702609	1.08023
14	15.7442	31.274	-0.788588	-0.232899	1.02093
14	24.8756	22.8188	0.842688	1.17901	1.21767
14	23.9162	22.082	-0.948801	-1.59986	1.09072
14	27.1588	29.8592	1.9278	1.38787	1.0895
14	29.4369	27.6165	-0.86105	-0.466821	0.995604
14	1.96443	28.8346	-0.163146	0.992797	1.05881
14	16.2786	15.7478	-1.63514	0.281581	0.916603
14	30.7882	20.8214	0.764076	-0.669786	0.970595
14	0.36456	21.9934	-0.607936	-1.21348	0.902984
14	38.9892	30.0336	-0.945324	0.533341	0.988791
14	24.5203	30.021	-0.128466	0.831988	1.03647
14	38.8655	32.3736	-0.862096	-1.52315	1.05155
14	39.5061	23.8524	-0.861237	-1.38901	0.9909
14	26.8004	31.0168	-0.303618	0.898305	0.949671
14	0.970109	28.6634	-0.217226	0.91598	0.954312
14	33.2857	22.3608	-0.0863015	-1.12355	0.946967
14	0.0862383	36.5288	0.219313	-0.0877679	1.02262
14	6.38349	0.673156	0.524341	0.618063	0.90491
14	6.01119	35.3136	0.812531	1.74662	1.02804
14	37.2299	27.0176	1.55779	0.750039	0.909534
14	10.767	39.4368	-0.410417	0.727644	1.17336
14	13.1617	24.5783	1.46496	0.0730716	1.07297
14	6.82587	26.1144	-1.393	-2.45748	1.03892
14	22.6603	38.4258	1.0524	0.628794	1.02168
14	5.43495	18.0737	1.77365	-0.0374776	0.877559
14	17.7215	30.0076	0.0915801	-0.252628	1.10314
14	14.5785	28.588	1.98046	0.835053	0.953048
14	25.591	28.8532	-0.124558	-2.35031	1.11905
14	17.1376	37.0116	-0.769624	1.53691	0.948019
14	16.637	32.7934	-0.184935	0.44197	0.953359
14	23.5302	34.5813	0.19651	0.249843	0.881806
14	19.0362	34.1095	-0.450838	-1.10149	0.958569
14	23.436	32.1015	-1.62975	-0.657652	0.868608
14	16.3386	33.9184	-0.809868	0.568207	1.03496
14	19.4648	27.1938	-0.196916	-0.239075	0.848648
14	24.7617	31.0257	1.548	0.252538	0.90867
14	26.3707	34.2448	-0.0917722	-0.64512	0.978004
14	28.2893	34.5466	-0.0535168	0.200151	0.972369
14	29.3431	28.5882	-0.235129	0.439612	1.04646
14	33.78	27.1562	0.8623	0.12276	1.03183
14	30.7508	30.8525	0.607585	-1.53383	1.13415
14	2.62881	23.6585	0.380577	-0.242144	0.967244
14	38.5338	19.8962	-0.294856	0.784666	0.95787
14	0.706092	31.5376	1.6308	-1.01673	0.683338
14	33.543	31.2505	0.171062	-0.229503	0.917518
14	35.796	30.7786	0.690342	0.716013	1.07866
14	0.927131	29.7951	1.14019	0.0826741	0.912687
14	38.4619	35.1372	1.28383	-0.82833	1.01274
14	32.3434	31.033	-0.139578	0.762066	1.23003
14	8.74317	34.3045	-0.126067	0.296422	0.984129
14	2.23998	25.1499	0.626136	0.666325	1.08388
14	39.4157	39.682	0.377904	-0.515563	1.08099
14	2.481	38.5643	-0.464602	-0.119761	1.03715
14	1.67847	27.5765	1.15072	-0.280456	0.977865
14	12.3937	30.3818	-0.700821	-1.64242	0.939672
14	21.8568	25.2254	-0.800985	-1.85204	1.05864
14	3.04878	25.8783	-0.772002	-0.873767	0.936801
14	13.6557	32.1056	0.407986	-0.949241	1.00744
14	23.4448	24.7775	0.538325	0.27629	1.14662
14	12.4687	28.3322	0.464812	-0.534613	1.0112
14	20.0445	34.5949	0.454621	1.28051	1.03869
14	13.8046	35.9242	0.75777	-1.21649	1.16802
14	22.9396	27.7999	-0.652379	-1.2078	0.935849
14	21.9516	3.8414	0.720541	-0.663745	1.0979
14	14.3377	35.0195	-1.24587	1.52207	0.957758
14	17.849	38.8232	-0.929148	1.1831	0.754984
14	16.3786	34.9706	-1.05883	0.967206	1.01529
14	22.5105	39.6911	-1.16279	-0.926509	0.954975
14	21.5679	20.8618	-0.0285984	0.0968894	0.92256
14	25.7684	31.4122	0.413882	-0.0297166	1.07079
14	30.5859	28.2845	-0.751629	-0.444585	0.986661
14	29.4887	32.6923	-0.209412	-0.911204	1.00487
14	35.903	38.9341	0.820365	1.03924	1.13105
14	38.0825	36.4737	-0.836099	-0.509211	0.897915
14	33.8647	21.3723	0.198647	-1.04068	0.970593
14	34.2412	26.1024	0.37211	0.863649	1.13756
14	35.5462	25.0277	-0.682814	0.962636	0.978948
14	2.5217	30.0904	-0.697528	-0.806369	0.812844
14	32.5487	28.3858	0.612756	-0.0488855	0.902719
14	29.1411	31.4363	0.683455	-0.189307	0.852532
14	4.14314	29.441	-0.150862	-0.386748	0.942445
14	3.15159	24.5128	1.65023	0.476635	1.06955
14	35.1645	31.975	-1.52384	0.871424	0.972498
14	6.07375	23.0044	0.0658383	0.0490957	1.04494
14	37.048	36.5532	1.25239	1.2197	0.914691
14	37.1493	26.0073	0.0265758	-0.686613	0.932613
14	9.71056	24.4746	-1.38593	1.59831	1.05664
14	12.0182	38.9383	-0.481552	0.845591	0.955718
14	7.68367	30.4768	-0.797603	-0.634569	1.03439
14	7.89828	27.5058	1.29949	-1.92388	1.10849
14	18.582	27.5894	1.54023	1.85297	0.949986
14	16.6057	21.5427	-1.22341	1.57321	0.890232
14	14.853	32.8765	-0.471305	-0.313053	0.867628
14	10.5606	27.828	-1.80526	0.132305	0.978675
14	21.5086	34.1832	0.972125	0.221464	1.026
14	30.2632	3.65277	0.612947	0.234333	1.08337
14	23.9539	33.4728	1.79254	0.816015	1.08619
14	21.6883	37.8441	1.19463	0.145883	1.0097
14	17.5116	35.9008	-2.02768	0.915164	1.17454
14	28.204	31.1151	-0.318344	-0.590231	1.0171
14	10.721	28.9571	-0.210993	0.056039	0.964068
14	24.8298	24.5817	1.97695	-0.87365	0.898918
14	26.622	28.8268	2.14216	-0.564016	0.918085
14	20.1977	30.9632	-0.11592	0.00755	0.946318
14	30.4367	25.0813	-0.0613298	-0.314589	1.11065
14	33.4183	0.184687	-2.19528	-0.528522	1.05132
14	35.3517	23.8787	-0.410365	-0.367042	1.07754
14	32.8806	21.2042	0.515405	0.622442	1.0575
14	33.7518	30.0748	1.07167	-1.57182	1.03775
14	32.2935	29.4702	-1.44085	-0.361993	0.935274
14	22.3	19.9849	1.70088	-0.117713	1.14903
14	0.375668	32.2917	-1.00045	-0.237607	0.875744
14	30.4581	32.6132	-0.252278	2.41946	0.980216
14	9.55134	25.6047	-0.767607	-1.7474	0.997946
14	3.0967	34.9706	1.25491	-0.110052	0.956637
14	3.17422	29.093	-1.00142	-0.567731	0.85566
14	8.1171	7.76054	0.050183	-0.363594	0.83691
14	10.0999	37.107	0.188748	0.036641	1.00107
14	5.32122	24.3751	-0.0823587	-0.217493	1.0346
14	3.20293	4.29579	-0.419312	2.0675	1.02166
14	8.53342	5.94507	0.42952	0.0270184	0.92723
14	11.8173	20.4862	0.100678	-0.137863	1.07261
14	15.9235	27.8037	0.640223	0.646352	1.13526
14	11.8561	35.3973	-0.184833	1.1918	1.02498
14	15.1769	2.29323	-2.50793	-1.07754	0.957029
14	13.5468	30.8404	-0.999337	-0.200656	1.08983
14	10.0406	30.9252	-0.671122	-0.547326	1.02311
14	12.7061	1.19789	0.470203	-0.84583	1.00183
14	11.9303	29.4584	0.84791	-0.74495	1.0354
14	13.4686	33.1555	-1.20111	1.62547	1.08902
14	27.198	24.9346	-0.612071	1.65046	1.06525
14	20.6676	4.05553	0.0979458	0.0754231	0.943208
14	17.6061	28.8908	2.10596	0.97748	0.856898
14	1.45818	30.5575	0.692236	-0.630581	0.861361
14	29.591	23.8156	-0.999129	0.0819129	1.00661
14	24.6957	27.1515	1.04265	0.605739	0.949876
14	22.7637	35.8163	-1.05751	-0.388104	0.905565
14	34.0102	32.1368	-1.03012	0.12476	0.974634
14	35.5166	5.62033	0.865075	-0.167279	1.06793
14	34.4212	39.9167	0.384584	-0.925015	0.970194
14	36.9654	38.5089	0.79315	1.18616	0.986903
14	30.7679	26.2045	0.51993	-0.292312	1.09479
14	29.157	25.2486	0.128473	-0.0327913	1.06057
14	36.1057	3.4237	0.146403	1.03582	0.875089
14	36.9851	31.2029	-0.650408	-1.50631	1.20433
14	28.8116	33.5593	-1.80917	0.251067	1.09896
14	5.73449	21.8371	0.368557	-0.187756	0.971233
14	2.83523	28.0575	1.06654	0.293919	0.995458
14	4.03937	36.3401	2.1805	-0.0787724	0.908455
14	5.84034	39.5394	0.0251127	-0.011618	0.897644
14	10.68	35.4307	1.14246	0.748526	1.06273
14	11.1566	30.6464	-1.23076	-0.544111	1.18546
14	2.59272	37.5799	0.777285	0.644159	1.01109
14	5.20326	37.5943	-1.19065	1.57959	1.04744
14	22.172	28.6606	1.24803	0.487918	0.962787
14	37.1164	29.9472	-1.87443	0.206526	1.13878
14	16.2295	36.3793	0.0959496	-0.603071	1.0573
14	13.1888	29.673	-0.484979	-1.01299	1.07618
14	18.2007	26.4033	-0.461935	-0.378566	1.00509
14	12.4383	32.4743	-0.3569	0.649566	0.887721
14	15.7805	39.9977	-1.51664	1.63047	0.920194
14	16.8351	39.0161	-1.08986	2.90877	1.11929
14	26.5509	36.1238	0.598969	0.484838	0.991367
14	20.5687	39.6857	0.414853	0.627423	1.092
14	32.3347	33.2765	-0.283894	0.395938	0.977985
14	31.9265	34.3726	-0.145086	-0.78821	1.00606
14	23.6569	23.4892	0.361167	-2.55344	1.18814
14	28.2352	27.839	0.939689	-0.244774	1.0004
14	32.8977	32.182	-0.845861	-0.962949	1.07715
14	0.81924	34.3859	1.12773	0.271781	0.943983
14	20.2823	33.4472	-0.480294	0.696466	1.11295
14	23.4958	28.9415	-0.709814	0.404233	1.17036
14	27.973	26.7648	0.336671	-0.505549	1.06997
14	32.8503	34.0469	-0.260055	-0.701857	0.951949
14	30.4786	23.0733	0.635831	-1.34181	1.16375
14	34.1913	37.0876	0.293162	0.132027	0.973649
14	31.4918	38.0246	1.0948	-0.667591	1.22913
14	39.7625	4.20622	0.38283	0.97159	0.957514
14	36.5238	24.5423	0.818359	-0.53519	0.831235
14	5.51868	33.0121	0.415279	-0.91482	0.86062
14	1.63573	36.848	0.954214	-1.39061	1.09369
14	32.9104	34.9971	-1.3	1.4874	1.02364
14	31.025	35.5739	0.487627	0.714279	1.0726
14	3.37291	33.93	1.23072	0.916931	0.988589
14	4.20953	35.0437	0.0747184	-1.15235	1.06477
14	10.5495	33.3587	-0.29217	-0.558917	0.771194
14	12.5599	37.8053	0.594122	-0.1308	0.981508
14	8.85838	33.119	0.523929	0.74794	1.10792
14	22.981	26.127	1.72585	-0.127535	0.896306
14	15.2043	35.722	-0.48591	0.606593	1.12393
14	19.0905	36.4854	-0.278934	-0.337668	0.996433
14	22.5243	31.2842	0.0575936	-0.71354	1.25186
14	9.14988	29.4942	0.694412	-0.578145	0.946438
14	18.4206	3.44361	-0.400717	-0.121124	1.00693
14	16.6503	29.7629	0.303565	0.116357	0.867159
14	28.7842	3.48332	-1.32673	0.385557	0.9394
14	27.0623	26.2628	-2.37453	0.48522	1.00997
14	21.4143	36.3904	-0.952733	0.928034	1.04254
14	27.4596	35.0973	-1.84032	-0.0719972	0.924871
14	31.2733	3.15524	1.33719	0.782573	1.01489
14	18.8667	30.4563	-1.13199	-0.28749	0.834544
14	33.9681	35.7451	-0.841776	-0.0545011	0.920987
14	34.859	38.7203	-0.558638	-1.78872	0.916462
14	18.0639	16.518	-0.589345	0.31769	0.999718
14	23.8273	30.8883	-0.50787	-1.1781	0.962089
14	22.664	33.808	-0.953191	-0.06945	1.07259
14	29.499	0.811377	0.990798	-2.45604	0.862297
14	28.2875	24.2581	-0.00240858	-1.0405	1.04291
14	27.1478	0.528383	-0.812504	0.657183	1.04689
14	30.5255	37.5197	-0.266874	-0.117924	0.829545
14	39.6004	29.1291	0.254002	-0.115153	0.964022
14	34.5882	33.7753	-0.987369	2.19271	1.0539
14	3.55012	30.636	0.170276	0.417649	1.10701
14	2.95067	2.28958	-1.66422	0.119269	0.906435
14	38.9079	37.4004	0.156628	-0.63175	0.963527
14	5.41673	27.2238	-0.175052	1.01376	1.04972
14	11.5938	36.4477	-1.28078	-0.717249	0.976859
14	38.144	27.0367	-1.79705	-2.40801	0.865485
14	9.24501	1.9358	1.25017	-1.93827	1.01793
14	10.7449	38.009	-2.17465	0.938526	1.09418
14	19.583	38.7486	-1.60869	-0.357815	1.01573
14	22.556	1.63487	0.63646	0.432686	0.94182
14	10.0444	29.8886	-1.08566	-1.80649	0.928245
14	12.8098	2.26903	0.842619	1.85762	0.947174
14	19.1215	35.374	1.76034	2.34188	0.970742
14	18.6196	38.0705	0.00391265	-0.0306412	0.958173
14	14.481	33.7522	0.193309	0.235188	1.05787
14	14.6648	36.7721	0.783632	-0.0730745	0.999357
14	22.9551	32.8144	-1.36189	-0.429278	0.874998
14	22.743	5.4247	-0.595252	-1.12415	0.90787
14	26.684	37.1156	0.169168	-0.336436	0.810987
14	28.1219	32.322	-0.628559	1.12857	1.31115
14	21.0385	29.2927	0.234688	-1.08629	1.07389
14	28.671	39.0552	-0.489066	0.913919	0.984738
14	25.6431	37.0837	0.212619	0.168757	0.841995
14	29.6494	35.2797	0.166409	-1.59787	1.07683
14	25.9234	22.4191	-1.52257	-0.258566	0.754633
14	27.6027	28.7971	0.603699	1.26563	0.939505
14	27.7271	1.47655	-0.159981	0.957933	1.00663
14	29.8318	38.5479	-0.994466	1.02052	1.06184
14	31.8608	2.2759	1.10217	1.07903	1.04467
14	38.1416	1.4217	-0.566657	0.944281	1.05081
14	35.5671	4.51827	-1.20406	0.74743	1.03991
14	0.0193531	38.4748	-0.31969	0.477848	1.12965
14	39.0715	0.795708	-1.36272	-0.185252	0.961272
14	4.75813	38.6828	0.500743	0.0662928	1.07878
14	34.9894	35.8387	-0.558522	-0.888201	0.992426
14	37.7692	31.9663	0.813406	1.08306	1.01433
14	36.2162	32.1375	-1.99509	-0.783284	1.00942
14	1.84145	4.2485	0.211963	1.18107	1.01909
14	2.14734	34.1793	0.376749	-1.5124	1.03301
14	8.60717	38.9615	0.731731	1.0004	0.95529
14	2.12384	35.5637	-0.758297	-0.567625	0.869293
14	9.52229	39.5993	0.310667	-1.131	0.989064
14	6.61871	36.9908	1.81401	2.28759	1.11128
14	12.5883	33.8623	-0.888211	-0.314446	0.986113
14	21.5657	38.9332	-0.161616	0.825655	1.05817
14	10.3737	7.61269	-0.527347	-0.592122	0.94755
14	30.6641	5.01723	1.37116	-0.762443	1.06177
14	28.3306	2.43669	1.56884	-0.413603	1.06565
14	25.9176	32.7187	2.41305	0.256965	0.871509
14	30.5484	2.30409	-0.196962	-0.839678	1.10119
14	24.6806	37.2257	-0.156189	1.19016	0.952636
14	38.327	29.1319	-1.54925	0.189929	1.06296
14	26.8617	32.8383	0.348873	-0.221039	0.95659
14	30.0633	36.5092	-0.460737	1.41139	0.999888
14	0.304313	6.19327	-2.25814	-2.18863	1.13493
14	33.6919	38.578	-2.49033	0.639138	0.909899
14	24.9975	35.9693	0.346362	-0.924554	0.876859
14	39.5394	34.462	0.668869	-0.245937	0.965244
14	38.216	25.9451	0.200787	0.122369	0.91018
14	28.1331	0.0381027	1.92243	1.52996	0.942904
14	31.1744	0.271225	-1.04919	-0.714194	0.94048
14	37.4899	34.401	-1.00559	-1.12659	1.03991
14	37.9029	33.2015	-1.07663	1.13729	1.00405
14	4.14218	4.80248	-0.894341	-0.214565	0.930221
14	1.0932	35.6069	-1.09845	0.673674	1.11385
14	38.8324	3.46858	1.37133	-1.28534	0.947616
14	6.07377	1.83528	-0.25332	-0.423331	1.04578
14	10.4755	5.42894	0.0915678	0.160252	0.954146
14	5.85767	34.0388	-1.68264	0.591351	1.04381
14	5.04024	36.58	0.584115	1.77523	0.844592
14	10.3772	0.558123	1.73492	0.238633	1.05415
14	5.09033	35.6984	-0.426408	-0.819218	0.792411
14	6.30916	29.5851	-0.157477	-0.358301	1.0835
14	9.51491	38.0637	0.230463	-0.901514	1.03714
14	0.507101	25.6237	0.792886	-0.079826	1.1377
14	14.7548	30.6864	0.217647	-0.346588	1.02658
14	9.94769	26.6759	-0.7266	2.42189	1.01609
14	9.00349	3.97925	-1.08437	1.55559	1.01858
14	33.8209	3.50158	-0.438215	1.02438	1.09509
14	7.62517	26.5618	-0.235246	0.948568	0.782251
14	15.5619	29.9934	1.61172	0.652525	0.944361
14	12.8838	39.6796	-2.07721	-0.916406	1.19502
14	29.4532	4.33863	0.206581	0.925344	1.00351
14	25.939	30.1922	-0.344294	0.0121	0.998294
14	34.0885	9.89404	0.169401	0.439931	0.844767
14	18.4566	33.0377	-0.66343	-0.367685	1.06466
14	34.0883	34.8169	0.123137	0.767635	0.971931
14	19.7473	0.662896	0.644988	-0.693626	0.9658
14	17.3047	38.0855	-0.591009	0.00114414	0.968445
14	36.7561	33.3963	0.602215	0.925614	1.25072
14	33.2028	37.7057	-1.27822	0.0181098	0.876619
14	33.6129	1.56127	1.33235	-0.296885	0.933907
14	25.6891	39.5342	0.34319	0.850036	1.19391
14	39.8237	1.67712	1.0025	0.450279	0.978201
14	33.5317	33.2256	-0.458534	-0.903527	1.01452
14	1.91708	20.7363	0.424812	1.32659	1.03803
14	27.1827	39.4236	-0.750306	-0.0552803	0.84063
14	37.4231	28.0318	-0.682707	-0.833077	1.00818
14	36.4024	28.7064	1.1399	-0.976253	0.996256
14	1.43616	38.0832	-0.589984	-1.83102	1.09528
