7	39.9302	32.748	0.763592	0.192807	1
7	10.2	37.9297	-0.606849	1.09818	1
7	37.7466	27.7634	0.0779051	-0.785994	1
7	18.741	36.2164	-1.20496	0.916566	1
7	12.213	36.6109	-1.49346	0.415512	1
7	5.55267	0.145817	-0.384079	0.442193	1
7	2.71814	39.3583	-0.919624	-0.978899	1
7	3.96671	3.19723	0.803801	1.00462	1
7	17.7492	39.8664	-0.331974	1.41182	1
7	15.587	11.6506	-1.0563	0.466717	1
7	21.2546	31.7727	-1.45605	0.837011	1
7	14.4545	3.89312	1.45309	1.0124	1
7	9.98897	36.4113	-0.809527	-0.382269	1
7	13.1142	33.9499	-1.40391	-0.344507	1
7	26.9699	7.0365	-0.972662	-0.598237	1
7	18.3307	0.9194	-0.72125	0.0798478	1
7	22.4256	2.13684	0.233388	-1.68663	1
7	26.8057	39.1186	0.071007	0.0802567	1
7	31.1481	37.5174	-0.0917882	0.343837	1
7	23.7526	6.89188	0.608031	-1.64331	1
7	25.046	36.5999	-1.19818	-0.463613	1
7	19.557	5.59714	-1.66784	-0.956892	1
7	32.404	2.13997	0.617111	0.237	1
7	31.0267	0.0123924	0.57503	0.405077	1
7	29.8887	39.4463	1.63302	0.727243	1
7	34.4056	6.82928	0.425655	0.64345	1
7	34.3375	4.33752	-0.247994	0.492503	1
7	39.6322	39.3161	-1.23952	-0.799866	1
7	28.7608	4.34525	-0.149618	-0.618307	1
7	34.7901	17.0375	0.252192	-0.277889	1
7	39.8157	0.453498	1.68124	-2.44141	1
7	5.13787	3.74428	0.574341	-0.173159	1
7	1.99308	36.2345	-1.21885	0.443255	1
7	39.9223	8.56519	-1.10594	-0.377561	1
7	35.4889	34.9945	-0.0487984	-0.693914	1
7	38.4256	39.3462	0.183658	0.7444	1
7	37.7713	6.74572	-1.21312	-0.021338	1
7	37.1238	37.5086	1.15377	1.09212	1
7	14.8187	5.11976	0.57361	-2.0619	1
7	8.13436	4.83387	-0.671453	0.0213159	1
7	13.5644	30.2314	0.712001	-0.364978	1
7	7.69374	11.4318	-0.711741	0.078509	1
7	7.51719	38.8587	1.53115	0.216908	1
7	12.6082	38.0341	-0.689986	-0.72049	1
7	13.4566	3.0097	0.296398	0.183323	1
7	12.4546	35.4706	-0.64594	1.53938	1
7	29.3216	33.5077	-1.20006	0.774108	1
7	12.0251	2.73881	0.0847712	0.544058	1
7	13.7683	34.7708	-0.65076	1.13463	1
7	25.5118	3.5341	-0.49953	-1.06557	1
7	16.7822	3.46648	-0.740325	-0.711572	1
7	19.8999	29.8332	-1.22451	0.177803	1
7	21.9851	6.51401	0.0105027	1.73764	1
7	27.6811	1.08274	0.43876	-1.42205	1
7	28.2938	8.39942	0.315963	1.46612	1
7	33.615	3.35837	-1.78822	0.966715	1
7	27.2355	2.31365	0.752139	0.270807	1
7	29.7927	14.6656	-1.05219	0.894741	1
7	27.6719	38.6234	-0.0745364	-0.25218	1
7	31.8012	39.1796	-1.08257	0.572351	1
7	0.310874	30.479	1.41575	0.261715	1
7	28.9314	38.9863	0.589186	1.10286	1
7	28.1195	3.45239	-1.64361	-0.0820284	1
7	0.28401	6.90481	-0.711246	-0.594783	1
7	38.7325	35.1772	-0.179943	-0.271694	1
7	39.0465	6.65149	0.3052	-0.782944	1
7	0.385161	3.11856	0.215549	0.70609	1
7	9.58351	4.88237	-0.440953	-1.09161	1
7	6.60834	0.830662	-0.11067	0.519437	1
7	0.251292	9.63761	-0.890525	0.577527	1
7	36.5504	4.1443	-0.221882	1.19989	1
7	12.8828	10.528	-1.52582	-0.218199	1
7	0.201229	14.1674	0.0565459	-0.43301	1
7	2.40045	5.52731	-0.569813	-0.962724	1
7	14.156	6.95429	-1.03593	-0.956092	1
7	13.9734	1.58858	-0.597162	-1.50549	1
7	16.8848	2.49377	-0.304873	-1.03225	1
7	17.2672	36.8589	1.00821	0.562995	1
7	8.99625	39.0271	-0.0328822	0.0725694	1
7	14.1483	12.5998	-0.595973	1.01788	1
7	20.4929	37.7858	-0.828666	-0.68247	1
7	23.7076	39.2467	-0.0199485	-0.158289	1
7	27.197	33.2367	-0.533533	-0.501615	1
7	25.2217	5.34133	-0.411649	0.220664	1
7	8.90087	37.7778	-0.460755	-0.792119	1
7	24.608	0.00714853	0.269191	1.08858	1
7	20.3928	8.46929	0.456998	-0.373546	1
7	19.9955	4.17702	-0.37973	-1.76271	1
7	31.4772	5.40494	-1.10204	-1.11199	1
7	29.0753	1.54299	1.07159	-0.0247023	1
7	35.9723	13.191	-0.487458	0.37775	1
7	23.9088	8.46476	-0.516096	1.41206	1
7	37.4335	33.8248	-0.534202	1.39803	1
7	38.6512	4.33627	-0.164899	-0.689598	1
7	35.5258	6.68283	0.437558	0.0482024	1
7	36.094	9.16978	-0.583683	-1.66226	1
7	28.4335	36.089	-0.643034	0.958672	1
7	37.7446	34.8531	0.481775	-1.31927	1
7	10.9987	7.9479	0.441761	-0.376529	1
7	39.1708	13.5767	0.0567288	0.287019	1
7	38.386	15.269	1.20365	0.767676	1
7	7.81109	1.19043	-0.0691749	0.17913	1
7	2.46016	4.30883	-1.19425	1.2819	1
7	6.21984	1.93495	-0.00399151	-0.00124239	1
7	2.8422	38.2904	-0.382348	-0.254631	1
7	9.00556	2.42813	-1.63054	-0.988768	1
7	14.6091	13.5942	0.459883	1.06259	1
7	3.68274	37.5679	-0.0665903	1.36876	1
7	10.0117	3.10705	-0.58317	-0.15055	1
7	16.8293	7.36464	-0.616021	-0.664971	1
7	11.0695	3.78443	0.121343	0.846071	1
7	15.8287	2.65365	-0.11747	-0.186068	1
7	13.6941	36.0153	0.17763	-1.49998	1
7	23.8914	3.17114	-0.351538	0.870692	1
7	26.6029	3.31616	1.25899	-0.749745	1
7	14.9981	1.82617	-0.144564	0.0957187	1
7	22.562	32.6282	-0.894172	-2.50629	1
7	17.974	7.00261	0.18043	0.168758	1
7	29.8627	0.546209	-0.867772	1.5384	1
7	34.3498	0.902783	-0.0452654	0.623911	1
7	19.6427	1.21737	-0.891677	0.0354209	1
7	28.9269	6.56181	-0.480844	1.59765	1
7	32.4075	10.9093	0.876031	-2.52946	1
7	26.9269	37.0538	1.15155	1.42401	1
7	29.8435	2.6244	1.20272	-0.408139	1
7	35.721	39.2822	1.36357	0.384449	1
7	1.01234	32.8944	1.42296	-0.128995	1
7	35.5026	7.79954	0.57191	-1.90593	1
7	1.46041	6.30379	-3.19906	-0.302734	1
7	36.52	7.20078	-0.31561	-0.234084	1
7	28.189	5.19055	0.355505	-1.29923	1
7	0.549135	36.0204	1.81414	0.799543	1
7	35.5285	15.1106	-0.0213703	-0.677096	1
7	2.47329	12.9981	-1.54519	0.887138	1
7	5.86116	7.67397	0.390215	-0.840294	1
7	3.66952	6.70648	-0.239223	-0.286581	1
7	6.91145	7.44843	0.676101	1.44457	1
7	39.8453	12.8495	-0.671805	1.29006	1
7	5.5398	38.8514	0.631848	-0.783682	1
7	7.92609	2.48895	0.00869196	0.358545	1
7	4.07167	34.5879	-1.02548	0.520891	1
7	16.0188	1.64855	-0.555741	-0.308759	1
7	20.5497	0.576998	-1.18452	-0.414824	1
7	11.3652	38.1807	0.531515	0.911159	1
7	13.8154	32.4939	-1.18132	-0.237563	1
7	10.5643	10.6404	0.953392	0.555503	1
7	14.3582	39.6637	-0.21495	0.323245	1
7	12.1934	3.79854	0.815454	2.18691	1
7	19.2168	6.61069	0.338595	-1.06517	1
7	22.8426	37.0812	-0.486134	0.825476	1
7	24.6909	4.30364	-1.06657	0.386363	1
7	27.053	9.24098	-0.175205	0.220218	1
7	28.8857	9.47866	-0.679792	-0.39034	1
7	16.2556	9.54533	0.308536	0.199987	1
7	18.9605	9.58223	-0.473065	0.546004	1
7	19.9028	2.56527	-0.0541773	1.57755	1
7	18.8259	4.66614	-0.947506	1.83336	1
7	36.7467	0.543683	0.108014	-0.155466	1
7	24.4754	38.5592	-1.59989	0.280243	1
7	27.4274	4.35281	0.56521	0.389242	1
7	3.01914	0.79231	-0.042205	-0.144746	1
7	28.3305	2.36361	0.751005	0.645761	1
7	7.04222	33.5183	1.1065	-1.15288	1
7	33.4518	9.54564	-0.374654	1.29591	1
7	1.02167	2.24115	1.47223	-1.18614	1
7	30.2203	16.307	0.0675313	-0.730831	1
7	33.2409	6.45883	-0.15164	0.454834	1
7	1.56317	3.74597	0.515222	0.245632	1
7	37.1754	10.2731	-0.628451	-0.263281	1
7	0.957024	39.74	-0.571098	1.20511	1
7	38.9268	3.35765	0.330048	1.25412	1
7	4.86651	2.48369	-1.43611	-0.698149	1
7	6.10914	11.0191	0.798009	-2.1348	1
7	10.2092	5.92027	-0.496744	-0.250218	1
7	15.563	33.2924	1.97135	-0.989048	1
7	11.6329	8.92261	0.191114	0.988754	1
7	14.3773	33.5787	-0.190346	-0.317434	1
7	16.8117	32.5968	-0.879982	1.0155	1
7	12.7214	8.47648	0.901924	-0.540726	1
7	15.5888	3.67248	0.418179	1.09693	1
7	15.3966	10.184	0.115689	-0.0396221	1
7	21.6078	1.48022	-0.195502	-0.640885	1
7	19.1155	10.745	-0.51127	-1.19024	1
7	16.6845	5.82747	-0.932043	-0.745597	1
7	32.0878	17.6578	-0.894562	0.108901	1
7	29.5251	19.7084	0.020524	-2.15919	1
7	21.5709	3.85146	0.226821	-0.46221	1
7	24.2867	11.4285	1.0019	-1.20668	1
7	27.5839	19.1069	-0.164915	-1.15277	1
7	31.9557	4.3364	0.0583655	-0.274729	1
7	27.3425	35.7711	1.20133	0.618444	1
7	26.0153	6.27947	-2.19654	-0.934981	1
7	37.5038	4.68438	1.96578	-0.784311	1
7	34.8913	9.11508	-0.00966283	0.546253	1
7	2.23041	2.82966	-0.300658	-1.62581	1
7	34.0238	37.4252	0.721492	0.0599086	1
7	37.4798	13.1195	2.24288	0.613072	1
7	35.4953	16.1915	1.45588	1.16863	1
7	2.23299	8.85803	1.86246	-1.76063	1
7	2.95849	9.80906	0.796373	0.801261	1
7	4.9235	16.2174	2.2338	-0.361089	1
7	4.03616	1.7476	-1.822	0.237178	1
7	12.1429	7.61039	2.22765	1.04171	1
7	20.53	15.0088	1.71155	0.17634	1
7	11.1328	6.78132	0.603856	-1.10152	1
7	13.2375	9.47483	2.82449	-0.831793	1
7	13.8539	8.30823	-0.899516	0.0931869	1
7	16.88	39.0436	1.18576	-1.32617	1
7	13.2787	39.1899	0.142538	-0.19365	1
7	22.6236	35.6792	-0.186866	-0.750534	1
7	13.052	7.11237	1.29351	-0.103217	1
7	18.0203	8.04019	0.0372116	-1.46191	1
7	11.3611	11.3526	-0.0318405	-0.232864	1
7	22.8557	5.99925	1.26264	1.40687	1
7	17.088	1.30592	0.132224	1.40819	1
7	16.1895	38.0957	1.01119	-0.266287	1
7	33.8517	17.0754	0.654058	-1.06651	1
7	24.9107	6.34317	-3.08288	-1.00901	1
7	31.7079	2.93497	-1.23509	-0.390923	1
7	18.1704	16.4884	0.0614191	0.12536	1
7	28.1505	7.19643	0.861189	0.84952	1
7	22.0873	11.3625	1.79139	-0.606086	1
7	35.6967	17.3354	0.984853	-1.08184	1
7	30.6837	6.85347	-0.944559	-0.153944	1
7	31.732	7.81382	0.785459	0.560773	1
7	1.18143	8.7087	-0.160186	-0.87515	1
7	34.357	10.1961	-0.112215	0.249297	1
7	32.4353	5.72207	0.394746	1.4206	1
7	32.7729	15.4303	-0.196489	0.000857731	1
7	33.6284	12.2906	-1.46055	-0.487502	1
7	36.7391	11.3681	0.661757	-2.09858	1
7	36.5867	21.3581	0.066714	-0.0507459	1
7	35.8588	10.3628	0.0159454	-0.219333	1
7	3.90602	13.8151	-1.03921	-1.20664	1
7	4.19705	5.68582	1.82588	0.0573045	1
7	4.76831	6.94012	0.216719	-0.304901	1
7	38.0762	13.85	0.746711	-0.499836	1
7	19.8197	12.2362	1.13488	-0.857141	1
7	39.1277	9.43442	-2.09601	1.46689	1
7	13.3326	4.06281	0.543948	-0.167958	1
7	7.43409	9.23373	1.29306	-0.291448	1
7	8.23696	10.5275	-0.409718	-0.0658657	1
7	18.2459	35.1313	0.504997	0.12587	1
7	15.7923	0.556353	-0.48414	0.0456442	1
7	12.4276	39.6759	0.0757488	-0.622508	1
7	14.5713	2.79183	-0.720418	1.29633	1
7	18.9688	3.07588	-0.253833	-1.27885	1
7	21.4658	0.12509	0.416194	-1.03843	1
7	15.2783	12.6553	0.693734	-0.261951	1
7	23.069	4.1966	1.07134	0.210459	1
7	24.6876	7.6208	-1.41937	0.918495	1
7	28.2288	13.7594	-0.360687	-0.915288	1
7	26.2343	12.9007	0.494533	0.0576901	1
7	28.7274	12.4946	-0.714045	-1.02614	1
7	29.0961	18.7515	-1.39184	-0.442525	1
7	28.2305	15.7398	0.476427	0.777716	1
7	35.838	12.1448	-1.18619	0.584704	1
7	33.6707	36.2809	-0.854094	2.08982	1
7	38.4466	5.84749	0.644223	0.304668	1
7	30.9084	4.47866	0.963887	0.594769	1
7	32.7467	12.907	-0.786161	-0.373277	1
7	27.4596	6.10562	2.36187	0.366382	1
7	34.4191	34.8476	0.889936	1.90876	1
7	30.2244	5.88309	0.615774	-1.06699	1
7	34.7809	19.6604	-0.582004	-1.16091	1
7	3.06	24.3963	-0.352968	-1.34364	1
7	3.06334	2.06117	-0.204671	1.10195	1
7	0.0921489	11.5978	0.605881	0.850904	1
7	10.2731	21.8925	0.246397	0.0461584	1
7	1.87063	11.7395	-0.0406845	0.346745	1
7	15.3739	39.6152	0.901248	1.99253	1
7	20.8515	13.852	-0.0554191	1.04633	1
7	4.30953	9.48356	-0.0901307	-0.699185	1
7	10.2449	15.7499	-0.350797	-0.640013	1
7	17.1304	4.76013	-0.303059	-1.85971	1
7	14.7022	38.3878	-0.753687	-0.709903	1
7	14.9802	8.90587	1.02728	0.592618	1
7	15.1813	14.4795	0.777462	0.0136979	1
7	12.6176	5.76831	0.372656	1.35033	1
7	26.1653	4.52805	0.0190152	0.952231	1
7	21.5034	2.76866	1.47152	-1.485	1
7	29.6328	8.59203	0.130761	0.613333	1
7	17.7917	5.92276	0.0305463	0.886319	1
7	23.0023	10.6267	1.44465	-0.383202	1
7	34.1272	7.85582	0.110199	0.721724	1
7	20.0958	10.2227	-0.166576	-0.170414	1
7	18.8795	17.193	-0.188082	-0.24208	1
7	16.5268	12.2283	1.1234	0.119402	1
7	29.5945	11.6513	-0.637161	0.364903	1
7	19.3062	8.34335	0.870004	0.183761	1
7	34.7546	5.76912	2.21708	-0.784065	1
7	31.6265	9.99905	0.787714	-0.148386	1
7	25.4566	18.6935	-0.421083	-0.0978698	1
7	35.0734	21.1738	-0.548601	-0.492513	1
7	4.05411	12.4288	-0.247493	0.424754	1
7	2.81522	15.8067	-0.759549	-0.392657	1
7	39.9856	21.6854	-1.12555	0.10137	1
7	8.11767	16.6648	-0.190983	-1.07931	1
7	3.37257	8.83371	-1.45827	0.610121	1
7	38.1218	7.87827	1.10057	-0.17536	1
7	10.8526	39.9147	0.662247	1.60952	1
7	13.0376	12.6761	-0.618986	-0.405127	1
7	8.57159	9.58306	-1.33044	0.800282	1
7	2.57329	6.9536	-0.640784	-1.41406	1
7	8.94032	4.00093	0.848616	0.987519	1
7	2.30299	10.7039	-0.840786	-0.690239	1
7	7.01255	23.4878	-0.493388	0.537833	1
7	15.7944	4.75964	-0.710489	-0.763301	1
7	9.22092	12.5996	-0.552656	0.73342	1
7	10.566	13.5002	-0.427876	-0.476675	1
7	18.0451	10.4735	0.0618206	-0.278475	1
7	10.4752	0.826246	0.828131	2.57604	1
7	30.3508	12.4251	-1.63863	-1.31226	1
7	18.1478	3.82382	-0.239241	0.0858499	1
7	24.969	8.75078	-0.484735	0.217936	1
7	10.5824	4.86192	0.284719	-0.0142137	1
7	17.8923	2.74461	1.78038	1.07073	1
7	27.7005	12.8332	0.0552274	-1.17931	1
7	27.1029	13.6478	0.740023	-0.960839	1
7	15.845	16.0062	-1.44517	0.36612	1
7	31.5417	11.6871	-0.238519	-0.428082	1
7	21.2679	12.1216	0.455725	-1.35244	1
7	23.8985	21.9674	0.105595	-1.32809	1
7	31.8443	18.9441	1.62757	-0.0244596	1
7	39.2756	7.76425	0.315087	-0.237233	1
7	23.1958	11.6297	-1.03108	0.386646	1
7	35.0144	12.7947	1.31459	-1.47671	1
7	31.9029	13.841	-0.0668586	0.356642	1
7	30.2396	13.8082	-0.0938253	1.55596	1
7	3.64743	21.7067	-1.1319	0.443165	1
7	36.3947	18.4861	-0.110617	-1.49515	1
7	0.299141	15.3081	-1.30046	-0.019146	1
7	6.44441	3.58267	-1.72507	-1.0863	1
7	3.83682	7.81803	-0.410216	-0.844394	1
7	0.794473	10.7188	-1.2244	-2.03292	1
7	8.6239	11.8451	0.526339	1.14414	1
7	12.6075	14.5317	0.23243	-0.826608	1
7	9.3958	16.5146	-1.80406	0.607163	1
7	11.4555	14.218	-0.352335	-0.329444	1
7	9.45684	8.40328	-0.123355	0.790247	1
7	13.0235	16.7428	1.01718	0.149049	1
7	18.3904	39.0019	-1.07913	-0.160761	1
7	18.0327	15.1252	-1.65715	0.330295	1
7	18.7543	12.0053	-0.237148	-0.510054	1
7	23.0665	7.75308	1.29919	0.0668777	1
7	24.8896	13.9146	0.594943	0.0493291	1
7	16.1241	8.50875	-0.401652	0.422445	1
7	32.9771	7.46405	0.0715624	-0.606995	1
7	26.0558	8.94214	0.717967	-0.226097	1
7	24.3876	17.6287	0.711106	-0.709256	1
7	26.7457	8.15746	1.37121	0.286401	1
7	28.2694	20.0006	1.44695	0.204295	1
7	29.2632	15.8905	1.20515	0.22604	1
7	26.8554	20.2281	-0.199329	-0.285652	1
7	29.5351	17.4201	-1.68817	1.22975	1
7	36.1153	19.7341	-0.5932	0.704733	1
7	34.9916	11.0068	-0.666106	1.82315	1
7	29.4214	5.15992	1.28122	0.798417	1
7	31.3674	12.7637	-1.61421	-1.08946	1
7	32.9109	14.2163	0.273849	0.130576	1
7	36.9502	5.66346	-1.2737	2.45165	1
7	30.4366	9.86716	1.45331	1.15385	1
7	39.3943	10.5531	0.619416	0.474023	1
7	33.1378	24.518	0.254079	0.110817	1
7	39.5499	16.0839	-0.349336	-0.788346	1
7	12.6724	0.80522	0.528805	-1.49562	1
7	2.76654	14.2911	-0.837642	0.0840408	1
7	5.2246	12.0906	-0.232166	1.97031	1
7	34.7375	13.8831	1.83353	-0.802689	1
7	7.80854	18.8968	-0.458405	1.08275	1
7	10.3428	11.8835	0.323991	-1.71671	1
7	12.2775	13.296	0.697292	-0.806373	1
7	13.5693	19.9915	2.09358	1.19604	1
7	18.5518	13.9397	0.782565	-0.675017	1
7	9.35333	10.7977	-0.232542	-1.63481	1
7	8.98234	13.9365	-0.351093	0.481491	1
7	10.6621	17.9288	1.18701	0.955138	1
7	13.5266	13.9482	0.688422	1.10054	1
7	13.4744	15.068	-0.745138	-0.153164	1
7	10.4548	8.85575	1.81007	-0.943162	1
7	16.2548	14.5123	-0.0834827	2.22779	1
7	21.6747	14.9557	1.38783	-1.48213	1
7	25.6857	11.8131	-0.45128	-1.0088	1
7	15.5768	7.44279	1.16497	-1.08139	1
7	26.5736	19.0969	-0.608619	0.617031	1
7	24.1921	9.7213	0.811405	0.263226	1
7	38.0243	9.71832	-0.485737	1.42178	1
7	28.5767	11.3632	-0.308266	1.54747	1
7	32.0064	22.565	-0.476007	-1.94482	1
7	29.2549	10.4338	1.23426	-0.218759	1
7	1.71402	20.4356	0.410908	0.0686422	1
7	36.9358	15.2803	-0.486537	-0.0821675	1
7	1.50305	15.3926	-0.134741	-0.451809	1
7	21.1542	38.9257	-0.321306	1.21447	1
7	3.91844	16.8004	-0.527696	-1.98177	1
7	17.9454	21.9895	-0.453986	-0.231231	1
7	32.8071	20.9942	1.00646	1.86085	1
7	39.1454	11.534	0.486156	1.37311	1
7	39.9996	4.75151	0.331428	0.294816	1
7	5.62662	22.9674	0.24629	1.24348	1
7	14.7964	18.9882	0.272303	-0.422792	1
7	5.67983	19.1458	-1.48396	0.0340855	1
7	7.95611	13.1523	0.416036	-0.080056	1
7	4.2956	20.8753	-0.329521	-0.855684	1
7	38.0858	10.9042	0.554843	-0.494112	1
7	27.6279	14.6862	-0.485839	-0.918741	1
7	5.19624	13.8081	0.653429	0.11257	1
7	12.4407	15.8291	-1.09009	0.803788	1
7	11.6567	10.1659	1.3355	1.34777	1
7	13.07	21.9774	-0.132633	-0.311996	1
7	25.8503	7.67614	0.289411	-2.23134	1
7	5.05356	8.48519	0.848374	-0.86101	1
7	12.157	29.8118	-0.191273	-1.35954	1
7	14.0103	10.3192	0.212207	-0.158885	1
7	22.234	26.7928	0.616678	0.0238972	1
7	15.675	19.8306	-0.674368	-0.61195	1
7	22.8324	17.3017	1.2155	0.527016	1
7	24.4012	18.8493	0.0972233	0.460575	1
7	33.7725	25.8985	-0.142139	0.868339	1
7	31.7207	14.9066	-0.275845	2.26469	1
7	32.8801	18.4625	0.192453	0.642123	1
7	32.5375	11.9636	-0.778491	0.205352	1
7	25.5724	17.6586	-0.0105963	0.760804	1
7	23.668	28.2428	-0.723564	0.256252	1
7	31.8753	15.8875	0.642496	0.669574	1
7	1.75001	14.3435	0.464944	1.15146	1
7	30.3183	24.3398	0.287359	2.28472	1
7	32.9003	19.5465	-0.702448	-1.22218	1
7	0.635559	19.8584	-0.87043	-0.458746	1
7	14.7785	16.6234	-0.222319	-1.29212	1
7	5.5457	15.0671	-0.10392	0.00724397	1
7	3.24592	11.2446	1.1452	-0.436792	1
7	14.8478	15.4325	0.173777	-2.05025	1
7	0.118792	25.5681	0.958771	-0.773168	1
7	5.94206	20.8093	0.0989528	1.61315	1
7	38.389	22.9957	0.79387	-2.37224	1
7	6.66464	19.791	-0.672893	0.140634	1
7	5.42927	10.0099	0.0725792	0.667313	1
7	1.84764	16.6357	-1.06405	-0.0085551	1
7	13.9754	21.3279	0.592946	0.181679	1
7	4.78786	19.6774	-0.113959	-1.66924	1
7	17.4502	18.7176	0.372988	0.658389	1
7	19.0941	21.1226	0.951465	-0.461344	1
7	16.8717	17.7953	-0.0467948	0.311095	1
7	13.6749	5.58283	0.158205	1.37326	1
7	16.8742	15.3674	-0.677263	0.436283	1
7	26.9866	15.8012	0.613767	-2.0949	1
7	23.6234	16.1346	0.644436	1.29457	1
7	23.1115	9.50172	0.796068	2.07075	1
7	15.8627	17.1991	0.290933	0.206236	1
7	20.6621	23.886	0.137369	0.864421	1
7	26.6408	26.7693	0.286727	-0.908219	1
7	22.6316	25.0914	0.183569	-0.0673096	1
7	25.5976	24.2151	-0.237528	0.365266	1
7	33.4817	2.18653	0.222354	0.262382	1
7	27.4616	27.841	0.517464	1.35989	1
7	33.9525	20.3064	0.581549	-0.302345	1
7	38.7899	2.29695	-0.817859	-1.14007	1
7	30.8288	15.2922	-2.39642	1.07342	1
7	33.7278	13.3732	-0.421579	-0.761052	1
7	33.9082	14.8108	-1.15299	1.33605	1
7	1.08398	21.4577	-0.230736	0.599433	1
7	7.45125	15.7813	-1.14586	-1.01286	1
7	8.71128	19.5478	0.566025	1.43594	1
7	10.9524	22.7494	-0.0716317	0.125088	1
7	1.16215	13.3381	-0.177802	2.42088	1
7	9.45094	18.6119	-1.37774	-0.980547	1
7	5.59281	25.511	1.63527	2.17306	1
7	1.30778	18.1019	-1.61585	1.67452	1
7	5.89938	18.0805	-0.731535	-0.249711	1
7	7.04044	12.4276	-0.0611973	-2.04773	1
7	13.904	18.3859	0.259083	-0.353276	1
7	7.87375	23.0671	-0.547145	-0.663061	1
7	11.6228	24.9828	1.55482	-0.48023	1
7	10.2887	16.8644	0.590577	0.431391	1
7	16.9056	10.5475	2.06124	0.648664	1
7	15.9029	18.4776	-0.659093	-0.879532	1
7	4.61361	22.2215	-0.83025	-1.40199	1
7	9.1361	27.4159	-0.251154	0.791046	1
7	33.5532	11.0641	0.566333	-2.4337	1
7	13.9808	17.3354	0.0600557	1.27673	1
7	17.8012	9.42056	0.20944	1.57578	1
7	32.1453	6.79527	0.812365	-0.176125	1
7	21.7175	10.1216	0.0137252	0.279414	1
7	18.0537	17.7427	-0.483939	-0.760788	1
7	19.298	27.6991	-0.0809069	2.11007	1
7	31.0618	8.89812	-1.39905	-0.901576	1
7	24.8898	22.4483	-0.0265815	0.687504	1
7	31.2544	21.0729	0.723104	2.34713	1
7	36.6252	29.4015	0.985327	0.273931	1
7	5.7749	16.9222	0.263589	-0.748379	1
7	37.2899	19.8112	0.493734	-0.0594635	1
7	32.8318	16.6866	1.37559	1.42042	1
7	0.551583	16.4413	-0.639475	-0.473686	1
7	39.2311	14.6394	0.246502	1.55799	1
7	28.1455	17.7082	-0.158386	-0.747487	1
7	2.89506	17.7198	-0.840103	-0.591237	1
7	8.69938	15.061	0.625087	-2.10836	1
7	39.5055	22.8722	-0.0422251	1.22071	1
7	7.25038	24.5699	-0.202719	0.786213	1
7	1.5565	23.8034	0.0758801	-0.0557911	1
7	12.6555	1.90668	1.90479	0.70722	1
7	13.6575	11.3351	1.32562	0.501429	1
7	11.2912	15.3087	2.18264	-0.00788217	1
7	6.90386	10.1277	-1.36306	0.0678212	1
7	15.9009	13.4446	0.318722	0.40882	1
7	17.5384	11.5904	0.123804	-0.970261	1
7	21.1721	15.8924	-1.03199	0.623187	1
7	9.85158	19.5918	0.199116	0.0809591	1
7	19.7944	13.3951	-0.747018	-0.269785	1
7	9.65428	20.8909	0.206565	-1.61125	1
7	19.6603	17.9324	-0.732758	-0.41588	1
7	18.6992	18.7826	1.91497	1.20709	1
7	25.5863	26.8189	-0.739789	-0.332081	1
7	28.7407	14.6116	-1.24311	0.399761	1
7	21.7958	20.2597	-0.629347	-1.7924	1
7	23.0253	26.0453	-0.724144	-1.3137	1
7	17.2119	14.2306	0.50698	-0.0609382	1
7	31.6133	20.0183	-0.657427	0.494212	1
7	31.2917	23.6708	0.172863	-1.33148	1
7	37.8532	11.943	1.25998	-0.0462054	1
7	34.0828	18.6109	1.59984	-0.247337	1
7	31.7509	30.3649	0.239722	1.15489	1
7	26.5752	17.2052	0.723154	-0.633524	1
7	35.1626	18.1988	-1.42237	-0.493188	1
7	30.6535	19.0528	0.619536	0.276384	1
7	35.8855	26.3736	1.58746	-0.0918461	1
7	30.7129	10.9239	-0.499745	0.443349	1
7	37.8629	21.044	0.554098	-1.99003	1
7	7.17978	20.8392	-0.68152	1.0338	1
7	38.6921	21.7837	-2.39404	-0.296367	1
7	34.768	25.9441	0.635389	0.862552	1
7	35.9095	14.1762	1.58856	-1.46783	1
7	10.4428	14.5826	-0.842981	0.457875	1
7	0.870887	22.5933	0.910991	1.63255	1
7	2.50923	19.4055	-0.456392	-0.314769	1
7	8.56428	7.5786	0.365372	-0.982186	1
7	8.51372	20.5781	-0.409232	1.26737	1
7	11.978	17.1823	1.94897	-1.00843	1
7	19.868	18.978	1.45974	1.35514	1
7	19.6867	14.3883	0.669689	0.190496	1
7	20.6539	11.0746	-1.29304	-0.0449635	1
7	25.0851	10.7547	-1.89427	-0.0509993	1
7	19.927	16.8609	1.77319	-1.57188	1
7	17.9442	23.6461	0.53874	0.594466	1
7	14.5146	26.5204	1.12501	-0.49606	1
7	26.5816	10.2895	1.33423	1.87855	1
7	27.8659	10.4363	-0.345579	-1.27795	1
7	32.2503	23.9319	1.69959	-0.292249	1
7	27.5252	21.1157	-1.7606	-0.419434	1
7	27.3232	28.9491	-1.15952	-0.223578	1
7	26.6596	29.7865	-1.11282	0.122077	1
7	28.6327	25.7339	0.938998	-0.70029	1
7	34.837	22.7581	-0.515625	-1.24788	1
7	20.7248	17.4703	0.432139	-0.09506	1
7	39.8943	18.3149	-1.28504	-0.525862	1
7	29.7965	23.1833	-0.705684	-0.995263	1
7	34.6181	28.1699	1.52698	-0.843676	1
7	38.9139	16.8263	0.0582644	-0.377929	1
7	0.404522	23.7895	-0.841919	-0.216924	1
7	4.68261	18.5501	-1.48003	-0.079418	1
7	4.08666	10.5535	0.927148	0.0918088	1
7	27.1907	18.1653	1.14135	1.99251	1
7	39.1853	19.17	1.43184	0.85777	1
7	36.9057	14.1777	-1.00444	0.204577	1
7	11.4247	23.813	-0.123664	0.654501	1
7	5.92383	24.4285	-1.41489	0.788028	1
7	12.6451	11.7134	-0.61086	-2.36373	1
7	3.5711	19.8627	0.0434454	-0.768578	1
7	39.4349	20.5985	-0.35432	0.73075	1
7	2.97858	25.7427	-0.403359	-0.340258	1
7	3.79356	15.0387	-1.03556	0.0865742	1
7	14.9265	17.9867	0.284412	1.66932	1
7	10.6943	25.4499	-1.22173	0.0543981	1
7	30.1271	21.0329	-0.0429626	0.222117	1
7	16.6384	22.6059	-1.75442	0.252315	1
7	23.6394	13.9574	0.766632	-0.445304	1
7	21.0831	21.4427	0.288374	-0.788949	1
7	20.4888	25.6183	1.37318	-1.54402	1
7	21.3776	24.7747	1.12708	0.481558	1
7	20.7634	26.6605	-0.690238	-0.158966	1
7	24.6763	24.7952	-0.39921	0.729394	1
7	17.4042	28.5705	-0.901606	0.164575	1
7	25.8049	22.0721	-0.493335	0.120647	1
7	25.8633	25.7718	1.31617	0.478879	1
7	27.6461	24.1268	-0.913064	0.775032	1
7	30.7589	3.33706	1.45608	-0.17342	1
7	26.0949	16.2297	-1.49241	-0.934204	1
7	35.1921	27.2326	-0.75127	0.25464	1
7	29.4763	22.162	-0.427679	0.291215	1
7	37.693	16.6851	0.361971	0.0936015	1
7	39.2123	25.0953	-0.476828	1.62366	1
7	37.4043	30.1797	-0.290765	-0.160012	1
7	7.56907	17.6609	-0.596557	1.18378	1
7	4.28767	24.6403	-1.44868	0.957509	1
7	35.7966	23.4595	-0.714084	0.203555	1
7	39.1881	24.0277	0.00607346	-0.0947285	1
7	10.7023	20.5961	0.715973	-1.4351	1
7	1.5204	26.0219	-0.582305	0.433681	1
7	8.15685	21.6125	1.68787	2.23638	1
7	12.2339	22.5543	-0.161728	-1.47689	1
7	6.71371	22.4178	0.610786	1.05192	1
7	14.616	20.1709	2.23669	-0.448056	1
7	15.1946	24.4792	-0.478205	0.189952	1
7	5.69788	21.8502	0.935686	0.408561	1
7	12.6879	32.7165	-0.427903	0.0689288	1
7	12.5493	19.1824	0.40747	0.831195	1
7	29.2773	13.4959	-1.90982	0.59554	1
7	22.8657	20.336	0.905028	0.604328	1
7	16.8476	16.5424	-0.0070198	-0.276306	1
7	21.6883	25.876	0.636518	2.05915	1
7	19.391	23.7639	-1.41772	-0.684099	1
7	21.6513	13.1517	-0.230154	0.527039	1
7	22.1134	21.4456	-0.341066	0.674247	1
7	26.2522	21.1003	0.070622	-1.44817	1
7	21.4716	22.4391	-1.24788	-0.195079	1
7	25.2492	28.0345	2.16657	-0.914509	1
7	31.0275	31.414	-0.755145	-1.44897	1
7	18.1416	24.9686	-0.806698	-0.0697421	1
7	38.5983	28.5721	0.538835	-0.654009	1
7	23.7729	25.3252	0.747709	-1.01349	1
7	39.6174	29.5558	1.88664	1.41225	1
7	22.7998	22.5639	-0.397019	-0.617046	1
7	30.8287	17.4502	1.07413	-1.66862	1
7	36.5123	35.6351	1.08217	-0.892955	1
7	37.7552	22.1102	1.00701	0.11396	1
7	33.6283	22.3873	1.02346	-0.645205	1
7	34.2876	24.9549	1.39221	0.247052	1
7	4.31675	30.7506	0.075503	1.17466	1
7	11.687	21.5804	-0.0178669	2.63035	1
7	2.77524	31.2395	-1.24449	-0.251634	1
7	9.81255	30.0624	1.59177	0.963114	1
7	17.7805	19.7326	-0.532918	-0.288946	1
7	2.75004	27.1053	0.469752	0.241668	1
7	19.0835	22.6044	-0.600559	-0.636715	1
7	9.73161	26.3329	-0.119434	-1.61116	1
7	9.61015	23.407	2.06488	-0.105541	1
7	14.4343	22.2665	-0.604011	0.297224	1
7	13.6358	24.1672	-0.574194	-1.29244	1
7	17.8227	12.6775	-0.0347988	2.06082	1
7	12.6894	25.4077	0.115246	0.462158	1
7	22.409	15.8484	-0.651787	0.372132	1
7	16.5582	27.7503	0.189906	-2.56446	1
7	12.0279	34.3434	-0.544722	-0.611197	1
7	22.4465	12.4556	-0.48556	-0.534216	1
7	21.8034	16.8091	-0.488026	0.635973	1
7	26.3016	23.2609	1.0197	-0.770935	1
7	20.5483	20.3555	0.140428	1.3517	1
7	24.5114	28.8713	-0.829713	-1.55886	1
7	21.5719	27.7813	0.97595	-1.05031	1
7	23.413	18.675	-0.135866	0.534696	1
7	25.9511	28.9728	2.98535	-1.79142	1
7	26.1522	32.2278	1.83194	0.870321	1
7	34.7477	30.3239	1.5528	0.437679	1
7	38.8194	31.9969	-1.08541	2.39319	1
7	32.8163	26.4083	-0.175638	-0.639474	1
7	4.31788	23.3692	-0.234714	0.139062	1
7	38.262	26.2877	-0.0447167	0.448623	1
7	36.6866	28.2388	1.37973	0.829009	1
7	30.568	35.2852	-0.645873	1.941	1
7	7.71667	14.1191	-0.282035	1.24738	1
7	8.87808	22.5936	1.09463	0.89862	1
7	39.2449	26.2855	1.1638	1.00333	1
7	39.8734	28.2787	0.92518	-0.0190209	1
7	10.6081	30.9083	0.223423	0.618209	1
7	10.192	24.3277	1.41005	0.520963	1
7	3.57617	33.5736	0.860769	-0.58292	1
7	11.6587	27.3545	0.593002	0.557662	1
7	6.21927	13.67	-0.256812	1.08028	1
7	15.5341	20.8584	0.950328	0.726906	1
7	19.0159	19.8425	0.561075	-1.36642	1
7	13.0473	26.6582	0.327577	0.591579	1
7	16.7534	30.4019	-0.367816	0.626793	1
7	24.6664	25.9984	0.217186	0.767672	1
7	16.8814	23.6921	-0.220385	-0.200068	1
7	8.66959	24.079	1.6545	-0.139863	1
7	23.7733	19.8898	1.04799	0.032685	1
7	24.7563	23.5346	-0.827169	-0.147	1
7	22.8234	14.7696	-1.30953	-0.522862	1
7	19.4577	24.765	1.63275	0.128069	1
7	24.9407	31.1679	-1.24179	1.40895	1
7	33.3761	35.0281	1.25094	0.0952277	1
7	32.7986	27.8277	-0.65314	-0.438468	1
7	35.7885	30.1895	-1.09496	0.537475	1
7	29.1586	20.6655	-1.20089	0.993036	1
7	1.01951	29.5757	1.21068	0.620412	1
7	26.6596	24.1905	-0.00851696	-0.578548	1
7	35.8322	22.3873	-0.833344	0.580716	1
7	36.7211	31.1514	-0.877685	-0.987963	1
7	36.3899	24.397	0.33213	1.77613	1
7	3.71032	29.804	-0.79386	-0.746638	1
7	34.4418	15.8181	-1.23042	1.98696	1
7	0.439107	27.2413	-1.54514	0.624723	1
7	23.8051	32.7442	-0.264495	0.494214	1
7	4.5066	28.5958	-0.270677	-1.08053	1
7	6.68923	39.6997	0.888911	0.535619	1
7	1.65912	30.5296	-0.680246	-0.00708406	1
7	1.02991	24.9104	1.105	0.763228	1
7	8.98202	36.2369	-0.145051	0.633779	1
7	8.21416	37.0384	-0.522461	0.623904	1
7	37.0387	23.5755	0.182646	0.293156	1
7	1.97434	0.110129	-1.10372	-1.79556	1
7	17.1768	24.6699	0.0455415	-0.607172	1
7	13.9122	28.3608	1.05092	-1.2037	1
7	11.5918	31.214	0.185335	-2.65759	1
7	8.5976	29.8659	-0.547366	0.302559	1
7	23.1807	24.0759	-0.757917	-1.46254	1
7	18.8433	31.3557	-1.35062	1.93513	1
7	12.5849	23.8593	0.223863	-1.0159	1
7	22.4567	19.0394	-1.64731	0.0917942	1
7	13.2132	31.6035	0.338725	2.62539	1
7	13.8577	27.3534	-0.717314	-0.021876	1
7	23.9354	27.082	1.73719	-0.814259	1
7	18.8426	30.0305	-0.568497	-0.413006	1
7	31.6744	28.2604	-1.0959	0.0126694	1
7	23.4531	31.7111	-1.0204	-1.08594	1
7	34.3929	23.8787	1.2263	0.122188	1
7	26.693	38.0884	0.450245	1.22299	1
7	25.337	37.979	-0.502531	1.33377	1
7	20.4163	28.0923	0.207838	1.11112	1
7	30.6962	30.2724	-1.02772	0.30352	1
7	26.9707	25.1584	0.179169	-0.642774	1
7	27.7841	30.0285	-0.765721	0.0608066	1
7	37.4202	32.1126	-0.0363859	0.672632	1
7	4.06998	25.7612	0.342717	0.419247	1
7	5.37835	27.8178	1.60505	1.05655	1
7	9.23993	28.5912	1.37615	0.574524	1
7	32.6779	30.9538	1.48912	-2.0066	1
7	2.01578	24.8829	-0.847771	-1.5009	1
7	35.314	24.8994	0.723204	0.75479	1
7	3.15909	22.8464	-0.317969	0.62175	1
7	3.69224	35.7792	0.231022	-0.164297	1
7	4.32165	27.3082	-0.193025	-0.807209	1
7	20.9485	18.8876	0.207151	-1.21521	1
7	9.09365	17.5626	1.61001	1.52684	1
7	12.6562	27.601	-0.0685815	0.924763	1
7	14.2584	25.3575	-0.712349	-1.42357	1
7	13.851	16.0604	-0.296618	-0.509384	1
7	17.6344	38.3535	-0.351006	0.394577	1
7	15.5941	21.9835	-0.187895	-0.260327	1
7	9.88926	31.8975	1.94547	-0.758384	1
7	20.0628	36.2635	-1.2209	0.742121	1
7	15.2349	28.649	0.144088	1.4567	1
7	20.0186	21.6835	-1.48909	1.36081	1
7	18.8367	25.8308	0.494304	0.976108	1
7	15.8084	27.1249	-0.085909	-1.24041	1
7	25.1646	34.0966	-0.0686465	-0.285372	1
7	20.4009	33.1087	0.682121	-1.37854	1
7	19.1699	15.9138	0.79921	1.04015	1
7	35.5553	33.2494	-0.848113	0.0489493	1
7	25.8519	19.7938	-0.274133	-0.915852	1
7	31.4842	32.3973	0.49752	-1.15299	1
7	29.6094	25.2343	-0.201247	-0.733255	1
7	30.899	27.2863	0.408055	1.19678	1
7	18.3689	27.1787	-0.816542	0.98245	1
7	31.1766	29.3007	-0.879777	-1.97535	1
7	37.312	25.4421	1.0329	0.0601614	1
7	9.49895	25.1346	-0.212177	0.359183	1
7	4.69028	33.4462	0.483781	0.0737341	1
7	37.5097	18.4781	-0.460295	1.88679	1
7	5.57709	30.4866	0.128046	-0.383866	1
7	6.80434	28.5881	-0.854459	1.21245	1
7	1.03286	37.2237	-0.484863	-1.25004	1
7	4.86392	38.1036	0.0726213	-0.4094	1
7	33.3287	0.143057	-0.532226	-0.82809	1
7	2.08161	33.7739	0.361747	-0.587356	1
7	1.5586	19.1163	-1.91589	-1.00587	1
7	12.8721	28.8391	-0.224561	0.537648	1
7	5.17505	26.5436	0.221407	0.93714	1
7	18.6481	33.3248	-0.256025	-0.326502	1
7	16.3588	28.9844	0.19722	0.287774	1
7	11.4368	28.7133	-0.281894	0.243495	1
7	15.5174	22.9752	0.676382	0.154708	1
7	17.7561	29.5638	-0.591754	-0.321623	1
7	23.9906	34.0625	0.98873	2.63868	1
7	24.0688	35.3238	0.853047	0.0284015	1
7	16.7123	19.4034	-1.00099	-0.22913	1
7	17.358	27.0693	0.0549088	0.578867	1
7	28.5336	28.0671	-0.776935	-1.27561	1
7	23.7436	29.5598	-0.370376	0.206881	1
7	25.9191	33.4174	-1.0651	0.812944	1
7	26.3243	27.8045	-0.214059	1.96775	1
7	30.5023	28.2681	-0.376413	-0.238911	1
7	22.7843	28.9182	-1.73235	1.0271	1
7	28.4371	34.3171	-1.81933	-0.85123	1
7	0.480472	31.7012	-0.424004	0.478459	1
7	30.4922	36.4922	0.253654	0.810091	1
7	35.663	28.4392	0.0906923	1.36827	1
7	1.82339	32.0846	1.67962	-0.466586	1
7	37.9931	30.9848	-0.102743	1.40485	1
7	38.0471	24.5777	1.16174	0.0803884	1
7	2.64353	30.1846	0.128045	-0.736122	1
7	11.2367	35.3994	1.4209	-0.913873	1
7	32.3452	25.2821	-1.58624	-0.430778	1
7	4.80966	29.7475	-1.18521	-0.0731051	1
7	3.53227	27.9457	1.42414	-0.456597	1
7	11.0768	32.1467	-0.693448	-2.30893	1
7	12.8366	20.8956	-1.62913	1.17656	1
7	13.5023	22.9664	-0.398952	0.415807	1
7	4.09187	0.584529	1.72112	-0.505192	1
7	11.0085	19.2383	0.100713	0.0508174	1
7	11.1144	16.4092	-1.19662	-1.22947	1
7	11.6539	18.4463	0.1176	-1.37398	1
7	11.7153	20.3899	-1.43146	-0.761042	1
7	20.6224	30.8533	1.87855	1.16815	1
7	8.72006	25.8684	-1.0628	-1.04469	1
7	7.35999	29.9709	0.997117	1.02934	1
7	16.0342	36.2345	-0.584133	-1.8808	1
7	19.9786	39.064	-2.17986	-1.4365	1
7	7.70944	35.9923	-1.41733	-0.000893839	1
7	17.8501	32.5358	-0.690317	1.13735	1
7	25.7018	0.945085	-0.39865	-1.18343	1
7	36.3124	32.2254	1.33803	1.25816	1
7	24.7551	20.1753	-0.896295	0.692504	1
7	32.4127	29.0511	0.990092	1.16785	1
7	28.3597	22.8491	0.12374	0.63349	1
7	29.2276	35.074	-1.71973	-0.771491	1
7	31.2533	25.1797	-1.78833	1.10581	1
7	29.169	28.8696	0.279414	0.388024	1
7	34.1207	27.1794	-0.358961	-0.346216	1
7	33.5036	32.4359	0.35476	-1.61981	1
7	0.986377	28.2555	0.395718	1.35259	1
7	37.6118	29.0782	0.302503	-1.77661	1
7	36.7162	27.0625	-1.63704	0.897917	1
7	6.32325	29.6672	-0.702989	-2.23106	1
7	11.0491	34.3252	-1.06775	-0.513388	1
7	4.62312	37.0466	-0.330769	0.147708	1
7	2.6488	20.8141	-0.89744	0.907425	1
7	14.954	32.3989	-0.847703	0.00473521	1
7	6.61755	35.7887	1.27772	0.595236	1
7	14.9439	36.1573	-0.440234	0.158082	1
7	5.53275	28.8978	1.98351	1.69296	1
7	8.20143	25.0219	-0.581287	-0.801996	1
7	6.0057	33.9221	0.0554209	0.855658	1
7	10.1468	33.4786	-0.189427	-0.443009	1
7	5.27505	5.14979	0.313185	0.292627	1
7	19.4164	38.0998	2.09155	1.46992	1
7	19.6016	26.4949	0.0324932	0.628936	1
7	17.4313	35.8122	0.931193	1.15684	1
7	21.9603	5.32381	1.71047	1.87066	1
7	28.7602	31.9836	0.445961	-0.426146	1
7	23.1063	34.7949	1.05878	-0.892812	1
7	12.0256	26.1955	-1.91618	0.333785	1
7	31.931	33.4744	0.395733	-0.475783	1
7	27.6068	31.3861	-0.400283	0.209934	1
7	26.0808	30.7995	-0.672173	-0.0736822	1
7	21.3697	29.3886	0.196199	-0.486246	1
7	1.45004	38.8096	0.416659	1.05744	1
7	18.4313	28.2518	-0.602209	0.936031	1
7	39.0682	34.2404	-0.94822	0.586442	1
7	29.5681	36.1729	-1.00937	-0.151807	1
7	29.5516	26.2952	0.365716	0.328469	1
7	33.7783	29.0304	-0.150811	0.0421593	1
7	34.8938	29.3079	0.290024	-1.15293	1
7	36.8513	17.4192	-0.250892	1.23985	1
7	31.5515	34.3535	0.00309995	-0.325773	1
7	1.56807	27.4302	0.220286	1.35944	1
7	35.5326	1.31842	0.387064	0.114429	1
7	37.3566	36.2872	-1.64652	1.08343	1
7	7.76106	31.0964	-1.05953	-0.158051	1
7	5.78843	36.7511	-0.0505625	-1.15069	1
7	1.97792	28.8104	0.648791	-1.46702	1
7	6.27035	32.5807	-0.119905	1.4043	1
7	14.7134	30.3924	0.831685	0.107359	1
7	9.46719	39.9836	0.348144	1.84051	1
7	8.11263	33.837	0.0207043	1.09478	1
7	11.1576	37.122	-0.0672598	-0.124961	1
7	7.93948	28.9092	1.17563	-0.921802	1
7	20.3752	35.0318	0.890022	-0.330642	1
7	15.7175	29.8087	-1.23091	-0.817476	1
7	11.2667	33.1676	0.761962	-0.478704	1
7	7.59816	27.8832	0.133878	-0.368703	1
7	16.8689	34.7039	0.675376	-0.211163	1
7	18.9483	32.3532	1.9057	-0.0529285	1
7	22.7527	38.7734	0.0701288	0.308694	1
7	22.8949	30.7591	-0.43704	-1.11181	1
7	23.871	36.4177	-0.619739	1.01234	1
7	26.8396	22.0699	-0.0432003	-1.30329	1
7	21.9719	37.8764	-1.0667	0.33122	1
7	25.1378	32.5585	-0.113754	-0.145983	1
7	30.8046	21.955	-1.57532	-0.00405623	1
7	30.8274	26.1784	0.513885	-0.28115	1
7	26.2814	34.4851	0.198215	0.187336	1
7	32.0597	35.6858	-0.474207	-1.01448	1
7	39.3996	36.6997	0.203	-0.201789	1
7	37.5052	39.9294	-0.182089	1.04321	1
7	4.25973	32.4117	0.959503	0.399913	1
7	0.72529	1.18594	-1.11116	0.434107	1
7	28.7126	0.396544	-2.53274	1.47576	1
7	33.0277	29.859	0.976913	0.425638	1
7	0.182798	38.0824	1.17895	-1.4089	1
7	27.8963	37.2083	-0.426235	-0.574687	1
7	34.4151	38.4272	0.552901	-0.340012	1
7	7.78714	39.9612	0.925115	1.5159	1
7	3.88548	38.5604	-0.67399	0.626342	1
7	7.71572	34.7756	-0.861211	-1.70656	1
7	9.09108	5.85367	-0.59499	0.707488	1
7	9.89567	7.52781	1.22405	0.520419	1
7	10.2499	28.1614	-1.75786	-0.619465	1
7	14.8652	27.5943	-0.49767	0.880899	1
7	11.0053	26.5184	0.39766	0.282561	1
7	14.4025	31.3178	1.48226	-0.861539	1
7	14.273	37.154	-0.0256162	-0.70604	1
7	18.917	1.95894	1.70094	1.31426	1
7	20.1994	22.9727	1.05925	-0.124452	1
7	26.2856	36.1474	-0.644067	0.210614	1
7	21.7386	36.1699	-0.240616	0.225742	1
7	26.877	5.25335	-0.00674463	-0.797058	1
7	24.7439	1.3503	0.348235	0.879099	1
7	19.2328	36.9986	1.17171	1.91658	1
7	28.6216	26.9058	0.915614	0.40187	1
7	27.9058	39.7096	0.220626	-0.757742	1
7	29.8279	31.5998	-0.993389	0.274823	1
7	20.642	3.28398	-0.337324	-1.27464	1
7	32.6304	34.2119	-1.6088	-0.00966308	1
7	36.5654	16.2923	1.34657	0.536476	1
7	28.621	30.7404	0.262699	-0.686125	1
7	36.6118	33.2156	0.476719	0.667418	1
7	32.132	0.156953	-0.322707	0.0313633	1
7	35.3531	31.3146	-1.11671	1.02032	1
7	5.94414	6.52718	-0.145308	-1.66723	1
7	7.01728	37.917	-0.655488	0.562467	1
7	0.138313	35.0236	0.174507	-0.987212	1
7	36.2232	34.2575	0.750137	-1.30926	1
7	39.9475	1.98947	-0.939568	1.82526	1
7	38.535	30.0113	0.630027	1.63828	1
7	7.16418	5.4021	0.416774	1.71659	1
7	9.99826	35.36	-0.497122	0.257084	1
7	6.76187	30.8829	-0.865076	0.101518	1
7	21.5336	32.8325	-0.0179712	-0.444198	1
7	13.2025	37.1873	0.985087	0.322623	1
7	14.9149	6.14477	0.475865	-0.639772	1
7	14.3733	29.2818	0.394558	-0.111245	1
7	17.8041	30.5943	0.436538	1.2816	1
7	11.2763	1.7935	0.418889	-1.45643	1
7	38.8522	27.2833	-1.39882	0.625484	1
7	12.0368	4.82849	0.567851	-1.19339	1
7	6.31542	4.56418	0.565092	1.30202	1
7	23.1008	33.534	0.383883	-0.669037	1
7	20.7162	5.10662	0.412033	0.00465496	1
7	22.6688	3.2374	0.365362	0.286698	1
7	22.8259	27.6237	0.6188	-1.18636	1
7	17.1426	31.3935	0.156848	-0.354086	1
7	38.4252	33.2006	-1.07634	0.932238	1
7	24.0051	30.5425	-1.03068	-0.782126	1
7	25.5002	35.3815	-0.337975	2.19523	1
7	29.7855	3.90982	-0.194548	-0.364689	1
7	38.4462	37.456	0.891075	-0.785446	1
7	32.1521	37.1117	0.63756	0.0861414	1
7	28.5921	24.481	0.403139	0.972199	1
7	31.7756	1.25602	0.314245	-0.401036	1
7	34.6749	32.6944	0.112734	1.51907	1
7	32.1049	38.2683	-0.517493	0.218555	1
7	0.990633	34.1622	-0.235709	1.34351	1
7	31.7871	26.6397	-0.811553	-0.475555	1
7	3.4412	4.82457	-0.948483	1.77918	1
7	28.6246	37.9177	-0.234054	0.132836	1
7	3.16602	32.3571	1.2064	-0.86297	1
7	34.5307	11.8536	-2.41464	0.0653748	1
7	1.08659	5.21306	-1.40336	1.81203	1
7	7.00717	6.42257	-0.823034	-0.093812	1
7	8.70644	1.45375	1.46125	0.114419	1
7	6.68748	8.4921	-0.0966223	1.074	1
7	35.4502	4.07751	-0.392367	0.581293	1
7	9.28103	34.4794	-0.48121	0.581678	1
7	19.314	35.0146	-0.722867	-0.584963	1
7	7.99634	6.0768	0.0398075	-0.0766423	1
7	2.31886	37.3705	1.36509	-0.00478257	1
7	18.2347	37.3351	0.00817273	-0.941482	1
7	7.65177	3.54103	0.542262	-1.95424	1
7	16.0016	31.9392	0.868678	-0.292009	1
7	20.2608	31.8847	-0.617265	0.248468	1
7	27.4377	34.6268	0.107362	-0.193581	1
7	35.829	37.9173	-0.150999	0.441716	1
7	14.405	23.4463	0.698514	-0.974795	1
7	36.4237	2.22386	0.301496	0.419893	1
7	24.1141	37.4756	-0.864454	-0.82386	1
7	30.7865	38.8318	0.365498	-2.69231	1
7	30.135	34.1442	0.493109	-0.846698	1
7	24.8185	2.47476	1.24444	1.22886	1
7	29.9488	37.5292	0.396481	0.158991	1
7	36.6828	8.28192	-1.4881	-1.41712	1
7	30.8446	33.3645	1.07927	0.489927	1
7	32.9999	37.6165	1.77487	-0.53248	1
7	37.7061	1.28029	-1.18267	2.12812	1
7	21.6783	30.7498	1.84188	0.442623	1
7	32.3912	9.30695	1.18115	-0.0792347	1
7	39.1323	1.40898	0.736079	-0.624278	1
7	1.43174	35.1961	0.171498	1.23012	1
7	2.08214	1.25402	-0.504706	-0.099801	1
7	8.54818	35.2944	0.0378264	0.653603	1
7	7.10225	36.8604	0.249949	0.578106	1
7	9.33096	31.0153	1.10663	1.04964	1
7	5.18844	34.6798	0.669487	0.790534	1
7	7.65645	8.17929	-0.611011	-0.306779	1
7	33.7938	33.8834	-0.044697	0.662295	1
7	21.3737	34.853	-1.16003	-1.03685	1
7	10.0197	1.9029	-0.0231588	0.893635	1
7	4.99684	1.32716	-0.700893	-1.11032	1
7	37.5614	3.48802	-0.407988	1.23611	1
7	11.6496	0.678871	0.106159	-1.49205	1
7	22.0614	33.8817	0.678967	-0.48292	1
7	16.8467	0.258239	-0.0956548	-0.519743	1
7	10.8233	29.7098	-0.488352	0.159663	1
7	19.1899	39.8011	-1.15065	0.346881	1
7	22.5076	1.07683	-0.183611	-0.718379	1
7	36.8348	38.6762	1.6362	-1.66367	1
7	20.6712	1.94421	-0.261075	0.695035	1
7	23.6601	1.41093	-0.494399	-1.32195	1
7	22.1066	23.8432	-2.95817	-0.679737	1
7	26.7293	0.191314	-1.24557	-1.7699	1
7	27.5342	26.0808	-0.137313	2.04376	1
7	29.5766	27.6623	0.408032	-1.16799	1
7	32.9972	4.67543	-0.959341	1.47819	1
7	34.3909	2.66575	-0.557088	0.079165	1
7	35.7664	36.3214	-0.152937	-1.51323	1
7	34.3684	39.4938	-1.23885	0.837192	1
7	22.4223	31.6629	-0.656886	0.429847	1
7	30.2682	1.55097	-0.463653	-0.615604	1
7	33.3199	38.9301	1.47279	-0.62999	1
7	38.5695	0.386279	1.35851	1.78019	1
7	2.49098	35.0298	-0.58781	1.75651	1
7	4.96937	35.7785	0.410166	-0.401817	1
7	37.6358	2.3999	2.14007	1.76742	1
