21	1.95506	36.3374	0.970211	0.381746	1
21	11.9805	0.0948485	0.391262	-0.802498	1
21	39.7933	32.6004	0.729127	1.38137	1
21	19.3124	33.2915	1.19469	0.263752	1
21	11.3391	35.403	-1.27605	-0.979879	1
21	6.06836	4.65572	0.549288	0.485399	1
21	6.23445	1.4828	-1.06316	1.36159	1
21	1.48416	6.85086	-0.685454	0.731565	1
21	16.9666	38.8293	-0.712094	-1.15112	1
21	14.7766	6.43371	1.36752	-2.12734	1
21	20.4534	30.5633	-0.0973625	-0.935658	1
21	13.4622	3.18607	-0.244947	-2.01208	1
21	10.6825	39.5094	0.463403	0.184448	1
21	14.8316	32.7602	0.501484	-1.05181	1
21	28.6935	4.35508	0.529062	-0.840267	1
21	16.0666	3.74805	-0.593259	1.97719	1
21	20.6017	1.36814	-1.15498	-1.08111	1
21	29.0862	39.4877	-1.83654	0.56467	1
21	31.5808	1.4836	-0.406859	1.00686	1
21	21.6642	1.66823	0.743609	1.51252	1
21	22.0821	32.5654	1.07463	-0.228078	1
21	17.4325	7.12693	-0.597359	-0.890334	1
21	34.5307	2.78119	-1.16745	-0.726952	1
21	32.0542	2.52589	-0.616687	0.0871603	1
21	28.5845	0.390195	-1.73797	-0.693501	1
21	37.4138	6.79107	-0.816654	0.315768	1
21	37.1796	5.01085	0.932478	-0.300581	1
21	0.830463	39.0543	1.31657	-0.676667	1
21	26.2516	2.63939	-1.65061	-1.79321	1
21	32.5686	18.211	-0.594501	0.846268	1
21	1.87707	3.51389	-1.78679	1.3597	1
21	7.79746	6.2757	-0.52834	0.238595	1
21	5.53818	0.0998922	0.527004	-1.70617	1
21	38.55	9.49363	-0.715247	0.15834	1
21	38.0683	39.3209	-0.56922	0.0890395	1
21	1.88782	0.923935	0.325848	1.10302	1
21	38.6402	6.75613	2.25752	0.124905	1
21	1.9059	39.5685	2.23865	-0.745288	1
21	13.82	4.42314	0.350576	-1.31644	1
21	6.18571	9.25488	-1.12754	0.989715	1
21	11.6985	30.0188	0.87243	-0.924208	1
21	6.37584	10.8063	-1.54943	-0.240367	1
21	8.89923	0.705886	0.45426	0.661402	1
21	11.9741	37.3821	-1.6427	0.507035	1
21	14.3662	0.48251	0.60595	1.61943	1
21	12.37	35.0772	1.10246	0.593059	1
21	32.3761	33.328	-2.01836	-1.29389	1
21	11.0217	3.14287	0.401599	-0.00335073	1
21	12.8654	31.9493	-1.12857	1.07251	1
21	24.5579	37.4902	-1.10962	-1.39773	1
21	16.2596	4.83971	-1.4125	1.22156	1
21	17.9729	29.5483	-0.804901	-0.639015	1
21	21.0788	3.76479	1.049	0.893922	1
21	26.0729	35.8617	-0.606658	-1.35034	1
21	30.1013	9.26234	-0.42784	-0.595861	1
21	34.8797	4.85898	0.838814	0.334562	1
21	26.8685	1.67422	0.292586	0.659622	1
21	29.1794	13.6878	-0.970813	0.85586	1
21	29.8691	0.301412	-0.136734	-0.679443	1
21	30.8073	2.27779	-1.90075	0.167605	1
21	0.982685	35.9577	-0.891746	0.725731	1
21	27.392	0.595402	-1.20507	0.623849	1
21	23.8607	36.5125	-1.97008	0.730132	1
21	39.7869	9.19875	1.50756	1.51363	1
21	37.0198	36.6654	-0.80205	1.28262	1
21	39.1428	8.27844	-2.14808	-0.20716	1
21	39.3519	5.99487	-0.817342	-1.30312	1
21	9.29539	7.39072	-0.108128	-0.833213	1
21	6.09401	5.67934	1.06772	-0.308461	1
21	1.14099	13.0464	-1.578	1.30753	1
21	39.3916	3.61837	0.587078	0.665188	1
21	19.616	12.4765	0.0832979	-1.29091	1
21	38.7726	15.2979	-0.505824	-1.04244	1
21	1.60884	8.4256	-0.915837	-0.746717	1
21	16.5799	10.4467	0.075494	1.09602	1
21	15.3922	37.4055	1.2746	-0.0202381	1
21	15.7064	5.81909	-0.486881	-0.935118	1
21	18.2861	36.0174	-0.960109	0.833126	1
21	9.2497	37.8012	-2.06158	-0.0549365	1
21	15.8771	11.2731	1.59358	-1.00983	1
21	21.3204	39.3804	-0.619986	-0.806149	1
21	26.4531	34.7556	-0.168684	-0.918294	1
21	28.9819	36.2588	2.24562	-0.82063	1
21	22.5496	39.9566	-0.68186	-1.22481	1
21	7.83302	0.00900912	0.257504	-0.661035	1
21	27.5541	37.4623	-0.793042	0.249294	1
21	20.3819	11.0301	0.354379	1.62276	1
21	21.6168	6.51743	0.877951	-0.63293	1
21	32.1735	4.84871	0.678284	-0.948703	1
21	25.1999	0.64076	0.684103	-1.08979	1
21	37.7034	15.1688	-0.796202	0.243737	1
21	21.4868	5.47943	-1.66935	0.462278	1
21	38.8611	38.4787	1.42352	1.29834	1
21	39.6941	7.00765	1.66168	-2.2516	1
21	36.33	6.81639	0.309556	0.411335	1
21	31.8591	10.803	1.09566	-0.149839	1
21	30.1337	38.2063	-0.0302301	-0.164186	1
21	37.7165	38.3065	0.260499	-0.706671	1
21	17.2385	8.44507	-0.277103	0.581138	1
21	37.8119	18.3708	-0.57562	-1.69259	1
21	37.6602	20.532	-0.414668	1.04738	1
21	9.67119	39.8748	-1.36753	-0.820877	1
21	4.6554	7.35412	1.2017	0.891049	1
21	7.70896	4.14642	0.604391	0.498719	1
21	2.81011	0.360031	0.429307	0.167216	1
21	7.92257	3.0888	0.137096	0.453087	1
21	13.9482	14.5233	-0.84212	0.61322	1
21	5.90652	39.12	-0.313597	-0.357115	1
21	9.28618	3.87794	0.692576	-0.641508	1
21	21.5581	9.41035	0.530881	2.15033	1
21	7.10263	8.54157	0.229352	-0.610214	1
21	17.413	3.92989	0.178705	0.116997	1
21	13.2798	35.7241	-0.044408	-0.21752	1
21	25.9506	39.1963	-0.350181	-0.114768	1
21	24.7561	5.95505	-0.616165	0.703407	1
21	17.106	39.8075	0.876603	-1.03053	1
21	21.1555	31.5877	1.02929	0.954458	1
21	23.3949	3.14372	0.719185	0.985622	1
21	24.4731	2.46673	-0.812041	1.18205	1
21	35.3349	2.04113	0.688276	0.293227	1
21	22.2197	3.62547	-0.806233	0.177677	1
21	26.9991	3.54436	-0.626699	-0.623837	1
21	32.1089	8.27644	0.454854	0.157389	1
21	27.9347	39.068	0.30655	-0.971651	1
21	28.8933	2.75573	-3.1569	-1.90015	1
21	36.0961	1.2941	-0.760011	-0.561193	1
21	6.36269	35.6005	1.75891	-0.101145	1
21	35.135	11.0768	-0.316247	0.284056	1
21	0.976075	11.8106	0.530285	0.615341	1
21	35.784	10.0571	-0.294748	0.262969	1
21	30.786	4.28147	-0.369726	-1.57969	1
21	4.54409	36.8493	1.24148	0.538856	1
21	33.4141	15.6664	-0.720716	1.56415	1
21	0.557639	14.1101	0.131317	-0.722789	1
21	4.2381	8.75255	-0.49935	1.22244	1
21	0.366197	10.1042	-0.51598	1.53156	1
21	5.12688	9.33518	0.454284	0.644954	1
21	37.0078	16.8076	0.485501	-0.311221	1
21	5.01818	2.45413	-1.77017	0.57539	1
21	9.06357	2.84667	-0.979292	-0.329806	1
21	4.69328	32.1633	-0.137002	0.0491839	1
21	17.1919	37.5878	-1.06149	-0.387804	1
21	19.4905	3.37665	0.898783	0.338901	1
21	12.6318	36.5523	-0.221805	0.322555	1
21	11.1959	32.1201	1.91492	-1.0025	1
21	8.79025	6.27082	-0.165605	0.0497344	1
21	17.3352	36.5992	0.577994	-0.856495	1
21	15.5347	2.72737	0.337621	-0.578864	1
21	23.7016	5.16555	-1.68348	-1.22218	1
21	21.6654	36.3881	-1.69223	-0.169254	1
21	24.2759	1.46844	-0.305648	0.886402	1
21	25.4187	6.77383	0.281835	-1.48352	1
21	29.0837	7.10357	-0.328133	0.984973	1
21	19.26	11.308	1.30913	-0.704643	1
21	20.7432	10.0227	1.43767	0.221167	1
21	14.2526	2.48787	0.367758	0.0812015	1
21	19.6169	8.29917	-0.485699	0.960733	1
21	36.6744	2.48716	-0.242942	0.169572	1
21	21.8817	37.4758	-0.249235	-1.81462	1
21	33.6199	4.99703	1.90219	1.19899	1
21	0.670465	1.33436	0.274725	0.450151	1
21	23.7065	0.260928	-0.507014	-0.300958	1
21	12.0113	31.0623	-0.531263	-0.081468	1
21	33.4704	12.8816	0.167184	-0.0969746	1
21	1.76753	5.07354	0.827282	1.09904	1
21	30.2442	16.7146	0.745806	-0.119262	1
21	36.1608	5.79537	0.685858	0.982984	1
21	0.650218	6.29081	-0.406051	-0.577014	1
21	36.8173	10.4797	0.550808	0.837515	1
21	2.70537	2.45307	1.35112	-0.711515	1
21	0.268056	2.41407	0.452612	0.320452	1
21	3.51027	6.73863	-0.460861	-1.05201	1
21	2.74023	10.6348	-2.04403	-0.243316	1
21	10.5697	4.01336	-0.502009	0.810354	1
21	16.7979	32.5989	-2.10735	-0.00372977	1
21	11.9881	6.56532	1.34962	-0.166164	1
21	16.2566	34.1864	-0.530643	-0.837871	1
21	15.717	33.2152	0.488592	0.319279	1
21	16.3546	12.6171	2.1402	0.114683	1
21	16.0359	0.0117237	-2.03902	-1.57198	1
21	15.9003	9.61763	1.40665	-1.22796	1
21	22.426	38.5593	-0.862293	0.749978	1
21	21.7361	12.3388	2.0041	-0.767353	1
21	22.6676	7.62313	0.586756	-0.513552	1
21	28.506	24.0717	0.272024	1.63798	1
21	27.8205	18.3083	-1.66183	0.406922	1
21	22.4127	2.48302	0.93993	-0.464446	1
21	23.4287	12.1423	0.285025	0.600118	1
21	29.6885	17.7256	1.95437	-0.677642	1
21	33.1557	5.99344	0.319179	-0.352335	1
21	26.6467	38.4553	-0.739756	2.55138	1
21	27.1368	5.34851	-1.64745	0.658237	1
21	37.9904	5.77043	-0.612699	-0.590333	1
21	34.1851	5.82182	0.847641	-0.592564	1
21	2.25215	6.12759	-0.298304	0.624479	1
21	36.2488	37.9876	2.21201	0.827418	1
21	37.946	12.5669	-0.224102	0.439145	1
21	35.7681	19.4722	0.613986	0.160843	1
21	39.0512	12.9879	-0.643103	0.709606	1
21	2.35926	12.885	0.0447646	0.692075	1
21	3.02227	16.4696	-0.623737	-0.361883	1
21	4.82501	4.17036	0.275628	0.110785	1
21	13.7834	6.10531	-1.54829	1.11429	1
21	22.2305	14.9735	0.990657	0.799272	1
21	12.6523	5.56265	0.913279	-1.23619	1
21	18.4199	13.4881	0.732636	-1.32339	1
21	15.1537	12.9482	-0.284399	-0.292154	1
21	21.0455	38.1457	-1.79967	2.49983	1
21	12.7106	38.3254	-0.683799	-1.05872	1
21	22.7602	36.4142	0.685697	1.54769	1
21	18.4767	8.07027	-0.411101	-0.955315	1
21	20.4851	7.22668	0.304249	-1.82384	1
21	10.8237	8.8618	0.452058	-0.686007	1
21	22.7218	1.27237	-0.17264	0.0567131	1
21	18.1546	38.3603	0.707265	0.784021	1
21	20.6172	36.7476	0.477354	-1.00528	1
21	28.7522	19.9341	-0.131912	0.107413	1
21	24.4271	38.7585	0.575033	0.0972193	1
21	36.0728	4.64068	-1.79178	-0.124742	1
21	18.8563	15.8592	1.21444	-0.0514178	1
21	30.1119	6.4377	-1.23483	-1.18762	1
21	23.1611	15.578	1.12129	0.228694	1
21	33.0208	17.1377	1.87876	1.85758	1
21	31.9273	5.81701	0.528385	1.84978	1
21	34.025	7.97988	1.88781	-0.0312301	1
21	1.55898	10.4862	0.752749	0.15962	1
21	34.8358	9.52185	2.36075	1.5898	1
21	34.341	3.9765	-0.139923	1.00437	1
21	32.4447	16.0148	-0.330663	-0.128423	1
21	32.3681	11.9876	0.801065	-0.349397	1
21	33.8861	9.47164	-0.132486	0.475932	1
21	34.0622	22.2269	1.55123	0.231459	1
21	36.578	14.579	-1.90681	0.285308	1
21	4.47571	12.088	0.100025	0.555494	1
21	4.56182	6.21192	1.78454	-1.12898	1
21	2.60309	7.36344	1.19843	0.138158	1
21	36.1891	17.7647	1.04786	0.759204	1
21	20.3925	17.4225	-0.997635	1.89317	1
21	39.9412	15.3852	-0.775824	1.45628	1
21	12.3566	2.26412	-1.31393	0.0323069	1
21	7.42452	11.9641	1.57374	1.81691	1
21	9.43816	9.02336	-0.150299	1.19086	1
21	18.0678	35.0077	1.05255	-0.616823	1
21	15.9418	38.5661	-0.591709	0.87545	1
21	14.4615	35.2854	0.450752	-0.913412	1
21	12.1297	3.46332	-1.99681	1.40654	1
21	22.6377	6.25165	0.182225	-0.58346	1
21	16.6424	0.920625	0.216198	0.648418	1
21	14.2213	11.9229	-0.152745	-0.952093	1
21	24.9255	39.6979	0.535901	-0.488255	1
21	26.0736	5.39889	-0.537878	-2.05585	1
21	27.2017	8.47024	-0.790406	1.8563	1
21	26.0353	8.63288	-0.641495	-0.162075	1
21	28.5712	10.1788	-0.402694	0.438361	1
21	28.5936	11.3336	1.49991	0.0136811	1
21	26.0343	10.4467	-0.0227631	-0.21435	1
21	37.0301	13.5299	-0.260488	-0.210663	1
21	35.517	39.0535	1.3202	0.714275	1
21	37.2081	9.35256	-0.0641841	1.09864	1
21	28.069	3.45411	-0.354043	-0.309873	1
21	33.3064	13.968	-0.164614	-0.02458	1
21	28.2144	5.53267	1.27811	-0.182548	1
21	35.2151	37.4724	0.208878	-0.510599	1
21	25.4392	1.96068	-0.921117	2.48546	1
21	34.9972	23.1257	0.224526	0.970005	1
21	5.53386	16.4323	0.55378	-0.108931	1
21	1.68903	2.06172	-1.31145	0.898188	1
21	3.40242	15.3559	0.637818	-0.654367	1
21	4.67747	15.6818	-1.19015	-0.14428	1
21	39.7907	12.1167	0.70513	-0.0132741	1
21	19.4406	36.6648	0.0211561	-0.533672	1
21	20.1529	18.6204	-1.52351	0.882524	1
21	4.30274	9.92538	-2.29301	2.95641	1
21	7.55374	15.6995	-1.23529	0.855591	1
21	20.6438	8.30273	2.70249	-1.726	1
21	15.8386	36.0717	0.42511	0.233873	1
21	17.0037	11.5677	-2.40395	-0.0824449	1
21	13.6545	16.8299	0.116573	0.714254	1
21	15.078	8.13605	0.692943	-0.308684	1
21	27.8082	6.40621	0.926109	-0.0100102	1
21	18.6995	2.57664	1.97882	-0.443153	1
21	30.06	7.53115	-0.537035	0.918164	1
21	23.4244	9.507	0.559344	0.324959	1
21	25.0962	9.68637	-0.542787	1.18825	1
21	33.9933	6.81998	1.79804	0.91285	1
21	20.6937	12.7313	0.197797	-0.345478	1
21	22.2897	18.1106	0.428556	2.03806	1
21	16.3508	13.7031	0.466512	-1.43381	1
21	29.9053	12.8202	1.00697	0.685045	1
21	19.2491	7.28663	-0.960861	0.386889	1
21	35.0505	6.41627	-0.780661	0.480251	1
21	30.7526	10.8335	-0.516817	-1.55112	1
21	26.6321	15.449	-0.081419	-1.5933	1
21	33.9691	18.6399	-0.798729	-2.1648	1
21	4.35223	16.7744	1.58123	0.399165	1
21	2.61579	18.2877	-2.18125	2.04681	1
21	39.9043	24.4671	-0.0654082	0.0218966	1
21	9.5611	17.728	-0.787535	1.11039	1
21	5.44282	10.3841	-0.0145858	0.26302	1
21	38.0923	7.90477	-1.14368	-0.968157	1
21	14.4021	37.6291	-0.104314	0.701716	1
21	11.3699	10.4478	1.17908	-2.88845	1
21	10.1291	8.03145	-0.461808	-0.189989	1
21	2.7258	8.49544	-0.462115	0.671442	1
21	9.85643	5.24938	0.513098	-0.184855	1
21	2.03518	11.6522	0.386006	0.354183	1
21	6.91196	22.3911	0.0234187	0.375234	1
21	16.8684	9.47686	0.584744	0.206352	1
21	9.22767	10.2376	1.66729	-0.751916	1
21	10.3602	11.0787	0.419772	-1.29804	1
21	20.7451	13.8039	0.0399834	0.773104	1
21	10.5367	0.837597	0.598092	-0.486129	1
21	31.0133	12.9073	-0.480394	-0.322152	1
21	15.0866	4.42355	0.0306799	-1.6712	1
21	24.3922	4.42687	1.3361	-1.19367	1
21	12.8154	4.48331	0.15172	1.10346	1
21	17.7632	4.91326	-0.788466	0.28381	1
21	24.5539	12.7305	0.695564	-0.0824754	1
21	23.987	8.61197	-0.479329	-1.35144	1
21	17.3341	18.2082	-0.978455	-0.791764	1
21	31.4809	15.0245	0.723303	0.808371	1
21	23.1077	10.8219	0.239609	1.25205	1
21	28.8054	18.904	0.227736	0.451255	1
21	31.757	22.044	1.81949	0.549933	1
21	35.7349	8.98734	0.588056	-1.40153	1
21	21.9291	13.4592	0.813652	0.432169	1
21	35.0531	17.3084	-1.56094	-0.305338	1
21	32.3798	13.2763	0.917888	0.231012	1
21	31.9522	17.4496	0.160804	0.829116	1
21	3.65766	21.4918	1.23827	-0.834725	1
21	36.5692	20.1931	-1.26755	1.12892	1
21	39.8629	18.6011	-2.06813	0.457104	1
21	6.89284	3.44026	1.69872	-0.0224341	1
21	3.06425	11.8732	0.482021	-1.52809	1
21	38.787	11.6556	-0.0314813	0.442047	1
21	8.45268	12.9797	-0.565248	0.904515	1
21	14.7911	9.17668	1.19866	0.271326	1
21	8.29169	18.0265	-0.170194	-0.53816	1
21	11.7195	7.98039	0.0196456	-0.932275	1
21	11.288	5.60907	-1.80461	-1.66243	1
21	11.563	12.2381	-0.753917	1.3713	1
21	17.8757	1.57348	-0.251561	0.254304	1
21	16.6549	16.0658	0.140816	-0.599919	1
21	20.9739	15.2748	0.396818	0.0337572	1
21	22.6226	5.02135	-1.69	0.295487	1
21	27.3117	11.3176	0.762719	0.299696	1
21	21.6721	8.07511	1.18135	0.0189379	1
21	31.8345	7.14952	-0.378976	-0.283021	1
21	26.622	4.52532	0.193305	0.957785	1
21	25.7997	14.7126	1.12035	-0.169785	1
21	27.437	7.44703	-0.00322657	-0.478039	1
21	31.7757	24.8376	0.485534	0.642571	1
21	30.4776	15.5106	0.18065	1.02881	1
21	27.7694	16.338	0.25742	0.121977	1
21	27.2729	13.0877	-0.969565	-0.54555	1
21	35.8362	21.6998	0.117189	0.0943499	1
21	34.4927	12.2737	-0.511365	1.12215	1
21	25.7175	4.05807	0.587504	-0.476158	1
21	34.4847	16.463	-1.25172	0.821131	1
21	32.4432	14.7717	-0.761258	0.214745	1
21	38.0757	4.48648	-0.736885	-1.5268	1
21	28.1053	9.13219	-0.132143	-0.614167	1
21	1.61365	14.2169	0.492411	-0.917068	1
21	35.8034	27.9938	-0.325034	0.822754	1
21	38.775	18.839	1.60319	0.263037	1
21	16.3697	37.0266	0.237719	-1.36728	1
21	1.87055	16.6948	-0.639088	1.07942	1
21	10.2127	14.2488	1.68765	1.8887	1
21	35.4926	14.5055	0.187279	0.307126	1
21	6.74952	19.4435	0.265161	1.85869	1
21	12.0019	9.34715	0.0837896	-1.94242	1
21	9.26289	11.5715	0.764112	1.58231	1
21	12.2408	17.2152	-0.025808	-0.439847	1
21	15.7049	16.523	-1.36833	0.632975	1
21	9.19257	13.858	1.52942	-0.81804	1
21	8.56367	15.7791	0.945526	-1.08806	1
21	8.71973	21.2939	-1.31216	-1.30437	1
21	10.5175	12.7436	-0.112958	0.228427	1
21	12.2676	13.3843	-0.0874062	0.599847	1
21	10.9031	7.07343	-0.194266	1.25699	1
21	16.5146	18.9951	1.10719	2.05657	1
21	19.5903	15.1303	-0.619925	-0.362424	1
21	26.6296	6.41274	-0.13077	-0.787501	1
21	19.7023	9.5798	-0.390967	1.25122	1
21	27.847	14.0855	-0.554955	-0.436825	1
21	26.3713	7.62327	1.20168	0.575819	1
21	37.7911	11.195	-1.12785	0.496879	1
21	29.2248	8.38184	-0.311469	0.257393	1
21	33.258	26.0706	-0.0709735	0.40471	1
21	33.0411	10.3017	0.352062	0.699292	1
21	0.404306	23.4641	-0.0741494	-0.630311	1
21	33.0317	19.2713	-0.279256	1.29943	1
21	39.3478	16.2912	-0.11878	2.60406	1
21	16.9954	2.0956	0.102532	0.373464	1
21	7.29965	17.096	-0.87507	-1.79806	1
21	16.6471	22.7307	1.28049	-0.357027	1
21	31.6626	26.0137	0.423546	1.03788	1
21	0.972725	15.0911	0.913755	0.297487	1
21	0.539635	8.17925	1.58145	0.298076	1
21	4.97461	27.1296	2.09422	-1.8425	1
21	13.2077	20.0918	-0.667505	0.503256	1
21	7.42334	14.0589	0.0288447	0.202964	1
21	8.21989	14.764	-0.937493	-0.325378	1
21	0.973815	21.3771	-0.276378	-0.427494	1
21	39.4702	14.3789	-0.433593	-2.13108	1
21	24.1734	10.692	-0.932579	-1.4948	1
21	37.9223	17.3193	-0.219724	-0.875904	1
21	12.8766	12.3302	0.450505	-0.711765	1
21	12.9665	8.49817	1.04357	1.03981	1
21	14.7186	17.109	-0.536601	-0.0472887	1
21	24.6555	3.38879	-0.177481	1.69871	1
21	3.60441	7.78816	0.465196	-0.922776	1
21	10.8329	26.8285	-0.770572	0.4749	1
21	14.7418	10.4502	-0.85859	0.576257	1
21	23.3101	26.4153	-1.00996	-1.27846	1
21	15.2	22.8307	-0.964836	-1.42381	1
21	24.8184	17.7089	0.334143	0.0418293	1
21	24.8728	15.1971	-0.0966132	0.666684	1
21	37.88	27.3703	-0.594694	-0.36876	1
21	31.7575	19.0642	1.09164	-0.0173639	1
21	30.9554	19.9647	1.45489	-0.533868	1
21	31.7497	9.42818	-1.87196	-0.801198	1
21	26.1407	13.076	-0.179125	1.7035	1
21	23.6311	29.2058	0.560661	0.728099	1
21	30.7694	17.7536	-0.896226	-1.67448	1
21	35.3589	15.8629	-0.264808	-0.835424	1
21	30.6726	25.1011	0.317354	-0.997821	1
21	30.6355	23.1473	-0.150728	-1.29317	1
21	37.1442	21.4851	1.42517	-1.75513	1
21	12.4779	10.3912	-0.739393	0.481313	1
21	6.27928	13.8856	-0.289792	0.546891	1
21	3.73036	13.0915	0.11271	-0.520062	1
21	13.3924	13.4381	0.374415	-1.31219	1
21	2.00423	23.4017	0.307971	0.794093	1
21	2.77808	20.2926	0.141688	1.03562	1
21	36.9992	23.3279	-0.286435	-0.937124	1
21	0.994156	19.5412	-1.19548	0.890059	1
21	6.91586	13.025	0.141285	0.333665	1
21	3.03161	14.3258	-0.737684	0.610041	1
21	11.6014	18.0481	0.550974	0.368641	1
21	3.54922	17.9049	0.740991	1.39701	1
21	16.3504	20.1634	-0.235685	0.173899	1
21	19.0777	20.7232	0.175706	-1.24338	1
21	14.3733	21.985	-0.368935	0.438958	1
21	16.2703	6.93028	-2.02421	0.0845969	1
21	16.4635	14.9194	1.49473	-0.530799	1
21	22.4421	11.6123	1.16981	-0.709745	1
21	25.2041	16.311	0.970574	-1.07713	1
21	23.9059	7.3847	1.14644	-0.376205	1
21	14.3293	19.6623	1.90301	0.91253	1
21	20.4734	24.3653	-0.417401	-0.310469	1
21	26.1547	28.0218	-1.05772	0.942633	1
21	23.1562	24.8931	-0.239322	0.323426	1
21	27.7842	19.6615	1.03506	-1.4874	1
21	33.6758	0.500176	0.0868978	-0.482242	1
21	27.1896	28.6813	-0.506736	0.249646	1
21	34.1545	20.7311	-2.11149	0.112295	1
21	39.2228	1.35448	0.998578	-0.344797	1
21	29.2603	16.5793	1.06916	-1.71595	1
21	34.3744	13.6226	1.29628	-0.27009	1
21	34.0224	17.5271	0.927313	1.80951	1
21	1.48074	22.3339	1.41676	1.5008	1
21	7.80328	20.3973	0.924597	1.35666	1
21	4.71047	18.0035	-1.36423	0.237019	1
21	9.27376	20.363	0.547119	-0.0183922	1
21	1.91895	15.3782	0.18778	1.92099	1
21	5.97833	15.0387	0.760819	-0.272448	1
21	4.71382	30.9151	-0.47484	0.982763	1
21	39.1631	17.5546	-0.218316	-1.89188	1
21	2.21382	19.2641	0.717492	0.761058	1
21	5.9474	12.8204	0.0303562	-0.661049	1
21	14.4332	18.3245	-1.14397	-1.87013	1
21	7.62088	23.2842	-0.133985	-1.12547	1
21	11.5557	24.3631	-0.758029	0.206876	1
21	11.3428	14.875	-1.13694	-0.564808	1
21	18.0459	12.0189	0.13161	-1.28332	1
21	15.191	20.6569	-0.0622269	-0.254142	1
21	3.82141	20.1211	-0.886085	-0.312918	1
21	7.35437	29.0262	1.2136	0.883853	1
21	35.7171	12.285	0.38731	0.355386	1
21	15.5494	19.2691	1.02497	-1.32127	1
21	19.6164	13.5922	0.437492	-0.471571	1
21	30.9248	5.44097	0.814721	1.53971	1
21	25.0636	8.54858	0.308045	0.641813	1
21	19.0995	19.0057	0.325067	0.975816	1
21	19.1592	27.6516	0.25746	0.186703	1
21	32.9236	7.15473	0.293601	1.69429	1
21	25.7819	21.8667	-2.19754	-0.0215754	1
21	28.4006	26.3738	0.126543	0.351789	1
21	39.0899	35.1166	0.0888194	0.668267	1
21	5.76458	18.8026	-1.86291	0.712591	1
21	32.4672	23.8478	-1.39886	-0.70938	1
21	27.8226	21.2308	-1.3166	0.125742	1
21	1.5967	20.4224	-0.391273	-0.0367373	1
21	38.0419	16.105	-1.17992	0.0527325	1
21	29.2543	15.4526	0.114105	-0.291592	1
21	0.401047	17.5044	-0.3594	0.13584	1
21	4.83799	14.1748	-1.06262	-2.02935	1
21	2.23932	24.6103	0.313732	-0.0646221	1
21	9.12797	27.6931	0.798982	1.18997	1
21	4.65406	25.6066	-1.21306	0.349313	1
21	15.0967	39.5101	0.523467	0.72636	1
21	13.8448	9.60466	-1.23493	-0.28083	1
21	10.3979	9.90344	-0.487826	-0.948474	1
21	7.39332	9.4905	0.243036	-0.738538	1
21	15.343	13.9777	-0.262877	-0.159841	1
21	17.3566	13.152	1.24444	0.486397	1
21	21.0897	16.4219	0.381583	1.14313	1
21	11.2392	16.3095	-0.315523	-0.97357	1
21	17.3226	14.234	0.396064	0.189242	1
21	5.90962	20.9683	-0.325439	1.44546	1
21	21.2683	18.322	-0.515656	1.63678	1
21	24.7654	19.1013	0.59661	-1.04439	1
21	24.7662	26.1476	0.50365	-0.726889	1
21	27.5956	10.2046	-0.808071	-0.645423	1
21	21.1159	19.3541	-0.788182	-0.82428	1
21	22.5557	27.1137	-0.791228	-0.0916926	1
21	14.9469	14.9258	-0.312165	1.60383	1
21	29.8236	22.3224	-0.139666	0.685801	1
21	34.2052	27.3404	0.88932	-0.634853	1
21	38.134	13.7479	0.823542	0.932821	1
21	31.7776	21.0229	-0.467889	-0.546049	1
21	34.0135	32.3043	1.65757	0.37199	1
21	29.9928	14.4532	1.51531	-1.20602	1
21	37.422	19.5251	3.16138	0.0974616	1
21	33.4231	24.536	0.105812	0.916977	1
21	0.505975	25.6016	-0.120886	1.30465	1
21	30.4981	11.8706	-0.279365	-0.698039	1
21	39.9216	21.4226	-0.608425	0.568082	1
21	5.83932	23.7244	1.73312	0.954992	1
21	34.7527	24.2645	0.612587	0.140786	1
21	37.2443	26.5366	0.332574	0.206242	1
21	36.5887	18.8257	-1.52718	-1.7093	1
21	9.54078	12.6424	-0.69218	0.335727	1
21	3.93723	22.7103	-0.742491	0.0204168	1
21	2.4407	21.3719	-0.560657	-0.276412	1
21	8.53896	8.2361	1.28393	-1.71932	1
21	5.80584	17.6279	-0.916218	-0.865017	1
21	9.71679	16.1532	-0.414489	-0.918518	1
21	24.2559	22.0403	0.146031	0.174679	1
21	19.3841	16.7543	0.864463	2.59333	1
21	21.8634	10.5461	1.30482	0.321583	1
21	23.7605	6.30082	-0.520829	-1.15853	1
21	19.9556	20.0073	-0.802945	1.17495	1
21	17.8181	20.5996	1.09905	-0.452552	1
21	14.1889	27.2503	1.01637	0.940888	1
21	26.7504	9.54462	-0.303399	-0.89218	1
21	29.6679	11.3059	-0.236575	0.953637	1
21	35.1364	28.8039	-1.05851	0.434935	1
21	30.6934	21.1001	0.613661	1.20801	1
21	30.1719	32.5412	1.63629	-0.384752	1
21	24.4834	32.1636	0.355939	-0.404439	1
21	25.2541	22.8211	-1.81296	-1.06036	1
21	35.7766	23.9405	-0.636005	1.67625	1
21	22.0457	17.0716	-1.44999	-0.156332	1
21	38.4059	21.513	0.45813	-0.873198	1
21	26.8957	24.9328	0.743051	-1.57988	1
21	34.2994	29.3687	-1.79767	-0.160366	1
21	38.5528	19.9916	0.935308	-0.0748671	1
21	5.68364	22.6835	-0.173272	-1.39927	1
21	0.296638	22.4198	-0.282194	1.36825	1
21	2.9193	9.47452	0.653939	1.34338	1
21	28.6502	12.8221	-1.4002	-0.273237	1
21	39.8834	19.6308	-1.51441	-0.972022	1
21	34.3129	15.0407	-2.49852	-0.0780935	1
21	7.8667	21.891	-0.239932	-0.0871297	1
21	5.52517	26.1721	0.283692	1.21782	1
21	12.9627	7.26748	0.770372	-0.144587	1
21	1.49533	18.3625	-0.110875	1.32515	1
21	37.6651	22.3752	-0.616568	1.21614	1
21	3.09032	26.1144	0.675868	0.487722	1
21	0.507308	16.3521	-0.504688	0.977403	1
21	18.5154	19.8254	0.71775	0.0207864	1
21	8.19522	24.2645	0.509305	0.370359	1
21	29.2727	25.1599	-0.688949	-0.403028	1
21	16.6347	24.0249	1.44367	-0.92289	1
21	24.1423	14.4289	0.0373486	0.124586	1
21	21.7738	21.0816	-0.190083	-0.184701	1
21	21.2167	29.1237	-0.717792	0.559293	1
21	18.6873	21.6906	0.241368	-0.133942	1
21	20.2021	28.6208	-1.0227	-0.484921	1
21	22.0057	22.2262	0.18204	-0.396814	1
21	14.0255	26.1839	-0.863534	0.266854	1
21	27.1472	22.0348	-0.413526	-0.883134	1
21	24.0492	24.1481	0.377347	1.70481	1
21	23.208	22.4516	-0.256338	0.0408487	1
21	32.3618	3.63141	-0.0780738	-1.80239	1
21	26.7146	14.0009	0.923024	-0.316687	1
21	37.1027	30.2955	-0.21636	-0.536862	1
21	31.8598	29.2572	1.27339	-2.03703	1
21	33.166	20.445	0.787015	-1.44618	1
21	1.12396	24.523	0.0660416	-2.07482	1
21	0.667778	33.7856	0.95112	0.962028	1
21	10.7282	20.1566	-0.571019	0.437582	1
21	5.61058	24.8294	0.926953	1.56409	1
21	33.0278	29.6264	0.277322	0.511613	1
21	37.8064	24.1326	-0.368542	-1.8849	1
21	8.619	19.4362	0.0457985	1.27492	1
21	1.19274	26.7918	-1.36789	-0.510715	1
21	11.6588	22.2433	-1.23468	-0.607591	1
21	12.2875	15.552	0.850726	-2.16658	1
21	6.89334	21.0542	-2.04997	-0.764634	1
21	13.8084	24.0978	-0.458264	-0.379599	1
21	14.9069	23.8442	0.0880177	0.512851	1
21	4.74569	23.4488	-0.0497755	-1.37341	1
21	13.1703	29.973	-1.77159	-0.0402126	1
21	10.6395	17.6547	1.2497	0.0652795	1
21	30.9891	14.0103	0.229223	0.0669638	1
21	26.7968	18.9382	0.533528	0.785034	1
21	18.4832	17.9127	1.13429	0.0823263	1
21	21.5268	26.6179	-0.549716	-2.07788	1
21	19.0326	26.1986	-1.072	0.241663	1
21	17.7341	15.6473	-1.23405	0.290302	1
21	27.1454	17.4414	0.775013	0.357692	1
21	26.8875	20.306	0.0962313	-1.06235	1
21	20.8007	20.7644	-0.421018	0.710662	1
21	25.5344	30.6259	-0.0128977	0.154064	1
21	30.9206	33.6065	-1.93008	1.76219	1
21	18.3505	24.0858	-0.149042	0.66404	1
21	0.824799	29.2201	-1.52551	0.383836	1
21	24.1398	23.0933	-1.61541	-0.602442	1
21	0.749381	31.4629	-0.392925	-0.604416	1
21	23.0068	23.7479	1.93485	-0.123576	1
21	29.1306	23.0596	1.58334	0.288539	1
21	36.7724	35.0285	1.48304	-0.321847	1
21	36.7334	24.3391	1.14108	-0.0985833	1
21	34.7385	25.5894	0.282427	-0.949518	1
21	38.4485	26.3456	-2.83997	0.0109996	1
21	2.15841	34.1025	0.404646	0.592664	1
21	11.9284	18.9406	-1.36854	-1.74781	1
21	39.3165	37.4346	0.978129	0.199355	1
21	7.58945	30.3045	-0.0181103	0.643687	1
21	14.1665	20.8918	-1.60775	-1.18762	1
21	3.52339	24.8861	1.0464	0.847257	1
21	22.1668	19.7941	-0.194454	-0.0757112	1
21	7.56491	26.7524	-1.11692	-0.181927	1
21	6.7658	18.2282	0.869661	-2.17716	1
21	13.418	18.9314	-0.280387	1.9091	1
21	12.8828	26.1054	-0.988603	0.854717	1
21	18.3832	14.7779	0.0342821	-0.70105	1
21	9.5137	22.2056	0.0296794	2.12303	1
21	26.542	12.1036	-1.2218	-0.383054	1
21	10.2836	28.002	-0.814732	-0.7776	1
21	10.4742	35.9157	0.995003	0.502984	1
21	22.1234	16.0453	0.207107	0.324702	1
21	23.4165	17.4031	0.0781734	-0.12964	1
21	26.2746	22.9406	1.10581	0.896839	1
21	22.8422	21.0796	0.804722	1.37006	1
21	23.9345	27.3237	-1.02629	-0.695276	1
21	20.1788	25.4631	-0.313491	0.563163	1
21	24.6648	21.041	0.0364645	-0.142351	1
21	25.6441	28.9654	1.09864	0.585123	1
21	26.3202	33.5532	-1.04966	0.0735855	1
21	37.0455	32.918	-0.979982	-1.03689	1
21	1.85024	38.4927	-0.00438051	-0.671253	1
21	36.9115	27.7946	-0.599458	0.932115	1
21	4.67019	21.0128	0.560892	0.473882	1
21	39.1947	33.8681	0.197753	2.04428	1
21	36.9991	31.3936	-0.773979	0.168724	1
21	29.6009	35.3658	0.557176	-1.11126	1
21	8.70296	16.9786	0.123811	-0.0788506	1
21	5.4369	19.952	1.29375	-0.257009	1
21	37.9857	28.7171	0.395707	-1.61787	1
21	0.396588	34.9046	-0.0196909	-0.730639	1
21	9.85561	31.5204	-0.618677	-0.0151796	1
21	9.45141	23.5904	0.207181	-1.98638	1
21	2.26754	31.6291	-0.0691091	1.50257	1
21	10.1756	24.513	-0.734324	-0.106633	1
21	11.273	13.6106	0.218041	-0.823636	1
21	17.4637	19.4297	-1.39508	1.58182	1
21	21.5114	23.1917	1.06319	1.2333	1
21	11.4409	25.7313	-0.751915	0.713673	1
21	13.9196	30.7349	-1.04975	0.112918	1
21	25.2529	23.9444	-0.498425	1.06321	1
21	18.6256	23.0922	0.705037	-1.55687	1
21	8.70124	22.8309	0.496846	0.782587	1
21	28.1428	15.1781	0.217132	-1.53495	1
21	22.4483	25.7142	-0.331867	-0.378085	1
21	24.0258	16.3227	0.0345102	1.49762	1
21	21.3738	25.1313	-0.550693	0.384704	1
21	24.6797	31.2131	0.879637	0.0449538	1
21	31.6426	39.2277	-0.452695	0.0271745	1
21	36.7625	28.7718	3.30133	0.0155681	1
21	35.2334	34.8991	-0.482434	-0.324856	1
21	29.7276	23.9416	-0.0656493	1.08252	1
21	1.9526	35.2437	-0.899668	0.616113	1
21	28.0177	25.0477	-0.222677	-1.75022	1
21	35.6282	25.014	0.364716	-0.534698	1
21	34.5517	36.4601	0.818362	0.627625	1
21	36.6392	25.4054	0.874685	0.76527	1
21	1.22561	32.4526	0.869646	-1.2244	1
21	30.0736	19.3521	-0.332752	0.31082	1
21	3.23962	32.9539	-0.417248	-0.237872	1
21	24.3576	30.1314	-0.762662	-0.0162075	1
21	1.80128	25.5997	0.287798	1.14721	1
21	7.25832	1.33643	0.249432	-1.34497	1
21	39.6929	35.9815	-0.419515	-1.09814	1
21	4.92124	21.9822	0.458615	-0.520291	1
21	10.4362	38.2333	-0.0357183	0.954871	1
21	7.07375	38.8992	-0.677506	0.866667	1
21	38.8504	23.9953	0.00626498	1.39055	1
21	5.65028	3.37925	-0.200998	0.178354	1
21	16.3574	21.6458	-1.54193	1.7168	1
21	9.03681	25.0025	0.340893	0.458278	1
21	9.81277	29.0002	-0.396341	0.0885434	1
21	8.94713	30.8888	-0.0751038	-0.228259	1
21	22.1938	24.2918	-1.22756	1.12836	1
21	17.2194	31.2372	-0.84681	-1.48977	1
21	12.686	23.772	-1.46816	2.0546	1
21	28.9935	21.4994	-0.102094	-1.37906	1
21	13.4311	28.9986	-1.6069	-1.07501	1
21	13.2987	27.8422	0.46566	1.11959	1
21	26.111	25.6183	0.119448	1.33673	1
21	14.3927	29.5242	-1.47942	0.744808	1
21	32.5892	28.4873	-0.548215	1.88011	1
21	22.2177	31.0792	-1.37145	-0.0874523	1
21	33.8364	30.404	0.741459	1.57316	1
21	25.0626	36.4977	0.92249	0.209943	1
21	27.3607	33.5956	-0.309143	0.195123	1
21	20.0044	26.7612	0.442742	0.799499	1
21	31.7639	31.4861	0.0447219	0.583188	1
21	27.2715	26.0663	0.961877	0.983098	1
21	28.6018	31.4621	1.06337	0.474831	1
21	38.5749	29.6632	0.304605	0.351981	1
21	6.54822	25.56	-1.34268	-1.40923	1
21	3.46271	30.2132	-0.683345	-1.37443	1
21	5.04439	28.1361	0.990529	1.23951	1
21	31.4369	34.4045	0.447957	1.1784	1
21	3.49911	27.0466	-1.1818	1.06108	1
21	35.9054	26.304	1.25821	0.585386	1
21	3.03578	23.7678	0.0172649	0.298167	1
21	6.57993	37.0399	2.26522	0.339949	1
21	6.26695	26.9343	-0.370811	0.63507	1
21	25.7065	19.0715	1.29676	1.17991	1
21	10.5878	15.527	-0.518738	0.440647	1
21	12.184	27.0013	0.0395206	1.65129	1
21	14.4981	25.0213	0.33954	0.867485	1
21	14.4796	16.0529	1.18714	0.851857	1
21	20.012	39.1254	1.26173	-0.179003	1
21	10.517	21.8435	-1.79807	-0.290008	1
21	10.1051	32.5431	0.738338	-0.439479	1
21	18.6306	34.1099	-1.41596	-2.12	1
21	15.6671	27.7044	0.687656	1.36347	1
21	20.0869	21.5845	-0.816354	-1.37314	1
21	15.9536	25.8059	-1.20078	-0.35631	1
21	17.644	23.2921	-0.174012	0.574969	1
21	23.2637	32.8937	-0.18117	-0.237227	1
21	14.8737	30.997	-0.0537991	-0.810104	1
21	18.2088	16.6834	-0.116337	0.43341	1
21	32.7379	34.8003	1.56197	-0.707143	1
21	28.7002	17.7083	1.0638	-1.12773	1
21	35.7994	31.7734	-1.66543	-0.822685	1
21	30.6205	26.2411	-0.824955	-1.87272	1
21	30.6256	27.5246	-2.05627	1.16213	1
21	18.1774	27.2396	-0.13595	-0.171466	1
21	32.7728	32.0574	-0.50132	0.208735	1
21	39.0547	27.5236	-1.36821	0.279823	1
21	6.77181	28.0442	0.427635	-0.645754	1
21	7.12633	34.4493	-0.962379	0.977005	1
21	33.0909	21.619	-1.60506	2.07359	1
21	4.19241	33.3464	2.14356	0.314703	1
21	4.83097	29.7391	1.54428	0.420429	1
21	3.08775	39.3349	0.847522	0.823136	1
21	7.88046	37.0269	-0.298781	1.75708	1
21	30.578	1.13409	-0.247631	1.56047	1
21	4.32759	35.4529	0.852976	0.158308	1
21	38.9475	22.5078	-0.0294632	0.853691	1
21	9.76031	26.68	-1.61202	1.14378	1
21	2.42373	27.1799	-0.378187	1.64337	1
21	19.6709	34.3108	-0.97619	-1.08192	1
21	16.7651	26.9066	0.0309138	1.51274	1
21	10.9305	28.7869	0.44852	-1.16791	1
21	19.645	23.6265	0.153036	-0.874942	1
21	17.5309	28.0245	-0.623967	0.351733	1
21	20.715	34.7245	0.765812	1.45444	1
21	22.6284	34.3779	-1.18381	-0.110939	1
21	13.2867	22.7406	-0.36398	0.912011	1
21	17.6402	24.7402	0.878111	0.0210644	1
21	28.555	28.9654	-1.79775	0.64368	1
21	21.5811	30.1659	0.611319	-1.19472	1
21	28.3972	33.6524	-0.00815038	0.856915	1
21	26.5543	29.8635	0.00868161	-0.164707	1
21	29.9104	28.379	1.08162	0.880855	1
21	23.64	30.9075	-0.685729	-2.02291	1
21	30.7423	31.0617	0.0359254	1.54079	1
21	3.02909	38.1137	0.968573	-0.230295	1
21	30.6368	36.1289	0.650601	-0.617603	1
21	38.278	31.1211	-0.288738	-0.873888	1
21	3.35286	34.1814	-0.160136	0.765089	1
21	37.9263	35.2815	-0.711694	-0.558059	1
21	38.345	25.2	-1.41929	0.13205	1
21	4.54355	34.2864	-0.409321	0.11295	1
21	11.866	38.7918	0.816377	-0.793112	1
21	30.2662	30.1668	-0.316901	0.154783	1
21	1.36534	30.574	-0.362495	-1.62973	1
21	3.5105	29.0657	1.18551	0.245005	1
21	8.84669	29.8671	1.15401	-0.701669	1
21	13.2626	17.8568	0.412777	1.72485	1
21	11.9666	21.2494	0.302782	-0.670783	1
21	3.12609	3.3904	-1.42139	-0.957432	1
21	10.0259	18.7692	-1.72134	-1.50058	1
21	9.278	14.9172	-0.922515	1.38049	1
21	13.37	15.4385	0.842204	-0.108768	1
21	12.8107	14.389	1.28494	0.654861	1
21	23.1979	28.1887	-0.441404	1.15251	1
21	5.73599	31.9381	1.94586	0.729301	1
21	2.34612	30.3713	-0.618494	-0.422403	1
21	14.6799	34.2573	0.649799	0.340462	1
21	20.0351	4.8754	1.73579	-0.79318	1
21	9.74569	34.9438	0.463808	-0.216584	1
21	16.0235	31.0463	-1.02122	-3.45055	1
21	23.1882	35.3341	-1.30409	-1.67781	1
21	37.2968	33.9832	0.211782	0.850657	1
21	26.0475	17.0494	1.27004	1.19891	1
21	31.6026	30.3618	0.016959	0.271843	1
21	27.8507	22.8403	0.379907	0.557305	1
21	30.1469	34.466	0.730374	-1.06432	1
21	33.0326	27.1108	1.35156	0.446457	1
21	29.5627	30.9042	0.528489	1.24104	1
21	33.515	31.3394	-1.30492	0.887674	1
21	33.9338	33.4663	-0.202476	1.28587	1
21	2.38556	29.19	0.0819551	0.022696	1
21	34.7534	31.4495	0.397828	0.825127	1
21	38.2263	32.8869	1.25896	0.385153	1
21	7.28978	33.3986	-0.139639	-0.398795	1
21	10.7383	34.4876	0.170171	-0.555531	1
21	7.38514	37.9408	-0.252543	0.182735	1
21	3.03307	22.2772	-0.451688	0.925315	1
21	16.9071	35.5687	-0.952481	-0.0391674	1
21	8.70146	35.9095	0.757526	0.730948	1
21	15.5448	35.2022	1.339	-0.216625	1
21	1.30335	28.087	0.207771	-1.2071	1
21	6.81545	24.55	1.73725	-0.0430299	1
21	7.46714	35.9454	-0.75084	-0.485021	1
21	11.784	34.0637	0.402236	-1.19135	1
21	3.75634	4.29681	0.713909	-0.990082	1
21	17.8004	2.83512	0.165433	-0.792195	1
21	21.0478	27.8451	-0.00210461	-0.605727	1
21	18.2176	33.0162	0.657648	-0.101234	1
21	22.6176	8.74368	0.882744	-0.554708	1
21	29.3564	29.7228	1.78606	-0.522125	1
21	20.4946	33.563	-2.32646	-0.563234	1
21	10.6314	22.9776	-0.551143	0.84942	1
21	32.8975	35.9039	0.124063	0.286778	1
21	28.3059	32.5204	-2.05718	0.554703	1
21	25.628	31.8428	-0.969141	-0.24139	1
21	17.1717	25.8186	0.996276	0.928948	1
21	4.91151	0.993985	-0.417916	0.499018	1
21	15.5159	28.8779	-0.0522686	-0.773142	1
21	38.2615	36.9814	0.22279	-0.340735	1
21	28.7028	38.364	0.913462	0.442963	1
21	29.4734	26.2635	0.574279	2.37184	1
21	32.6058	30.6101	0.91137	-0.511326	1
21	36.0285	29.6112	2.47772	-0.369165	1
21	35.2453	20.5588	-0.721788	-1.30582	1
21	31.1082	37.2049	-2.03698	-0.900471	1
21	0.247407	27.1917	0.549411	-0.36256	1
21	33.5018	3.31452	-1.81511	-0.992023	1
21	36.1816	35.8317	-0.51017	0.466567	1
21	8.13715	31.4756	-0.227065	0.0418015	1
21	6.31895	38.1657	-1.16267	0.163043	1
21	2.73504	28.1588	-0.631421	0.192621	1
21	9.97459	33.7907	0.643618	-0.761441	1
21	15.7759	32.1686	-0.509595	-0.876652	1
21	13.0558	1.00632	1.08536	0.772798	1
21	8.98512	32.309	-1.49896	-2.6423	1
21	13.7048	38.7595	1.85734	0.360696	1
21	6.02925	28.7796	-1.07933	-1.09842	1
21	17.7101	32.1691	0.611507	0.0505291	1
21	14.5828	28.4494	-0.959482	0.288343	1
21	11.8364	28.129	0.571371	-1.16286	1
21	6.67899	30.7994	1.16607	-1.38216	1
21	15.3907	29.9061	0.583961	1.80017	1
21	18.2442	30.8877	0.968171	-0.312025	1
21	24.2959	33.2945	-0.389751	-0.39022	1
21	22.5582	29.7663	1.1225	-0.261883	1
21	20.2388	35.7765	0.12975	-0.411847	1
21	27.422	23.8309	1.07081	-0.96242	1
21	20.2575	0.133014	0.706049	-0.73593	1
21	26.9239	32.2881	0.561115	-0.209494	1
21	31.7622	27.6817	-0.0174007	-0.186809	1
21	31.034	28.6276	0.0523777	-0.330858	1
21	27.7164	36.4195	0.912577	1.51968	1
21	33.2035	37.2658	-1.58995	-0.846351	1
21	4.1303	0.15536	0.452647	-0.372521	1
21	39.7066	39.0804	1.23256	0.413351	1
21	7.1882	32.2856	0.182119	1.08623	1
21	3.98021	2.16318	-0.103421	0.123846	1
21	26.2251	0.363724	0.581082	-0.655827	1
21	35.16	30.2153	0.68296	-0.473502	1
21	4.78965	39.2275	1.61632	-1.80953	1
21	28.8315	37.3245	2.0071	0.869249	1
21	34.3836	38.3826	1.54237	-0.895705	1
21	6.67959	0.128093	1.87486	0.816066	1
21	8.89648	38.7785	0.829745	-0.336848	1
21	10.9837	36.9434	0.868904	-1.12846	1
21	9.89835	6.34855	-0.139965	0.458449	1
21	11.4795	4.50143	0.26519	-0.00736459	1
21	8.00354	27.9826	-0.322857	-1.6348	1
21	15.5391	24.7142	-0.1325	-0.822169	1
21	7.73981	25.3669	-0.901073	0.772189	1
21	12.1657	32.8443	2.77877	-0.360535	1
21	19.0668	35.2354	-0.291345	-0.704374	1
21	16.8371	6.04424	-0.967158	-0.688117	1
21	17.56	21.8315	-2.10234	-0.419812	1
21	27.1147	35.5912	-0.339466	0.0801709	1
21	21.5737	35.3009	0.358943	0.264862	1
21	23.3802	38.9839	-1.48617	0.716247	1
21	23.3335	37.8526	-1.27656	-1.0012	1
21	19.3122	38.4006	1.0456	-1.39272	1
21	27.3616	27.3169	0.714765	0.224087	1
21	31.1779	38.3546	-0.387229	-0.139255	1
21	29.5349	33.6016	0.561079	1.13929	1
21	18.6281	4.16681	-0.262881	-0.128531	1
21	32.3544	38.1497	0.993223	0.162825	1
21	35.0873	18.6306	-0.0703215	0.898861	1
21	28.3248	35.2733	0.242077	0.710605	1
21	32.7132	39.2457	-1.13893	0.765217	1
21	34.9896	0.736463	0.42546	-1.78852	1
21	36.0108	33.8774	-0.562144	-1.5703	1
21	6.73191	6.5315	0.267495	-0.925572	1
21	8.38475	2.11621	0.190701	1.39735	1
21	3.04972	37.1239	-0.54729	0.66263	1
21	37.2211	0.648622	0.0329308	0.354776	1
21	1.12937	0.245435	2.06271	0.373341	1
21	38.6753	36.0695	-0.626192	0.269358	1
21	6.32559	7.66597	0.367756	1.29609	1
21	8.13077	34.8512	-0.430755	-1.53459	1
21	9.01632	33.9751	1.13185	-0.569425	1
21	19.5375	29.7231	-0.0101275	2.27252	1
21	14.1662	36.5929	1.80678	0.00913273	1
21	17.8388	10.853	-1.08274	0.995857	1
21	15.1645	26.4448	-0.452701	1.12729	1
21	16.5086	28.6055	-0.579539	0.209523	1
21	9.54409	1.5622	-2.23274	-0.00866801	1
21	39.9523	28.3966	-0.189981	-0.035845	1
21	14.0161	7.93674	0.134573	-0.543607	1
21	7.12474	5.36017	0.536215	0.513647	1
21	22.9991	31.8861	1.23524	-0.983157	1
21	20.3759	2.50347	1.6347	0.223133	1
21	21.4109	2.77888	1.29129	1.14343	1
21	26.3787	24.0624	-0.268109	-1.05909	1
21	14.1442	31.7423	-1.67873	-0.78603	1
21	0.372534	36.9077	-0.591742	-0.0630634	1
21	25.0761	27.1717	-0.285418	-1.51837	1
21	23.665	34.1895	0.80761	0.636434	1
21	29.6648	3.4566	-0.287575	0.230899	1
21	1.60947	37.4793	-0.211696	0.586687	1
21	31.3183	0.302111	-0.347301	1.15113	1
21	26.0371	26.7863	0.812828	-0.114349	1
21	35.8629	3.32117	0.962204	-0.798378	1
21	32.1599	37.0065	-1.35938	-0.0670372	1
21	30.5256	39.1647	-0.468935	-1.73755	1
21	2.93354	35.842	-0.784957	0.402761	1
21	33.7038	28.4266	0.754522	-0.654653	1
21	5.65381	6.67836	-1.15309	1.30986	1
21	27.489	2.57173	-0.0177025	0.0830778	1
21	5.95043	34.2096	0.405254	0.563363	1
21	36.857	12.0906	0.058094	0.222415	1
21	39.2899	10.604	-2.13803	0.35496	1
21	7.43989	7.51107	-0.903994	0.732736	1
21	10.0572	2.63606	0.680503	-2.50752	1
21	8.30233	11.0015	-1.38981	0.60913	1
21	38.3184	3.29083	0.830857	-0.944404	1
21	11.1348	33.1902	-1.85776	-0.311628	1
21	20.0784	37.649	0.140582	-0.595985	1
21	5.22713	8.31468	0.866496	0.057922	1
21	5.07246	38.2166	-0.745434	-1.24597	1
21	18.8955	39.6515	0.40845	-0.754368	1
21	8.39821	5.2448	-0.111238	2.39116	1
21	13.5908	34.2035	-0.629374	0.180136	1
21	17.0911	30.2288	-0.112698	0.851565	1
21	26.1992	36.8789	-0.348395	-0.332589	1
21	38.8684	39.9819	0.10513	0.905058	1
21	12.5257	24.863	-0.523231	0.983312	1
21	37.9684	2.28996	-0.802831	0.515457	1
21	21.7083	33.6686	0.948729	0.403428	1
21	29.4732	1.36789	1.16416	0.0259911	1
21	30.0355	37.0895	-0.662695	1.08784	1
21	25.6184	37.7608	-0.564635	-0.524708	1
21	32.4843	0.51373	0.560516	0.241813	1
21	33.3642	11.7225	-1.23422	-0.157671	1
21	31.5977	35.4664	1.64735	1.27577	1
21	36.8818	38.8834	0.0865761	-0.0119306	1
21	39.0328	2.59088	0.780601	0.369857	1
21	18.6311	28.7543	-0.249397	1.17544	1
21	35.2731	7.53238	-0.952704	0.192985	1
21	39.8906	0.513444	0.741097	-0.0456872	1
21	5.4624	35.1901	0.698532	1.70683	1
21	2.78682	4.67559	1.76264	-0.61399	1
21	9.78879	36.8772	0.478623	-1.79362	1
21	7.22175	2.40557	0.301018	0.625583	1
21	10.9236	30.6729	0.508826	0.0362367	1
21	6.38651	32.9972	1.57411	0.163734	1
21	8.51637	9.47418	1.41021	-0.404602	1
21	33.922	34.7605	1.7714	1.42121	1
21	21.0249	32.6164	-0.765389	-1.79508	1
21	10.8823	2.05012	-0.766363	-0.249903	1
21	5.00517	5.20024	-0.40042	1.19206	1
21	0.74265	3.3936	0.294497	0.163107	1
21	11.7236	1.36725	1.58901	-0.755837	1
21	19.9659	32.5323	-1.06588	1.45243	1
21	18.3623	37.3051	0.780259	0.244952	1
21	10.1554	25.6391	-0.386289	0.459216	1
21	18.674	0.95524	1.00358	0.294206	1
21	21.2987	0.51162	0.298489	-0.0241078	1
21	0.256888	38.0234	-1.51508	-0.79664	1
21	19.5545	1.77765	-0.0917155	-0.680201	1
21	25.4057	35.0036	0.622988	-0.515502	1
21	19.4501	22.3858	0.154357	1.46224	1
21	27.0517	39.6099	-0.603423	-1.87035	1
21	28.1391	30.1286	0.617327	-0.711552	1
21	29.5119	27.3949	2.0158	-1.18061	1
21	36.9704	3.81503	1.62389	-0.569532	1
21	33.9185	1.64596	-0.444586	-1.08424	1
21	36.5602	39.8666	-0.465713	1.83948	1
21	38.0875	1.23466	-0.0633218	-0.895977	1
21	19.2939	31.3162	-1.13693	0.860038	1
21	31.1644	3.27159	-0.316884	1.82388	1
21	32.6323	1.62653	-0.853789	0.614005	1
21	4.23618	3.19303	0.0236375	1.55102	1
21	4.02964	38.0116	-1.51729	0.686863	1
21	5.59764	36.5436	-0.112073	0.861906	1
21	39.4449	4.72204	-0.0436138	0.587306	1
