26	1.70225	35.9767	1.26128	0.540093	1
26	12.0398	39.087	-1.55563	1.15298	1
26	3.53125	33.1504	1.38608	-0.131549	1
26	19.9127	31.5017	1.48766	-1.56442	1
26	11.4368	33.3204	0.501791	0.0920568	1
26	8.96113	5.58159	0.706853	0.549348	1
26	4.85953	1.26222	0.682758	1.3268	1
26	39.5744	5.65795	-0.559325	0.418864	1
26	16.3987	0.732594	1.38903	1.06252	1
26	15.4968	5.19099	1.36579	0.388526	1
26	19.5043	29.6725	1.62586	-1.02482	1
26	12.3189	3.87593	-1.13896	0.666785	1
26	11.2834	0.690444	0.965471	1.68531	1
26	13.531	32.2153	2.08521	-0.022839	1
26	28.3538	3.35164	-0.433483	-0.245856	1
26	15.348	4.16542	0.0134699	0.43034	1
26	19.6499	0.414412	-1.40461	-0.803504	1
26	29.7262	1.32548	-0.371196	-0.64812	1
26	31.521	2.92948	-0.826724	-0.860108	1
26	21.8335	2.16647	-0.372787	0.912186	1
26	21.6833	31.2891	0.46445	-0.101139	1
26	19.5518	7.30314	0.860688	-1.93758	1
26	33.5306	0.633644	0.251677	-0.823883	1
26	30.9551	4.09229	-0.0276487	-0.242841	1
26	28.8885	0.291157	0.655785	-0.048685	1
26	37.4735	5.41577	-0.714173	-1.32331	1
26	37.4001	3.98263	-0.0888916	0.772929	1
26	1.4746	38.642	-0.0272358	-1.24407	1
26	24.7624	0.740055	-0.523693	-2.07557	1
26	32.7716	21.5022	-2.07722	0.581769	1
26	2.39372	4.72534	-0.0359154	-0.284393	1
26	8.17664	7.8917	-0.789457	1.67049	1
26	3.56413	0.665097	0.0517999	-1.07236	1
26	38.0227	8.57722	-0.472155	0.815837	1
26	39.5777	38.2109	-0.44636	-0.929127	1
26	2.26546	1.04487	-0.327278	2.05876	1
26	39.6476	8.91598	-0.890637	-2.10216	1
26	2.3132	39.7815	-2.09407	0.425646	1
26	13.5107	3.95345	1.29287	1.25573	1
26	6.03292	10.3632	0.786195	0.241726	1
26	10.3155	27.5804	-0.569963	-0.224382	1
26	5.67146	12.1854	0.818635	1.39002	1
26	10.2881	1.61874	1.43061	-0.15726	1
26	10.6379	37.6646	-0.702487	0.521649	1
26	14.4537	1.3139	-2.06603	-0.25752	1
26	13.1896	35.3483	-0.778183	-0.833136	1
26	30.9362	35.3124	0.0642157	0.213218	1
26	10.9142	3.95458	0.0325412	-0.887825	1
26	13.7607	30.033	-0.735487	-0.82562	1
26	24.9	35.0242	0.0300733	-0.0337886	1
26	14.5202	3.59601	0.296066	-0.655316	1
26	17.3633	28.2214	-0.827978	1.44923	1
26	20.1249	4.62404	-0.0224261	-1.59968	1
26	25.7494	35.6766	1.02843	-2.02758	1
26	30.0104	9.90095	-0.688385	0.108636	1
26	36.6798	6.18826	1.93736	-0.757395	1
26	24.8718	39.6196	1.50578	0.559963	1
26	27.059	12.8992	-1.18373	0.69496	1
26	31.4981	0.979393	0.644194	0.785324	1
26	29.6904	3.69608	0.239742	1.57344	1
26	0.1632	36.6164	0.736218	0.112372	1
26	25.8067	0.866318	0.895225	-0.286129	1
26	23.728	36.3101	-0.598618	0.280043	1
26	0.795628	10.3332	1.10072	0.275071	1
26	36.6377	36.4408	-0.89416	-0.218586	1
26	36.7939	7.54951	2.02058	0.150965	1
26	38.8971	6.52535	-2.03531	0.924219	1
26	10.2511	8.06081	-1.76189	1.83564	1
26	6.66416	6.51876	-1.06141	1.42045	1
26	1.10329	12.8406	0.574543	-0.685306	1
26	39.4442	2.85542	-0.243169	-0.31643	1
26	21.2512	13.698	-1.76672	-1.42758	1
26	38.0895	15.0871	-0.895478	1.16776	1
26	0.203343	6.975	1.15945	1.1166	1
26	14.7246	11.2211	-1.04981	0.318423	1
26	15.283	39.3119	1.25758	1.12238	1
26	17.8153	6.21965	-0.398183	0.643947	1
26	17.9477	35.2576	-0.354776	-0.696528	1
26	9.63082	38.4024	-0.133062	-0.273398	1
26	14.081	10.3902	-1.72327	-0.501565	1
26	20.2793	39.2772	-1.42338	0.0901488	1
26	26.2874	32.1876	1.74107	-0.205018	1
26	28.1918	36.117	-0.0456352	0.964976	1
26	21.4851	38.9669	0.0201869	0.238076	1
26	9.08964	2.56706	-0.936122	0.880359	1
26	28.4444	37.3356	-0.65632	1.41618	1
26	22.7447	13.8206	0.718768	-1.62867	1
26	22.077	5.92441	0.611475	0.719769	1
26	34.3166	5.72052	-0.484879	1.10512	1
26	25.6035	38.8162	-0.196407	1.78757	1
26	37.1742	15.6764	0.655136	0.172764	1
26	18.8936	5.37165	0.321022	1.924	1
26	0.587187	37.7314	-0.47427	0.081307	1
26	39.3184	7.92094	-0.117312	0.493111	1
26	35.6718	7.50797	0.502598	-0.291479	1
26	31.9094	9.01207	1.04262	-0.145615	1
26	31.5445	36.3421	-2.11752	-1.53208	1
26	38.2765	37.2677	0.389266	0.10729	1
26	18.91	9.83739	-1.40508	0.0789566	1
26	36.9683	19.6815	-0.839495	0.799074	1
26	35.7531	21.6737	-0.452411	0.402562	1
26	9.31371	1.30824	0.502025	1.09881	1
26	5.04406	9.70905	0.648319	1.02783	1
26	8.15458	6.19185	0.698933	0.138099	1
26	3.35574	39.5353	1.44526	-0.664864	1
26	8.07194	4.8759	-1.37591	1.94858	1
26	14.9933	13.0976	-0.417138	-0.0018767	1
26	7.16621	39.4481	0.232413	0.527965	1
26	9.87819	5.20905	0.980661	0.0896051	1
26	20.8728	11.1088	-1.28013	-0.593183	1
26	6.84926	9.57989	1.93136	-0.370729	1
26	17.0352	4.81247	1.50135	-0.927392	1
26	15.9052	34.3084	0.824836	-0.165443	1
26	27.4622	0.561411	0.0672731	0.357344	1
26	25.9553	7.34647	-0.410774	-1.43349	1
26	16.7494	39.7064	-1.15159	-0.3041	1
26	21.5127	30.1823	-0.445173	0.521798	1
26	22.2452	4.18925	0.864522	-1.435	1
26	22.5944	3.14269	-0.0549918	0.84023	1
26	35.5139	1.58089	-0.216264	-0.480949	1
26	21.4884	5.08013	-1.179	0.208945	1
26	25.8701	4.33178	1.10906	0.934712	1
26	30.9614	8.03393	0.671323	-0.869855	1
26	27.0062	37.7215	0.0574466	-1.72102	1
26	26.5395	1.69941	-1.65288	-0.798947	1
26	36.349	0.862537	0.430425	1.59765	1
26	5.57456	36.6486	1.00109	1.40992	1
26	34.115	10.8456	-0.469499	-0.873399	1
26	39.2611	11.595	0.549844	0.212061	1
26	34.7304	9.85201	-0.84156	-0.576967	1
26	31.8198	4.57738	0.287113	0.090715	1
26	5.62505	37.8577	-0.164649	1.12344	1
26	31.8421	17.58	2.07964	0.162883	1
26	0.654396	13.9013	-1.68322	0.673156	1
26	3.62221	9.78308	-0.0757122	0.954764	1
26	38.6816	9.78761	0.516746	-0.686596	1
26	4.19642	10.8103	-0.204363	0.338668	1
26	37.6222	16.5921	0.750119	-1.23491	1
26	5.2837	2.26006	-0.1774	0.471035	1
26	8.30748	3.60839	-0.493839	0.961137	1
26	4.93013	31.1207	-0.377838	-0.422752	1
26	19.3807	37.2209	-0.438719	-0.993543	1
26	19.1596	4.14274	0.316017	-0.0617987	1
26	12.3967	36.7141	2.3992	1.11575	1
26	11.6428	30.1053	0.129179	-1.72744	1
26	9.82369	6.57302	-0.143812	-0.0614312	1
26	17.2642	37.6789	0.341612	0.343277	1
26	15.5399	1.66664	0.157179	0.24451	1
26	23.1735	1.99786	0.475151	-1.1465	1
26	22.8011	34.4595	-0.268621	-0.567455	1
26	21.5785	1.13585	-1.07051	1.18437	1
26	27.4091	7.24132	-0.357645	0.896903	1
26	29.5606	6.11428	1.30259	-1.05666	1
26	19.4816	14.2577	0.310051	-1.31092	1
26	21.4495	12.4686	-0.902208	0.833067	1
26	12.8014	2.83865	1.53727	0.28976	1
26	20.5979	9.54091	0.280368	0.537798	1
26	36.5016	3.10415	-1.01999	0.582627	1
26	22.3272	35.5074	0.591712	-0.875671	1
26	35.2553	4.69825	-0.793046	0.0315472	1
26	2.09441	2.15496	-0.0393355	1.28243	1
26	21.978	37.9914	-0.87189	0.413273	1
26	10.4934	30.0163	1.21598	1.16477	1
26	34.0429	14.054	0.898951	0.545887	1
26	1.268	4.81921	-0.176002	-0.341838	1
26	30.5045	16.4453	0.707636	-1.00285	1
26	36.4183	4.92953	-1.14089	-1.18916	1
26	0.0115566	4.37769	-0.81366	-0.452098	1
26	35.0982	11.8778	-0.707636	0.88847	1
26	4.38862	3.9687	1.3826	-2.32781	1
26	1.0167	3.7199	1.22843	-0.439506	1
26	4.15159	7.33664	1.2002	-0.538401	1
26	2.64576	10.9406	-0.690201	-0.887114	1
26	10.985	5.24549	0.227302	1.19444	1
26	17.6162	34.1865	0.528459	-0.535269	1
26	12.551	6.00819	-0.290253	0.313439	1
26	16.7638	36.3782	0.744892	0.702142	1
26	13.4955	33.5275	0.0756286	1.53538	1
26	18.0384	11.4908	-0.521848	-0.583341	1
26	17.4611	0.635753	1.63531	-0.363721	1
26	18.8782	8.43125	-0.992622	0.522053	1
26	23.1566	38.1987	-0.0997036	0.685125	1
26	24.9221	11.7407	1.63636	-1.10339	1
26	22.9938	6.82585	-0.142411	-0.153439	1
26	27.7045	22.574	-1.5394	0.0861619	1
26	30.8138	17.5875	0.147241	-0.820291	1
26	21.0166	4.16378	0.46383	-0.866803	1
26	25.0535	10.2936	1.11245	-0.70267	1
26	30.4965	18.9567	0.53594	0.228146	1
26	33.2081	6.30567	-0.544427	1.46177	1
26	25.7663	36.8728	-0.890247	1.23414	1
26	24.8278	4.54588	-1.54097	-0.9168	1
26	38.5077	5.57866	0.155097	0.0678782	1
26	35.715	5.86626	0.555179	-0.258976	1
26	2.55303	7.35594	-0.105751	0.246333	1
26	38.2496	38.3491	0.797567	-0.957279	1
26	38.0557	12.7564	0.00369051	1.52906	1
26	34.802	19.0152	0.0761085	-0.87068	1
26	37.6331	13.7669	0.154204	0.241399	1
26	2.34065	13.9727	-0.383311	1.50574	1
26	4.11647	15.8655	0.050035	-1.25614	1
26	5.2583	4.64636	-0.818626	-0.226336	1
26	15.0142	6.93367	-1.1111	0.262864	1
26	22.9876	16.4192	-0.26558	-0.163766	1
26	14.1529	5.00418	-0.765431	0.760984	1
26	20.104	13.446	0.117874	4.11878	1
26	15.2709	12.2047	-0.738451	0.538751	1
26	22.9278	37.0436	0.519074	-2.47804	1
26	12.8209	37.6667	0.915392	0.119924	1
26	23.7993	34.8601	0.550995	-0.176714	1
26	20.2479	8.38456	-0.0544888	0.79176	1
26	18.2341	7.11943	0.893363	-0.292554	1
26	12.0213	7.86258	0.621302	0.484355	1
26	20.5191	1.11444	0.733464	0.213507	1
26	16.4539	38.7542	1.99779	0.0975768	1
26	21.96	36.5313	-2.06962	0.500534	1
26	29.8412	20.3609	1.35413	-0.845929	1
26	24.0403	37.2528	0.93104	-0.42466	1
26	35.3579	3.362	0.0404414	-1.98818	1
26	19.4818	17.4361	-1.13572	-0.391361	1
26	31.2164	5.59063	-1.84617	1.92254	1
26	24.1345	17.4818	-0.33386	1.76925	1
26	32.4644	16.652	0.388472	0.420856	1
26	31.949	6.45694	0.111885	-0.666009	1
26	35.656	10.6743	-0.289617	0.918235	1
26	39.8667	9.84525	-1.31851	0.662483	1
26	35.4991	8.92178	0.477242	-1.7841	1
26	34.2921	1.99543	0.261352	0.464321	1
26	30.1686	15.2028	-1.1741	-0.949988	1
26	33.0728	11.1676	0.701252	0.388444	1
26	34.7073	8.2364	-0.744159	-0.087804	1
26	34.1663	23.0923	-0.615756	0.2402	1
26	37.0388	14.6722	0.896668	-0.0417399	1
26	4.32579	11.8645	-0.864867	0.618725	1
26	5.17923	8.13746	-0.318434	-1.15952	1
26	1.44401	7.74493	-2.06809	0.465935	1
26	35.4625	17.8745	-0.790197	-1.01246	1
26	21.8058	20.1321	-0.218974	0.792181	1
26	1.92422	16.0054	0.517753	-0.191497	1
26	9.39084	4.20044	-0.961792	0.740629	1
26	6.80482	12.6632	0.254479	0.519128	1
26	10.5959	10.9783	1.91639	0.975421	1
26	18.3218	36.9598	0.282865	1.16082	1
26	15.2299	0.512715	0.177734	-1.6774	1
26	16.6532	33.108	-1.59776	0.49906	1
26	12.8989	4.90703	0.252176	-0.31076	1
26	24.6898	5.65129	0.278161	-1.23273	1
26	18.4453	0.447726	1.28419	0.62132	1
26	13.2568	12.1381	0.883316	-0.729997	1
26	23.9066	38.9605	0.657569	0.129904	1
26	26.9391	3.41847	-0.417334	-1.3643	1
26	27.0307	8.47704	-0.523647	-0.115286	1
26	24.8309	9.11602	-0.332082	0.121482	1
26	31.4975	9.96288	-0.155979	0.110668	1
26	29.4719	12.1032	-2.22389	0.263217	1
26	26.7201	10.7038	-0.32241	-1.9235	1
26	36.3716	13.8595	-0.273699	1.00401	1
26	34.9171	38.9718	-0.725148	-0.499568	1
26	36.7402	11.3186	-0.0668991	0.855705	1
26	25.7759	3.18717	-1.24583	0.876473	1
26	31.4455	15.6817	-2.74057	-0.25816	1
26	30.2229	5.15483	0.230688	0.919398	1
26	35.8354	39.6955	0.46248	0.589074	1
26	23.8375	0.0521391	0.423995	-2.06205	1
26	33.9125	24.1725	-0.95812	-0.0211408	1
26	5.03669	16.8111	0.0982012	0.186352	1
26	2.67465	2.98882	-0.0652289	-0.476155	1
26	2.99124	16.0414	-1.1939	0.0449231	1
26	5.58744	15.8921	0.826931	-0.73213	1
26	39.931	12.8232	-0.424199	-0.371454	1
26	20.1755	36.2889	0.502021	1.47404	1
26	19.7696	18.4598	1.25578	0.359533	1
26	2.59454	9.5572	-1.11586	-0.137336	1
26	9.36728	12.8112	-0.185141	-2.00167	1
26	22.4218	9.38817	0.307323	-0.168304	1
26	15.8544	37.0479	-1.07679	1.10433	1
26	16.673	10.4945	0.509357	-0.405202	1
26	12.8928	19.068	0.106953	0.871348	1
26	17.5709	8.89427	1.30712	0.252935	1
26	28.2582	6.60057	-0.329887	-0.822509	1
26	19.2888	2.51128	0.19195	0.596302	1
26	29.5111	8.42043	0.151489	-0.0420657	1
26	23.7095	8.79528	-0.215324	-1.47106	1
26	25.9035	8.50631	-0.403848	1.0956	1
26	34.614	6.71243	0.456566	0.421544	1
26	21.9229	14.6265	0.363714	-1.63158	1
26	25.154	17.7512	0.482795	-0.147991	1
26	16.8134	11.8753	0.380926	-1.02421	1
26	30.4389	13.4297	-1.61447	1.43261	1
26	21.8627	6.93887	1.83556	-1.75944	1
26	37.6736	6.46085	1.16327	0.897731	1
26	32.6412	10.0811	-0.198892	-0.669586	1
26	27.1224	15.924	-0.106132	-0.477621	1
26	33.0181	23.3002	0.659939	1.27028	1
26	7.38975	17.2574	1.97308	-1.42305	1
26	1.9497	17.7349	0.627613	-1.41102	1
26	0.535776	25.7474	1.55987	-1.00182	1
26	10.4627	16.8279	-0.412184	-0.0868373	1
26	5.25752	11.3003	-0.016841	-0.612079	1
26	37.8116	7.54722	-0.274807	-0.489614	1
26	14.4197	38.6056	-0.0774286	0.331893	1
26	12.4967	9.5562	0.613517	-0.73032	1
26	8.41478	10.723	0.601298	-1.60203	1
26	3.38182	8.04822	-0.765181	0.519286	1
26	11.3348	6.24786	1.71119	-0.980892	1
26	0.795062	11.8311	0.809667	-0.100639	1
26	5.91014	22.1962	-0.38084	-1.20815	1
26	17.7671	10.4463	0.557481	-1.0273	1
26	11.5992	10.3719	-1.76511	1.77388	1
26	12.7742	11.1539	0.850684	0.370383	1
26	21.5309	16.7295	3.07318	0.119741	1
26	11.5129	3.08994	0.290732	-1.38598	1
26	31.4696	13.4733	-0.446403	0.524552	1
26	13.5655	1.8576	-1.35276	-1.76455	1
26	24.0768	1.39082	1.19209	1.68098	1
26	13.8775	6.18399	0.289148	-0.878504	1
26	18.0281	4.53891	-0.277703	-1.01005	1
26	23.596	13.1198	-0.0509777	-3.46668	1
26	24.2429	7.76392	0.825701	-0.0490873	1
26	16.4108	17.7584	1.06656	0.207431	1
26	29.0367	15.0497	0.802651	0.573662	1
26	22.3441	10.9564	0.101655	0.770338	1
26	28.8148	19.2903	-0.576077	-0.36525	1
26	30.314	22.3547	1.9581	1.28604	1
26	36.4389	9.65164	0.687262	-0.838822	1
26	22.8289	15.2394	-0.115648	0.258921	1
26	33.4999	16.5168	-0.864131	-1.40912	1
26	32.524	14.3428	-1.0805	-0.0798599	1
26	33.7514	19.51	-1.66756	0.509848	1
26	4.2748	20.4677	-2.06459	-0.522559	1
26	34.5515	22.0156	-0.214728	-0.250323	1
26	38.3649	18.8751	-1.43387	1.27582	1
26	7.12681	2.09556	-0.835087	-0.0696534	1
26	1.98312	12.1776	-0.117379	0.203939	1
26	38.5807	10.8725	-0.844465	-0.0761013	1
26	8.04749	15.8967	-0.43159	1.04596	1
26	16.2847	9.48998	0.161987	0.120612	1
26	8.77774	17.5928	-0.000857271	0.27961	1
26	14.4027	8.2098	1.23895	1.09715	1
26	12.9698	6.9097	0.798636	0.541474	1
26	13.2429	14.6002	0.759422	0.6427	1
26	18.362	1.6126	-0.507987	0.702828	1
26	17.4196	15.7354	-1.506	-0.255509	1
26	21.9287	15.6766	-0.182177	2.10763	1
26	23.4106	4.61732	0.061439	-0.717845	1
26	27.0147	11.6855	0.205233	0.858716	1
26	22.6053	7.95414	-1.23519	-0.0121354	1
26	30.9605	6.87163	0.411657	0.00930049	1
26	27.7338	4.37049	-0.010505	-0.533695	1
26	24.9869	14.3568	-0.75468	-0.429932	1
26	29.8876	7.2161	-0.795596	-0.199694	1
26	32.1499	26.3131	-1.3311	1.60472	1
26	29.5152	15.9358	-0.625791	-1.24858	1
26	26.0636	13.2728	0.449242	0.122679	1
26	25.9654	12.1957	0.0421389	-1.74976	1
26	35.3419	23.061	0.898626	0.346093	1
26	35.2466	14.9431	0.721655	-0.60254	1
26	24.0016	3.16998	-0.319401	0.53803	1
26	34.9474	16.0004	0.502439	2.16965	1
26	29.525	14.1215	-0.477648	0.0734904	1
26	38.4192	3.48313	-0.258514	-1.02831	1
26	28.1678	10.287	-0.254274	-0.947248	1
26	1.62769	14.6753	-1.2311	0.911537	1
26	35.9442	29.1535	-1.82864	-0.219579	1
26	38.4611	20.2691	-0.307818	-0.42514	1
26	15.5499	38.181	-0.595877	0.855072	1
26	1.92946	18.887	0.827283	-0.423439	1
26	11.7258	15.5937	0.0283601	0.920398	1
26	35.5716	16.8183	-0.275619	1.19955	1
26	8.07277	18.6549	0.242863	0.750926	1
26	13.1469	8.14474	0.403436	0.421016	1
26	10.6862	12.0378	-1.63422	0.34763	1
26	15.411	15.6296	0.145087	-0.671742	1
26	17.713	16.9293	0.213192	1.46567	1
26	7.95038	12.8785	0.39595	0.657683	1
26	6.58492	16.0069	-1.00753	0.463562	1
26	10.0343	19.8273	-1.48635	0.439702	1
26	8.28091	11.871	0.355571	2.23107	1
26	13.3465	15.5871	-0.104181	-0.117039	1
26	11.0064	9.12895	-0.518856	0.747386	1
26	17.3908	18.3613	0.520146	-0.557869	1
26	20.5049	17.3049	-0.25174	1.13174	1
26	27.2899	6.15161	-0.365695	1.3571	1
26	21.5418	8.18646	2.43445	1.51787	1
26	28.2362	12.6308	-0.909485	0.213381	1
26	28.1355	8.37379	-0.494996	-0.0678855	1
26	37.7978	11.5581	-0.546922	-0.431214	1
26	28.9868	9.78154	2.40071	-1.23123	1
26	35.1607	28.4412	-0.830708	1.04767	1
26	33.68	9.07626	-0.909051	0.53841	1
26	38.7179	25.1224	0.372612	-0.53501	1
26	31.1793	23.111	0.115502	-0.852778	1
26	39.3188	18.3768	1.18455	-1.1444	1
26	17.1929	1.80906	0.82943	0.266622	1
26	6.26843	17.2019	-0.0381672	0.503659	1
26	16.9765	23.3877	-0.403689	1.08987	1
26	32.1749	27.4193	-1.69132	-0.113254	1
26	1.09068	16.8454	0.0142372	-0.109048	1
26	0.735419	8.99003	0.293073	-0.0193911	1
26	4.80084	26.2851	-0.950341	-1.65586	1
26	12.679	20.0526	-0.493629	1.26497	1
26	7.06292	14.9706	-1.28072	0.0671722	1
26	10.9154	14.2407	0.058623	-0.944105	1
26	39.7816	22.5049	-0.180228	-1.15348	1
26	38.6779	13.9412	-0.290299	1.58634	1
26	25.8833	9.66942	-0.173032	1.01941	1
26	38.7145	17.1789	0.114646	1.18919	1
26	13.9539	12.8673	0.17606	-1.16575	1
26	15.4806	7.84682	2.03286	-0.720454	1
26	15.6828	16.6333	0.99432	-0.604007	1
26	22.9843	0.763803	0.438154	-0.219245	1
26	4.24625	8.81813	0.703851	1.82704	1
26	7.49706	27.9064	-0.18435	0.265188	1
26	15.0709	9.2534	0.765929	-0.637672	1
26	23.6362	24.5866	0.655299	-0.217104	1
26	11.5309	21.8045	-0.101023	0.458935	1
26	25.539	18.7098	-0.842004	0.240396	1
26	24.5045	16.3718	0.21927	0.956892	1
26	37.2376	28.7475	0.605167	-0.632664	1
26	32.4748	18.3181	0.673429	-0.516218	1
26	31.9743	20.8245	0.398741	-0.331444	1
26	30.7428	9.07272	-0.173404	-0.971612	1
26	25.8485	11.1217	1.42664	-0.469639	1
26	24.8893	27.1737	-2.28596	-0.279801	1
26	31.4614	18.4667	0.302581	-0.3313	1
26	36.923	17.2907	-0.368774	-0.565381	1
26	29.945	25.3427	0.65786	-0.782528	1
26	30.7717	24.4496	-1.11389	-0.103029	1
26	36.3364	20.7135	0.242085	1.53732	1
26	11.8847	12.412	1.09302	0.804625	1
26	5.15145	14.85	1.43302	-0.891102	1
26	3.61115	14.4579	1.06431	-0.175333	1
26	14.2708	13.9629	0.108423	-0.106297	1
26	2.52717	24.5625	0.205417	-0.637481	1
26	3.22802	20.5773	0.850641	-0.343585	1
26	36.3674	22.5807	1.75089	0.614656	1
26	39.1891	21.2861	0.123763	1.31668	1
26	5.92969	14.161	-0.277362	-1.29414	1
26	2.61286	14.9994	0.0720234	0.484172	1
26	14.0005	17.6833	-0.526714	0.200806	1
26	3.93222	17.1036	-0.776021	-0.046194	1
26	15.0204	22.1486	-2.02655	0.56466	1
26	15.6167	21.1347	0.27282	-0.13876	1
26	12.7031	22.0797	0.734567	-0.0765476	1
26	16.5624	5.7329	-0.110108	0.229195	1
26	17.4614	12.7719	-0.844694	1.26774	1
26	23.6173	12.0425	0.282528	0.445599	1
26	27.0726	13.9708	0.494476	-0.301706	1
26	25.5033	6.35961	1.40073	-0.105203	1
26	15.0405	19.944	-0.285775	-0.402755	1
26	21.2513	24.4453	-0.790461	-0.379904	1
26	26.0566	26.9745	-0.0455663	-0.459604	1
26	21.7586	25.6535	0.63078	0.238694	1
26	28.6649	20.5405	-1.39335	-1.25396	1
26	32.2504	39.943	-1.14028	2.04223	1
26	27.6362	28.6073	0.145635	0.654872	1
26	33.5848	22.2768	-0.353837	0.609857	1
26	0.694929	2.65875	0.706037	0.357051	1
26	27.9426	15.2649	0.035148	0.237065	1
26	36.0976	15.8296	0.567385	-1.00224	1
26	32.5746	19.4099	-0.363075	-0.581088	1
26	1.75177	23.7511	2.45837	1.13482	1
26	8.56823	20.7711	0.444547	-0.477689	1
26	4.40723	18.2423	1.15145	0.488467	1
26	11.1104	20.0986	1.19583	0.4901	1
26	2.74904	17.017	0.453106	0.279272	1
26	3.89352	13.4288	1.64296	-0.78177	1
26	2.95998	30.2218	0.706652	-1.28741	1
26	37.6889	18.0011	0.622207	0.713444	1
26	4.40687	19.3306	0.012062	1.19897	1
26	4.90478	13.091	-0.538913	0.759166	1
26	15.0752	17.6109	1.90085	0.00666097	1
26	7.6464	23.5446	-0.0316185	-0.05878	1
26	11.5254	25.9885	-1.29015	-0.148774	1
26	14.4149	15.2462	0.354815	-0.405471	1
26	19.7267	11.3103	-0.258768	-0.392319	1
26	14.5869	20.9106	-1.04736	-1.1721	1
26	3.28419	19.3228	0.636833	-2.10468	1
26	6.44789	28.7345	-0.448745	-0.883864	1
26	35.1031	13.6075	0.865545	0.958339	1
26	14.7624	18.6529	-0.156862	-1.22786	1
26	20.5868	15.9931	-0.260368	1.11637	1
26	32.4903	7.5393	1.30993	0.641473	1
26	23.9949	9.87771	-0.623744	0.0979085	1
26	18.3297	18.7616	0.766612	0.106504	1
26	19.2125	28.4862	-1.34005	1.31857	1
26	33.6004	7.94909	-0.324996	-0.576621	1
26	25.1978	20.5058	-0.247312	0.0260969	1
26	29.9845	23.5322	-0.643101	-0.806229	1
26	39.6264	35.2559	0.0948439	-1.30879	1
26	5.59392	19.4161	0.248219	1.19051	1
26	31.6611	25.1183	-0.944503	-0.385656	1
26	28.9805	21.5705	-0.308996	-0.575623	1
26	0.403663	21.1162	-0.0941064	-0.975226	1
26	0.666483	15.3793	0.899242	0.0262023	1
26	28.3267	16.6443	-0.280535	0.249651	1
26	0.0714664	19.4161	-0.471471	-0.219202	1
26	2.97674	12.9856	0.702879	0.893617	1
26	4.54312	24.1419	1.36783	-0.0354318	1
26	7.96124	29.9333	-1.68624	-0.823514	1
26	3.82183	25.387	0.0597699	1.19587	1
26	14.5606	2.37786	-1.23202	-0.528829	1
26	13.7836	9.22835	1.04731	-0.0598424	1
26	9.85349	9.57539	-1.54962	0.0699876	1
26	6.31177	11.3095	0.443517	0.342114	1
26	16.3007	12.8224	-0.352318	-1.92257	1
26	19.9367	15.2004	0.75628	-0.227376	1
26	21.7101	17.8981	0.511716	-0.125346	1
26	12.9602	16.5187	-0.443323	2.01443	1
26	18.6467	16.1769	1.8814	-0.784701	1
26	4.38408	21.8871	0.347737	-1.01467	1
26	22.8627	20.8562	1.09397	-0.124676	1
26	24.471	19.2246	1.15271	1.86363	1
26	25.2543	25.6046	-0.774227	0.225978	1
26	28.4292	11.3815	-0.698137	2.15278	1
26	20.8918	19.5294	1.24072	0.377874	1
26	21.5771	27.6976	1.44193	0.247111	1
26	16.5593	13.8513	0.438121	-0.754784	1
26	27.8433	21.2502	0.665989	-0.785601	1
26	36.1875	27.8781	-0.620352	-0.297606	1
26	38.9315	16.0906	0.331017	-0.360588	1
26	32.2214	22.4593	0.346129	1.3304	1
26	33.3762	34.0167	-2.04442	0.403214	1
26	29.3816	13.1605	0.273433	1.828	1
26	35.6304	19.7643	-1.93464	0.326205	1
26	33.2667	27.0315	-1.58257	-1.92966	1
26	39.7982	27.2612	-1.02485	0.157042	1
26	31.5591	11.4136	0.13483	-0.852146	1
26	38.9804	23.3197	-0.033602	-0.502175	1
26	6.54012	24.4715	-0.27611	-0.624473	1
26	34.2221	25.2003	-0.785131	1.17887	1
26	35.4992	26.8599	-1.7224	1.04558	1
26	34.2151	17.9155	-1.05428	-0.00129716	1
26	9.62161	11.6906	-0.812292	-0.156427	1
26	2.22041	20.9598	0.63162	0.860916	1
26	0.795512	23.1022	1.98638	1.22703	1
26	7.98429	9.5217	-1.15973	1.32059	1
26	9.31822	16.5059	2.17623	0.168197	1
26	10.1648	15.739	2.00489	-1.25342	1
26	24.6769	21.4982	-0.384529	-0.316844	1
26	20.853	18.4674	0.117249	0.72647	1
26	18.477	12.6845	-0.518861	0.315853	1
26	25.7448	5.33915	0.626649	0.307045	1
26	19.512	19.4603	0.690546	0.282795	1
26	18.0642	21.8384	-2.11637	-0.0864458	1
26	14.1784	26.771	-1.04468	-0.271729	1
26	27.3111	9.59512	1.28851	-0.536236	1
26	30.4942	11.8868	-0.867909	0.520542	1
26	34.3602	30.6948	0.647934	0.780523	1
26	30.9663	20.519	-1.11149	-0.138605	1
26	31.0384	34.2194	0.212083	0.202331	1
26	24.5102	31.5404	0.949645	-0.474934	1
26	26.6651	21.7979	2.45905	-1.94731	1
26	35.4296	24.636	-1.01404	0.41854	1
26	21.9502	18.9773	-0.485375	0.211824	1
26	38.674	22.2151	1.33938	-0.214994	1
26	26.4521	25.5307	-1.22837	1.15733	1
26	34.1379	29.4073	0.0832098	0.472597	1
26	37.9577	21.269	0.770674	-0.151045	1
26	4.99361	22.715	-1.82149	0.623572	1
26	1.05127	24.6729	1.55334	2.07645	1
26	2.07902	8.60149	-1.28793	0.55073	1
26	29.2981	10.8433	0.21155	-0.390932	1
26	0.952045	20.2798	0.705686	0.252781	1
26	33.6133	15.4258	0.158389	-1.01473	1
26	7.68542	21.3293	-0.711217	-0.572504	1
26	6.70032	25.5971	2.24269	2.00161	1
26	16.6486	7.99128	0.1634	-0.452911	1
26	2.15757	19.8168	1.33388	-1.66363	1
26	37.1565	21.8673	-0.0209586	0.139836	1
26	2.73948	26.0551	0.591734	-0.878713	1
26	0.242651	17.9461	-1.05633	-0.501271	1
26	17.8553	20.571	-0.125423	0.247622	1
26	8.62558	23.0444	-0.416232	-0.293045	1
26	28.5731	25.1462	-0.199009	-1.74264	1
26	14.1859	22.826	-2.59716	-1.76275	1
26	23.8699	15.5385	0.645965	-0.951304	1
26	21.6039	22.4106	0.793551	-0.679509	1
26	19.81	27.6943	0.607681	-0.31882	1
26	18.7546	21.0403	0.467794	0.692988	1
26	20.2607	28.9871	-1.3986	-0.445337	1
26	23.0151	23.4212	2.67807	1.25377	1
26	13.0777	26.371	-1.16174	-0.395229	1
26	26.3822	19.4234	1.37829	0.179948	1
26	24.8331	24.5629	1.41167	-0.601038	1
26	23.5908	21.6459	1.01281	-2.51105	1
26	33.8766	4.26343	0.627626	0.402698	1
26	24.9757	15.4195	-0.393025	0.235809	1
26	34.8826	31.8503	-0.440708	1.51846	1
26	32.7928	29.1259	-0.363016	2.01044	1
26	32.6992	24.4548	-0.416282	1.42024	1
26	1.5655	25.8175	-0.673431	-0.409457	1
26	3.74631	34.16	0.409451	-1.23052	1
26	10.651	21.3869	-0.886902	-0.416621	1
26	5.59864	23.8325	-1.05791	0.0994312	1
26	31.874	30.8263	0.192513	-0.276031	1
26	37.5805	22.8092	-1.01448	-0.573414	1
26	9.27086	18.668	-0.291364	0.0572964	1
26	1.51461	28.7843	1.18865	-1.27681	1
26	8.83636	21.7681	-0.282128	-0.755233	1
26	14.6581	16.7065	0.0342865	1.63228	1
26	6.60312	19.4057	1.83197	-1.78458	1
26	13.8425	23.7611	1.54216	0.184464	1
26	13.1178	23.0809	0.889106	0.419056	1
26	3.31267	21.7248	0.717225	-1.90885	1
26	11.0013	28.4868	0.241448	0.0603303	1
26	10.9408	17.9743	1.35894	0.902869	1
26	30.9699	14.4315	-0.0193805	0.134724	1
26	27.4848	18.1305	-0.694791	-0.914107	1
26	18.3313	19.7172	0.0310789	1.22411	1
26	21.0051	26.7457	0.414037	-0.965988	1
26	17.9374	26.3921	-0.496445	-1.18593	1
26	17.3623	14.5429	-0.828965	-1.84915	1
26	29.5346	18.4113	-0.58198	-1.1443	1
26	28.4833	17.6871	-0.333485	0.425873	1
26	21.1966	20.9985	0.0637062	0.841754	1
26	27.7358	30.7239	1.70896	-0.172559	1
26	29.922	36.5162	0.00248844	1.25917	1
26	16.8103	25.5359	-0.597816	0.180948	1
26	0.658169	32.124	-1.03265	0.179531	1
26	24.4321	22.4842	-1.12545	2.46108	1
26	1.81589	32.3911	0.0200344	1.02499	1
26	24.1076	23.5107	0.218767	-0.3855	1
26	30.3354	21.3209	-0.649437	0.642779	1
26	37.4811	32.8092	0.410514	0.536976	1
26	36.3591	24.0688	-0.119975	-0.699035	1
26	34.2373	26.5228	0.192525	-0.0230757	1
26	37.1824	24.9544	-0.150027	-1.65934	1
26	4.65779	33.4913	0.0321471	-0.0814215	1
26	11.7209	18.5591	-0.66056	-0.241287	1
26	38.4038	35.2838	-1.23458	0.966421	1
26	6.64436	29.741	-1.30568	-0.958714	1
26	13.2022	20.9319	0.799556	-0.639666	1
26	5.2378	25.0403	-0.083665	-0.555539	1
26	22.9889	19.7756	1.37166	1.19461	1
26	5.50249	27.0837	-0.502795	-2.73245	1
26	6.58091	18.3878	0.407689	-1.18771	1
26	14.0533	19.5388	0.122605	0.587378	1
26	10.5438	26.6126	-0.0287303	0.22828	1
26	19.711	16.4301	0.54702	0.0881384	1
26	9.67701	20.9142	0.235713	-0.547109	1
26	24.0523	11.0683	1.16035	0.708924	1
26	6.71402	26.6648	0.0225003	-0.279679	1
26	11.2024	34.5818	0.142586	0.826388	1
26	22.7832	17.7551	-0.688223	0.0988531	1
26	23.3497	18.7521	-0.368054	0.0940297	1
26	26.2014	22.88	-0.768408	-0.420094	1
26	22.5792	22.4218	0.46304	-1.79446	1
26	23.4373	25.7487	-2.03619	2.39827	1
26	18.5798	25.1829	-0.136058	0.579956	1
26	23.9892	20.6373	-0.48365	0.568017	1
26	25.0244	28.421	-0.0220705	-0.284001	1
26	24.9523	32.9142	0.0318206	-1.27782	1
26	37.946	31.8618	-0.121213	-0.148677	1
26	2.62553	38.4928	-0.560775	-0.360854	1
26	36.9077	30.1457	-2.34515	-1.21663	1
26	3.29488	18.1026	0.745114	0.250636	1
26	0.818486	34.4248	-0.522077	0.301352	1
26	37.8615	30.5759	0.981634	-0.185648	1
26	27.7634	34.0727	0.379606	-0.198799	1
26	9.77346	17.7336	-0.0266839	-1.56514	1
26	5.81653	20.5378	0.48136	0.554233	1
26	38.1137	29.4669	0.339136	-0.327254	1
26	0.787964	35.7282	0.306485	-0.187213	1
26	9.17652	33.7226	-2.03958	0.694424	1
26	9.61033	24.6054	-0.395164	-0.474918	1
26	3.66672	30.8791	0.642618	0.600392	1
26	9.08927	25.6505	-0.0461376	0.0311334	1
26	11.0562	13.1389	0.377236	0.214974	1
26	17.1106	19.3724	0.421126	-0.0963209	1
26	21.8088	23.6344	-1.20777	0.0805966	1
26	11.0254	24.9636	0.187494	-0.736886	1
26	14.6139	29.3542	0.419148	-0.993823	1
26	25.1765	23.3779	-2.03817	0.77477	1
26	18.6966	23.7521	-0.772176	-1.06556	1
26	7.32214	22.5674	0.876838	-0.805496	1
26	24.9493	13.0052	0.495824	-0.409293	1
26	22.7587	27.8666	0.263367	0.0113908	1
26	26.6775	17.5159	0.200709	0.658393	1
26	19.8049	24.4261	-0.561914	-0.401949	1
26	25.4288	29.4793	-0.898842	-0.508824	1
26	29.9248	39.0164	-0.802662	2.23312	1
26	39.4544	29.7967	1.20803	-1.18517	1
26	36.3886	32.1799	1.24815	0.977478	1
26	28.6879	23.9493	-0.601582	1.62253	1
26	2.93098	35.3426	-0.453959	-0.248943	1
26	27.5012	25.3951	-0.347028	-0.211701	1
26	35.1194	25.7666	0.0638703	1.5092	1
26	34.5609	37.4891	-1.35661	0.150931	1
26	36.2277	26.1295	0.00772745	1.18347	1
26	1.38122	33.449	-1.09833	-0.957252	1
26	31.5004	19.475	1.03098	0.92408	1
26	4.17375	31.9113	1.05031	-0.0428536	1
26	26.5023	27.9442	0.7243	-0.72445	1
26	39.2031	28.4507	-1.07719	0.77806	1
26	8.04134	2.44723	0.373299	-0.142986	1
26	39.0248	36.4205	0.820438	0.0124622	1
26	3.60861	22.7117	0.855069	1.58566	1
26	10.3894	39.9275	-0.0613879	0.184466	1
26	7.37581	0.536595	-0.662842	0.560242	1
26	39.1804	26.3381	-0.861832	-0.318498	1
26	6.33445	4.36476	0.115408	-0.578512	1
26	13.7886	21.8499	-0.41255	1.18245	1
26	7.94467	25.7432	0.216049	0.747285	1
26	8.2818	28.8735	0.681049	1.10353	1
26	10.207	33.333	-1.99314	0.374506	1
26	22.3219	26.618	0.316131	0.34092	1
26	16.3926	31.54	-0.770791	0.687177	1
26	12.1403	25.1155	0.817109	0.263942	1
26	25.532	22.0693	-0.516576	1.61958	1
26	13.2033	29.106	0.501283	-1.23475	1
26	12.8091	27.7284	-0.884436	0.26505	1
26	24.3666	26.1421	0.770125	0.984206	1
26	14.0776	28.4605	-0.447995	0.578255	1
26	32.8771	28.049	0.316393	0.316902	1
26	23.5983	30.405	0.142404	-1.9849	1
26	33.1831	30.4763	-1.69309	-0.0478264	1
26	24.6677	38.1988	-1.91496	0.137387	1
26	25.5718	31.4785	0.0696485	0.519987	1
26	19.0723	26.2678	-0.683939	-1.41704	1
26	32.6533	33.1956	-0.658156	-0.342875	1
26	27.0767	26.3972	-0.498957	-1.57775	1
26	29.6053	33.5182	0.0994702	0.283295	1
26	39.6665	32.5985	0.392963	0.456467	1
26	6.46563	23.1386	-0.0998164	-0.978474	1
26	1.48387	30.2724	2.49736	0.638959	1
26	1.58841	27.7189	-1.91647	0.219039	1
26	32.0905	34.3586	-1.53556	1.05357	1
26	3.43033	26.7157	-0.287442	-0.280177	1
26	37.7139	25.9562	-0.445268	0.0240286	1
26	2.47597	22.5614	0.5128	-1.35471	1
26	8.16579	37.5839	0.584986	0.996556	1
26	4.4282	27.2924	0.310481	0.847329	1
26	26.4051	20.6315	-0.598814	-0.951224	1
26	11.5236	17.003	-0.1081	0.289053	1
26	9.45047	26.8078	-1.29439	0.581061	1
26	13.2574	25.309	0.165643	-0.172184	1
26	16.7128	16.6076	2.11591	-1.01816	1
26	17.853	39.4101	-0.585593	-0.00154388	1
26	9.80809	22.3357	-1.18933	1.40267	1
26	12.4963	31.8702	0.936215	0.761107	1
26	19.3808	33.3282	0.669215	0.182467	1
26	15.6235	25.9009	0.391708	1.05513	1
26	20.2694	20.4731	1.4784	-1.15363	1
26	16.821	20.9759	-0.0845967	-1.25683	1
26	17.485	24.456	-0.345007	0.02375	1
26	22.7321	31.2483	-0.352497	0.168912	1
26	15.5221	30.873	0.234729	-1.24536	1
26	18.4375	17.7286	0.49268	1.46534	1
26	37.2925	35.3741	-0.71131	0.468368	1
26	29.6526	17.3068	2.13397	-0.443182	1
26	35.03	33.4818	0.458857	-1.23732	1
26	31.0043	27.8019	1.05608	1.15274	1
26	29.8931	26.4812	0.491544	-0.885778	1
26	16.9805	26.8709	0.567263	-0.20473	1
26	33.0812	35.1419	-0.0159721	0.362929	1
26	37.262	26.833	0.293904	-2.21267	1
26	6.46264	27.7067	-0.742145	-1.47501	1
26	7.26627	35.4119	0.439975	-0.484488	1
26	33.2741	25.5956	0.762678	-0.199184	1
26	5.46882	32.6478	1.18431	-0.48075	1
26	4.26346	28.6851	0.0265516	-0.0490161	1
26	3.92673	38.6354	-1.21046	-1.50051	1
26	9.29584	37.3653	0.872619	-0.0498427	1
26	30.7745	2.07842	1.70917	0.0370808	1
26	4.42975	37.6638	-0.997123	1.68673	1
26	39.7982	24.8017	-0.716192	1.26778	1
26	8.33093	27.0338	-1.19925	0.280076	1
26	0.59438	28.155	-0.779394	1.6704	1
26	20.6153	34.0489	0.591213	0.0159176	1
26	15.8966	26.8771	2.08263	-0.691085	1
26	9.19801	29.3838	-1.36049	-0.210206	1
26	20.6664	23.1246	-1.61684	0.847393	1
26	18.2707	27.8022	0.665516	0.237846	1
26	21.5489	34.7788	0.26925	0.6096	1
26	21.8615	32.4305	0.77971	-1.15661	1
26	12.1351	23.6288	-1.61796	-0.223396	1
26	15.7421	22.9863	-0.862197	0.0244315	1
26	28.5799	29.5724	1.16262	-1.30439	1
26	22.6018	29.9929	-0.632946	1.52157	1
26	27.0466	33.2538	-1.24306	0.0568083	1
26	28.8988	30.9711	-0.57123	-0.575309	1
26	29.7266	29.2227	-0.640681	1.46661	1
26	24.273	29.4131	-0.614976	-0.949271	1
26	30.4386	32.6979	0.0225582	0.36133	1
26	3.25781	37.6078	0.257445	-0.467176	1
26	33.5554	36.3973	1.63811	2.39439	1
26	39.7961	31.4247	1.35174	1.3011	1
26	4.01531	35.2461	-1.13771	-0.861442	1
26	37.7667	34.4051	-0.605444	0.875571	1
26	38.3499	24.1583	0.236049	1.51044	1
26	5.08024	34.6437	-0.24385	-0.850226	1
26	10.4894	38.8646	-0.512918	-0.116891	1
26	30.828	29.4071	-1.66468	-0.631264	1
26	1.94614	31.3708	0.213196	1.17681	1
26	2.56013	29.2096	-1.26447	-1.1146	1
26	8.95488	30.4027	-2.02691	-0.595884	1
26	12.6408	17.5317	0.117478	0.554726	1
26	12.2414	21.035	-0.255673	0.563795	1
26	3.17171	5.80541	-0.493442	0.195552	1
26	10.5211	18.8834	-0.973696	-0.0636277	1
26	7.99981	14.3036	-0.0435045	0.882607	1
26	16.5109	15.2319	0.719445	0.172903	1
26	15.499	14.5986	-1.60469	-0.493276	1
26	23.0419	29.0456	1.85583	-1.19769	1
26	4.43693	29.7588	0.269705	-2.46781	1
26	2.52201	33.4537	-0.198941	0.26497	1
26	12.2399	34.2585	-0.341744	0.617157	1
26	20.8234	7.31821	-1.95729	-0.308777	1
26	7.9505	34.2841	0.136235	-0.335572	1
26	17.3182	29.575	1.55782	0.638536	1
26	24.1481	33.8836	-0.521259	-1.88309	1
26	38.5225	32.8601	1.3456	0.193743	1
26	25.5128	16.5466	0.863325	1.53974	1
26	31.7935	31.8711	0.00305154	0.264742	1
26	27.0799	23.4413	-1.22843	-0.39378	1
26	29.898	35.4322	1.00876	0.0402594	1
26	34.2448	27.8105	0.145772	0.996632	1
26	30.1236	31.6789	0.0574172	0.0127594	1
26	31.4709	32.8059	1.21224	-0.0561612	1
26	35.9975	35.5227	-0.729878	-1.07747	1
26	3.00902	31.9565	0.472887	0.677384	1
26	33.819	33.0506	-1.23224	-0.410675	1
26	0.381658	33.4405	0.224306	1.08525	1
26	6.38201	33.3734	1.75679	-0.922747	1
26	10.1274	32.1702	-1.88855	1.61108	1
26	9.18403	39.38	2.40574	1.06161	1
26	1.10074	21.9861	0.567913	0.215212	1
26	16.5761	35.1803	0.0929394	-0.821618	1
26	8.78904	36.2638	2.39527	-0.631324	1
26	15.1346	31.9715	-0.0244152	0.0570008	1
26	0.617434	29.365	-0.314967	0.693046	1
26	8.59761	24.6893	1.14324	-0.305547	1
26	7.68814	36.4628	-0.707065	-0.319917	1
26	14.1073	34.5205	0.253057	-0.790812	1
26	4.3104	5.06	1.53794	1.76658	1
26	15.5068	2.88989	-0.520027	-0.450579	1
26	20.0762	25.4856	-0.228906	-0.354802	1
26	19.0229	32.293	-0.133233	0.797815	1
26	22.4743	12.201	0.222117	1.54321	1
26	29.411	32.4649	0.88787	0.722118	1
26	20.8963	33.0865	-1.5251	-0.59387	1
26	11.4237	22.8627	1.61516	0.823796	1
26	34.7702	36.3231	-1.81001	1.59454	1
26	28.1802	32.1088	-0.134116	0.564505	1
26	26.2247	30.4969	0.544164	0.177416	1
26	15.739	24.7735	-0.303481	0.769864	1
26	4.14298	2.03386	1.12998	1.67326	1
26	15.044	27.6037	-0.541585	-0.000925307	1
26	37.2068	37.3955	-1.81103	0.85985	1
26	27.9057	38.3875	-1.51097	-0.0544878	1
26	28.4018	26.4813	-0.287995	1.34108	1
26	32.7852	31.4268	-0.700066	-1.77842	1
26	35.8474	30.673	0.600953	0.284454	1
26	34.6741	20.7336	0.72076	-0.474585	1
26	30.7701	37.1858	-0.424147	1.78991	1
26	38.7318	27.2738	-0.934529	-0.63876	1
26	32.6054	3.84834	0.440989	-1.2036	1
26	36.6483	34.618	0.580132	0.912691	1
26	5.81836	30.5941	-0.677732	-1.19481	1
26	8.24938	39.6793	0.738383	1.30929	1
26	0.47166	30.6681	-1.04809	0.503468	1
26	9.17107	32.57	2.09695	-0.442086	1
26	14.343	31.2156	-0.731855	-0.915086	1
26	13.9562	0.316963	0.242088	0.378766	1
26	8.13611	32.3008	0.0521206	0.483296	1
26	11.8102	37.6197	1.10077	0.106779	1
26	2.75288	27.541	-0.273914	0.428928	1
26	17.9249	33.0981	-0.712263	0.189731	1
26	15.3203	28.6717	-0.222048	-1.75386	1
26	10.158	28.9793	1.43519	0.783098	1
26	5.5129	28.4526	1.32629	-1.46439	1
26	15.9369	29.6746	0.199742	0.676418	1
26	17.5646	32.0434	0.390774	0.329075	1
26	23.6061	32.018	-0.00299243	-0.581803	1
26	21.5956	28.9175	-0.43578	-1.36354	1
26	21.1291	35.9053	-0.406994	1.09439	1
26	26.9094	24.4997	-0.165762	-1.70652	1
26	18.899	39.4168	0.399326	-0.933708	1
26	26.977	31.5412	-0.7871	-0.930702	1
26	30.8345	25.963	-0.0328165	-0.63866	1
26	31.7429	28.701	-0.138912	-1.48044	1
26	27.2382	36.6319	-0.496786	0.18272	1
26	35.5901	38.201	1.42472	-0.318209	1
26	4.56406	0.0716978	0.028462	-1.05695	1
26	38.8586	39.6076	0.516254	-0.426323	1
26	7.39636	31.3542	1.08027	-0.426204	1
26	3.10149	1.74792	0.577159	1.38579	1
26	26.3606	39.788	-0.372747	0.610469	1
26	33.6709	32.0185	-0.743776	0.529422	1
26	5.80569	39.9004	-0.836021	-0.25834	1
26	29.488	38.0489	-0.184355	2.07055	1
26	35.9154	37.2269	2.85308	-0.0566361	1
26	6.39389	0.971813	-0.623991	1.72034	1
26	8.5536	38.594	0.717483	-0.319229	1
26	12.1199	35.692	2.05008	-1.13464	1
26	9.20236	8.30904	0.584961	1.87101	1
26	11.9389	5.07022	0.879459	-0.910459	1
26	5.80197	25.8387	-1.64563	-1.17354	1
26	15.1069	23.9252	-0.0502554	-0.422185	1
26	7.58191	24.6958	0.697227	-0.792455	1
26	12.4724	32.9497	-0.941045	-0.276467	1
26	18.7665	34.3658	-0.7022	-0.104657	1
26	20.7505	6.22781	1.45796	-0.434981	1
26	16.4992	22.0504	0.207368	0.391266	1
26	26.2407	34.3632	0.809287	-1.17374	1
26	22.238	33.4805	0.499453	0.0863338	1
26	22.8321	39.2493	1.29704	-0.371873	1
26	24.8684	36.331	0.359286	0.716457	1
26	19.4466	38.3344	1.35211	1.65952	1
26	28.5486	27.8449	-0.469878	1.46379	1
26	32.5511	38.8232	0.657438	-1.29895	1
26	28.9687	34.4118	-0.581811	1.39095	1
26	17.3697	3.50182	1.07385	1.74358	1
26	33.8595	38.5232	0.338641	0.114395	1
26	33.5808	20.78	-0.394429	0.495796	1
26	28.1073	35.1032	0.199764	2.43524	1
26	31.0799	39.3324	-0.103567	-0.538333	1
26	33.3868	39.6161	-1.79192	-0.468538	1
26	34.7447	34.5736	1.94231	-0.223809	1
26	7.54919	6.98135	-0.903468	0.824754	1
26	7.29805	3.2662	0.0225887	-0.750461	1
26	2.94582	36.6101	-0.516075	-0.850404	1
26	36.7245	1.97673	1.66647	1.82678	1
26	1.27696	0.229105	0.0818061	0.142094	1
26	39.0104	33.8122	-1.11107	1.62974	1
26	7.21551	8.33976	0.252899	0.204248	1
26	8.97758	34.9097	-1.47859	0.0348467	1
26	7.39047	33.1731	0.104937	-0.0944927	1
26	18.4882	29.8786	-1.57823	-0.612394	1
26	14.5355	36.2514	0.625015	-0.519935	1
26	20.4176	12.2721	1.00745	-0.579393	1
26	14.326	24.8326	-0.228328	-0.0252717	1
26	16.0763	27.8519	0.248023	-2.44092	1
26	10.1036	3.23725	-0.0865699	0.647667	1
26	38.1786	28.3089	1.85001	-0.191755	1
26	15.7557	6.24403	0.40729	-1.20453	1
26	5.30953	5.81457	-0.770408	-0.384674	1
26	24.8141	30.488	-1.08382	0.128241	1
26	21.2086	3.0734	-0.335752	0.689837	1
26	19.983	3.45778	-0.0729445	0.96556	1
26	25.8277	24.496	-1.02872	0.540735	1
26	13.2854	31.1629	-0.493888	0.603304	1
26	37.8348	36.2866	0.54488	1.34957	1
26	23.6951	27.2501	1.10202	1.4534	1
26	23.3203	33.1858	-1.66771	-1.13288	1
26	28.536	5.39966	-1.65007	1.45256	1
26	1.4983	37.045	-0.378166	-1.20959	1
26	31.7501	38.209	0.566926	-0.0155835	1
26	26.8037	29.4966	0.381728	-0.39334	1
26	34.3944	3.05595	0.582189	0.125067	1
26	32.6604	37.4596	0.410306	-1.32117	1
26	28.7482	39.1803	-1.13431	-1.13227	1
26	4.00038	36.5952	1.02863	0.505702	1
26	35.1228	29.8904	-0.578742	1.92018	1
26	6.23247	7.88866	0.520335	1.472	1
26	25.3315	1.78597	-1.62169	0.532818	1
26	4.94875	35.7786	-0.0378229	0.317589	1
26	36.1709	12.8385	-0.00476931	0.249596	1
26	37.5651	9.42343	-0.463841	-0.794076	1
26	8.92889	7.02242	1.4205	0.605981	1
26	12.0928	2.02161	-0.162786	0.914421	1
26	7.34334	11.8275	-0.69095	0.823796	1
26	38.6819	1.97944	-0.166495	-1.77296	1
26	11.2765	32.2474	0.203725	0.281059	1
26	20.6877	37.5262	-1.24054	-1.0719	1
26	5.89801	8.99436	-0.965578	-0.183128	1
26	6.23958	38.85	0.451315	0.831437	1
26	18.3208	38.0721	0.338824	-0.167098	1
26	6.56701	5.4636	0.189939	-0.766331	1
26	15.373	32.8979	0.676305	1.13523	1
26	17.2403	30.6292	-0.47583	-1.61521	1
26	26.8496	35.4986	0.120471	-1.21753	1
26	1.24382	1.40582	-0.163757	-0.605296	1
26	11.8035	27.0146	1.44325	0.881582	1
26	37.4784	0.818766	-1.24632	-1.09181	1
26	20.8523	31.958	-0.092085	-0.398525	1
26	29.4601	2.40999	-0.457352	-0.297396	1
26	30.6267	38.2166	-0.363628	1.13643	1
26	26.7276	38.7746	-0.380761	0.459903	1
26	32.5259	1.09445	0.891357	-0.187619	1
26	33.6083	12.1696	-0.300725	0.680763	1
26	34.197	35.3452	-0.459862	-0.579376	1
26	36.8168	39.9552	-1.07292	-0.139973	1
26	0.202874	1.70645	-0.236262	0.0331207	1
26	18.2554	28.8741	0.167289	-1.10083	1
26	36.6239	8.54223	0.559149	0.104635	1
26	0.0704172	0.534397	1.67424	1.49761	1
26	6.78014	37.3434	-0.264744	-0.338767	1
26	1.65445	6.56091	-0.775368	0.241295	1
26	11.3959	36.5236	0.153197	-0.19802	1
26	8.10469	1.43359	-0.756022	0.316372	1
26	10.6796	31.1946	0.200776	0.737964	1
26	6.17776	31.8395	0.424074	-0.395366	1
26	7.22848	10.7073	-2.1448	-0.401051	1
26	36.3204	33.4355	0.514603	0.187292	1
26	20.2238	30.3803	-0.121896	-1.29842	1
26	12.6609	0.269097	-0.0226178	1.31064	1
26	5.11273	6.99296	-0.0760737	-0.0666976	1
26	3.18463	4.01499	0.717508	0.0954149	1
26	13.3284	39.2579	1.18596	-0.92149	1
26	19.2589	30.6538	-0.783212	-1.22903	1
26	19.2117	35.4832	0.520528	1.55974	1
26	10.0686	25.571	-0.789938	-0.355542	1
26	19.4337	1.37345	-0.776901	1.66796	1
26	21.4559	39.9768	-0.0496644	0.302919	1
26	0.380995	39.497	0.00976984	0.112109	1
26	20.3644	2.20002	0.43069	0.540235	1
26	25.1119	33.9893	-1.17713	-0.796909	1
26	19.9375	22.2429	-0.422544	0.910943	1
26	27.5772	39.4698	1.48518	1.81076	1
26	28.5017	33.1802	0.658098	0.388682	1
26	29.9639	27.9576	0.730461	-0.502553	1
26	37.5811	2.50179	1.45038	0.116615	1
26	34.6006	1.01049	0.89329	-0.957399	1
26	34.4379	39.9982	-1.28988	0.0674762	1
26	39.0368	0.998069	-0.419141	-1.6076	1
26	18.3128	31.2893	-1.27592	0.350634	1
26	32.5053	5.29036	1.87819	1.81128	1
26	32.1334	2.10553	0.428314	-0.351044	1
26	5.63586	3.56506	-0.0775951	-0.0335266	1
26	4.88314	39.0142	-0.115945	0.965871	1
26	7.33719	38.3673	-1.66534	0.170418	1
26	38.7104	4.46217	1.0607	0.611992	1
