8	35.6987	30.6545	-0.222143	0.27555	1.05287
8	34.6329	28.0572	0.0854183	-1.53753	0.947479
8	37.233	38.9026	0.0139144	0.772476	0.939138
8	33.769	2.47698	1.10859	-0.531009	1.25706
8	8.6765	39.5508	-1.44115	-1.10508	1.07633
8	38.3476	39.7048	-1.22733	0.978234	0.97114
8	6.80268	1.31361	0.765559	1.72238	1.05532
8	15.4316	9.99497	-0.413299	-0.313627	1.07242
8	12.2169	2.45328	1.71721	1.09658	1.026
8	8.54856	0.846456	0.237236	0.530881	0.976391
8	14.6261	37.031	-1.46221	0.587716	1.01192
8	6.68942	4.08587	0.236064	0.207062	1.18542
8	21.5007	35.0331	-0.0868621	1.46756	0.975637
8	25.1225	33.5445	-0.014656	-1.97243	0.92656
8	15.4562	29.318	-0.328967	0.605391	0.976662
8	17.3037	36.3723	0.0254982	0.272774	0.975364
8	5.59082	29.3694	0.119125	0.112979	0.997112
8	12.863	31.5765	0.329157	0.992903	1.02598
8	22.4318	5.72325	0.312312	1.22274	1.24916
8	32.354	6.41212	1.3665	0.114801	1.11083
8	23.7655	37.0729	0.391096	-1.03128	1.16011
8	29.6485	5.63984	1.25494	-0.70947	1.15204
8	24.3512	32.9663	-0.262794	1.07061	1.04785
8	32.022	4.14709	-0.0432737	0.0480471	0.902038
8	31.9658	0.180261	-0.374977	0.0530693	0.795111
8	28.0099	39.6626	0.621945	-1.28925	0.931817
8	1.3323	1.07609	1.09936	-2.53865	1.01436
8	37.5416	12.686	1.23622	1.41081	0.94092
8	34.4738	39.4926	-1.34651	-0.681695	1.06321
8	3.44204	10.961	-1.20103	0.591896	1.05918
8	7.31229	11.5316	-0.544231	-1.29952	0.809015
8	9.2682	16.8787	-0.179227	-0.119681	1.01917
8	3.13508	5.08804	-1.54415	0.42337	1.03724
8	3.63141	39.3172	-1.17993	0.564687	1.06177
8	5.66501	39.7401	-0.753058	-1.71317	0.885971
8	36.4315	3.29805	-0.830952	0.888067	1.01255
8	4.39965	9.2326	-1.24502	-0.558539	0.843364
8	3.05677	36.8448	-0.442916	-0.100475	0.977559
8	4.34484	36.7181	-1.71303	0.940937	0.965938
8	15.1255	4.01385	1.98391	0.491129	1.04249
8	8.70705	5.58368	-1.32957	1.26141	1.05394
8	11.176	35.6439	-0.433817	0.164248	1.04389
8	0.247082	33.1147	0.429692	-0.2766	0.849696
8	11.6438	3.74567	-1.01851	0.160992	1.15581
8	16.693	0.276898	0.923362	-1.29538	0.909238
8	11.0035	2.53083	-1.15849	1.31404	0.895328
8	10.7318	38.1324	0.0511274	0.251418	0.92336
8	18.3584	4.00636	-0.581061	0.684144	0.976647
8	29.4156	6.9236	1.49068	0.845675	0.960469
8	29.6034	4.3152	-0.473178	1.30145	1.01579
8	17.6397	39.7605	-0.849727	0.801478	0.904588
8	12.6917	35.7066	-0.0930251	0.900536	0.905845
8	21.813	9.53763	0.206106	0.243912	1.16905
8	28.7167	3.12492	1.18947	1.92896	1.07773
8	31.4355	35.8717	-0.88906	0.920753	1.05068
8	25.8577	11.2119	1.25048	1.46017	1.07555
8	29.93	37.5097	0.758873	-0.0358642	0.854925
8	25.3664	39.2096	-0.0427021	-0.568784	0.992584
8	33.1508	0.0180911	-0.931839	0.367275	0.978369
8	35.2598	6.26529	-0.273875	-0.530417	1.16716
8	0.207527	0.697653	0.101187	-0.339346	1.06387
8	34.1333	0.590762	2.16579	0.180921	0.994022
8	36.7767	9.13404	-0.651398	2.29044	0.952121
8	6.42051	7.31354	1.19264	0.133419	1.02988
8	9.35706	1.46525	1.10536	2.15955	0.834598
8	35.9532	36.8944	0.376538	-0.512997	1.14275
8	38.819	0.995244	1.77026	0.750451	1.06822
8	36.268	0.981751	-0.377996	-0.0879092	1.14714
8	13.3155	8.0703	0.661925	-1.58737	0.808892
8	36.5387	38.0164	-1.00611	-0.193713	1.09979
8	36.4374	7.34351	0.399296	-0.300329	0.957236
8	7.49422	7.32226	-0.636964	-0.361937	0.945794
8	9.88308	34.2263	0.418182	-0.825935	1.13334
8	9.03497	8.84487	-1.20901	0.874445	0.96705
8	2.37658	1.51028	0.945392	0.726345	1.02799
8	6.23144	13.9453	-1.26522	0.45092	1.00098
8	9.1644	3.49279	0.374701	-2.51754	0.924032
8	18.5847	36.3713	-0.346107	1.94155	1.12374
8	16.0203	3.24504	0.792412	-0.250872	1.04784
8	17.7175	8.43239	-0.710743	-0.0296824	0.899323
8	8.31149	4.33399	-1.63718	-1.76513	0.926327
8	31.755	5.31041	0.667948	0.0214939	0.998632
8	25.3947	2.57728	-2.09792	1.2071	1.00461
8	24.7238	4.4749	-1.05352	-0.93633	1.19149
8	30.1639	0.274943	-1.05199	0.816475	0.889748
8	24.9013	0.869695	-0.388057	0.954958	1.10798
8	28.8655	9.22665	0.478677	1.25811	0.926953
8	36.5641	12.3491	-0.116411	-0.572922	0.987513
8	18.9436	4.90958	1.5941	0.0183028	1.03163
8	32.1368	37.2051	-0.0615504	-0.528646	1.12402
8	33.1499	7.56528	-0.561327	-1.66396	0.951236
8	36.064	5.59268	0.240881	-0.0616043	0.953273
8	28.172	36.2583	-0.284908	-0.181344	0.989545
8	3.41957	8.29043	0.538961	0.0724225	1.13406
8	3.72869	0.616674	1.57313	0.30383	1.00139
8	38.9279	9.3021	-2.36823	1.17864	0.877926
8	3.69556	2.62785	-0.484858	-0.55732	0.937331
8	35.3088	35.5758	-0.781994	-1.39388	1.15401
8	17.2285	3.5978	0.820622	1.34375	1.05234
8	7.53839	8.35392	-0.368329	0.879112	0.83217
8	0.857865	3.53809	-0.988304	-0.511459	1.11106
8	4.57932	7.80497	1.29424	-0.951925	1.07911
8	3.15498	6.2341	-0.347139	0.0412358	0.980132
8	0.959339	39.5214	-0.283046	1.01114	1.17847
8	5.55433	38.6679	0.916758	-0.287842	0.968647
8	3.21479	12.196	-0.792436	0.857066	0.910589
8	39.593	39.5333	-1.40173	0.858343	1.2101
8	9.47263	6.42777	0.749372	-1.40785	1.02193
8	10.7034	6.39917	-0.0471074	1.14371	0.908248
8	13.1995	5.53865	0.590633	1.10187	0.982876
8	12.9179	4.41957	1.56149	-1.28423	0.797761
8	13.6328	37.6186	0.26709	-1.09421	1.06506
8	16.1618	33.2508	1.36031	0.406279	0.772408
8	21.1677	8.32564	-0.293306	0.170278	0.948526
8	22.1544	38.1534	-1.87761	0.801616	0.954032
8	14.4472	0.953298	0.0825662	1.1319	1.0871
8	30.3838	7.0506	-0.175048	-0.458156	0.828045
8	22.797	8.19483	0.0374645	0.663568	0.966907
8	23.7641	9.45329	-0.969401	0.455609	1.04529
8	21.5556	4.12244	-0.721194	-0.62696	1.161
8	30.8027	2.20033	1.04961	1.19391	1.06128
8	25.8381	12.4959	2.97431	-0.363612	0.928709
8	33.1357	11.1772	1.05748	-0.0966905	0.966148
8	28.8034	8.09552	-1.31841	-1.27829	1.11228
8	36.2671	2.12122	0.641041	1.28991	1.09961
8	27.6734	7.55677	1.19952	0.166651	1.00023
8	34.8716	5.02808	0.991616	0.752184	0.939589
8	35.0311	1.74743	1.98339	-0.830744	1.00976
8	1.04641	4.5791	0.348056	0.360015	0.861294
8	38.3008	10.1498	-1.19174	-0.916339	1.0142
8	34.235	11.303	0.885464	1.31734	1.03877
8	10.3919	7.58488	1.31679	1.57432	1.10492
8	9.64543	33.1412	1.64771	1.31071	0.890209
8	37.8814	3.94861	0.486367	-1.06881	1.05727
8	0.866866	12.7262	1.36564	0.522284	1.03069
8	12.2284	6.09457	1.1553	0.766378	0.950758
8	8.3342	6.8651	1.11763	1.53884	1.03849
8	6.69997	8.93597	0.488151	-1.53591	0.983774
8	5.13852	1.51347	0.668808	-0.404775	0.904413
8	8.40959	30.2159	1.5517	-0.177266	0.875078
8	11.6912	7.05404	1.22622	0.799364	1.04267
8	29.2724	34.9514	-1.54739	0.464988	0.934138
8	11.4941	0.558425	0.567881	-0.0092796	1.05154
8	4.89906	32.2214	-0.202242	-0.74664	1.08291
8	13.8	38.7352	-0.463433	-0.822355	1.14691
8	31.1181	4.27822	0.526266	0.829859	1.05957
8	4.9198	0.456288	-0.730297	-0.307459	0.937754
8	23.6831	7.41618	0.948006	-0.627057	0.956706
8	23.2434	0.270969	0.285424	-1.21805	1.03943
8	30.6455	5.26992	-0.853438	0.172033	1.03425
8	18.5143	38.2418	-1.26863	-0.795864	0.968696
8	28.9737	37.3692	1.03154	0.0462512	0.976431
8	29.508	1.46078	1.15456	-1.16115	0.969879
8	24.2637	39.3611	-0.0994188	-0.909787	1.0033
8	23.5387	4.92101	2.23111	0.0616589	0.988273
8	25.7046	7.84599	-1.08126	-1.11059	0.90043
8	28.248	38.1892	0.240627	-0.702634	1.08115
8	31.3955	7.4457	0.279672	0.342383	1.10996
8	34.4736	9.28664	0.451719	-1.25198	0.921734
8	26.2631	36.3278	-1.0505	1.54274	1.00798
8	24.6254	28.1207	0.797127	0.31932	0.862318
8	17.2983	4.73858	-0.47683	-0.434422	0.970769
8	33.4156	6.3576	2.31465	-0.303052	0.891255
8	6.43087	38.0994	-0.299172	-1.06863	1.10178
8	37.826	9.27371	-1.25335	1.18954	0.849497
8	0.0493067	9.67512	-0.0199087	0.815345	0.964389
8	39.8195	8.67053	0.541233	-0.131914	1.10296
8	8.10892	10.7435	0.162688	-0.332693	1.24608
8	6.38535	5.11087	0.788337	-1.35203	0.894324
8	7.44198	5.07486	0.796431	0.0164313	1.04002
8	0.870557	7.60533	-0.282359	-0.0364555	1.05541
8	2.61126	2.77746	-0.779404	-0.535671	1.00049
8	16.5241	1.9421	-0.364196	-0.273139	1.04691
8	16.0598	6.14378	-1.00914	-1.28096	1.02162
8	20.1164	4.97386	-0.262184	-0.58058	0.944313
8	6.23658	6.0168	1.5129	0.663462	0.894753
8	13.1	16.655	1.04623	0.866132	1.00366
8	19.0799	13.8249	0.00213113	1.05054	0.999687
8	16.8897	7.95738	1.05412	1.32921	1.02454
8	5.16626	37.6455	-0.198346	0.104588	0.92108
8	18.8504	6.85798	0.389544	0.13202	0.986509
8	16.0749	0.963301	-0.954163	1.38979	0.912131
8	25.74	9.20904	1.33488	-0.264832	0.968554
8	27.6407	8.79735	-0.368567	-0.465899	1.0591
8	23.1354	1.45106	1.15515	1.02451	1.07249
8	29.8839	22.5503	1.23029	0.195577	0.926529
8	39.0001	12.4053	0.0886594	0.318897	0.868034
8	34.4403	8.30753	-0.839184	1.41799	0.960466
8	23.6627	12.7271	-0.554024	1.6434	1.13284
8	34.2266	7.25804	-0.413153	-0.578659	1.16335
8	24.7474	12.9838	0.142196	0.350747	0.833039
8	35.6583	11.9925	-0.903048	0.0397429	0.759895
8	34.8335	37.4964	-0.569331	0.806179	1.16971
8	29.2465	36.0522	1.38951	-0.622794	1.12323
8	30.4355	13.3066	0.0477465	-0.536295	1.02474
8	1.50882	6.74276	0.51343	0.517972	1.02669
8	35.5018	10.2749	-0.0422671	-0.192855	1.14343
8	37.2442	4.93784	0.373746	-0.659329	1.08101
8	39.8717	12.7551	0.467132	-0.743044	0.800965
8	0.92384	11.4556	1.86185	0.412789	1.10481
8	32.1396	16.4932	-0.784551	-0.0253284	1.05833
8	9.7238	10.3645	1.72012	-0.242102	0.922586
8	17.2232	5.83906	1.57774	-1.31375	1.08892
8	11.0377	12.2847	0.272536	3.40693	1.0121
8	5.26321	5.15774	-1.10307	1.00134	0.92865
8	11.9613	36.3236	1.72484	0.21238	0.94102
8	3.11699	16.5773	-0.390076	-0.587864	1.15832
8	10.0615	0.292892	2.18955	-0.427378	1.08352
8	5.01754	3.54816	-0.552947	0.269724	0.819986
8	10.4619	1.40139	-1.28849	1.45794	1.10243
8	22.5803	4.52648	1.16475	0.339311	0.916297
8	23.0218	3.62164	-0.174543	-0.327117	0.998895
8	14.099	4.9132	0.703505	-2.7856	1.06713
8	24.2584	2.92897	-1.96654	1.20494	1.14424
8	14.4614	7.70058	0.988774	-0.213219	1.15085
8	23.1534	10.3868	0.491646	0.173319	1.09502
8	28.5084	14.0197	0.397137	0.225953	0.959073
8	20.628	7.36398	0.910359	0.709638	1.03552
8	26.0178	5.54031	-0.247207	-0.890567	1.1048
8	23.0413	2.61208	-1.09802	0.688122	1.02167
8	17.2989	10.6525	-2.38377	1.18906	1.02129
8	24.9395	5.76861	0.848916	-0.273916	1.0764
8	31.0337	6.29726	0.753894	-0.374615	1.06753
8	0.136815	17.2165	-0.693098	-0.793907	0.819467
8	34.9653	14.6499	1.47435	1.70531	0.909768
8	4.3	5.24687	0.162082	-1.30827	0.946268
8	33.1074	3.97917	1.45538	0.386672	1.04509
8	35.8611	15.1611	-1.14919	-0.0548007	1.06482
8	25.1431	13.8575	-1.06347	0.171974	0.954411
8	38.8647	11.4908	-1.30553	-0.328416	0.909098
8	38.5976	8.3553	0.904097	0.524388	1.10945
8	37.1823	10.2328	0.237115	0.40455	1.04822
8	33.4982	12.1243	-0.765806	-0.557598	0.787519
8	2.10978	5.57714	-0.797399	-1.47192	1.18516
8	4.2189	11.7965	-0.24887	1.11398	0.835288
8	11.9997	4.9357	-0.904303	0.0837576	0.925506
8	1.7583	8.41351	0.730428	-0.360557	1.01144
8	15.7298	13.626	0.375805	0.0457058	0.673106
8	10.9479	4.52746	1.0239	-0.499145	0.954705
8	24.1405	1.63575	1.28347	-0.538289	0.911092
8	12.5258	7.76441	-1.21526	0.165391	0.912556
8	17.721	7.10843	0.157135	-0.0489861	1.11182
8	7.34061	2.835	0.360891	0.317538	1.03823
8	8.40415	37.1311	0.507169	-0.270337	1.06344
8	18.1648	3.00446	0.0595523	0.224498	1.02967
8	20.9532	2.33785	1.54636	-0.152998	0.98664
8	15.9485	37.1947	-1.10517	0.305283	1.01285
8	23.2264	38.394	0.333275	0.426756	1.14892
8	20.017	6.14762	0.455196	-0.122119	1.04911
8	18.5599	17.3212	0.425561	2.013	1.0118
8	32.3038	11.4252	0.603233	-0.610076	0.868632
8	20.1402	12.642	-0.16829	0.356366	1.11363
8	33.3284	8.79371	-0.0187067	-0.501626	1.00124
8	34.1241	5.68301	1.1936	0.3877	0.903026
8	29.979	9.9768	0.359706	1.77314	0.92553
8	36.6307	13.4363	-0.637227	0.250347	0.903086
8	37.1104	6.33203	0.990056	-0.369714	1.00988
8	2.89177	38.069	-1.76404	-1.23502	1.08114
8	35.6446	12.9446	1.38808	0.46185	0.922249
8	32.7582	12.9574	0.774298	-0.820109	1.03284
8	36.1507	8.27412	1.90195	-0.769355	0.762293
8	34.8966	15.7693	-0.618295	0.37155	0.985325
8	35.2354	3.88113	0.181528	-1.59531	1.14603
8	8.37995	38.4771	-1.50881	-1.32893	0.998413
8	4.46664	24.8458	0.198669	-0.179133	0.760413
8	32.8945	19.7706	-2.64927	1.27957	1.01886
8	7.40271	6.16494	0.100284	-0.340569	1.03306
8	7.98754	15.3413	-0.809101	0.301035	1.19345
8	11.3323	15.6843	1.3572	-0.0815395	0.845594
8	12.0308	10.0722	0.931082	-0.424561	1.15656
8	12.8333	3.35495	0.667741	-0.243382	1.02494
8	11.4892	8.51683	1.4325	-0.691614	0.919059
8	9.25968	11.1976	1.21812	-0.414821	0.997357
8	5.52223	10.4238	0.427885	-0.3107	1.11297
8	12.9945	14.7306	0.926022	-0.680635	0.997899
8	13.3469	6.7716	0.930912	-0.0809541	1.16777
8	16.3134	4.66225	-0.311883	-0.348101	1.12769
8	14.3692	9.12076	0.535402	-0.589519	0.946353
8	14.4243	5.91295	-0.58936	-0.112612	0.795489
8	15.6562	39.9026	0.328207	1.81547	1.07558
8	21.7665	3.07962	-1.68712	0.843964	1.01272
8	24.5591	6.81369	0.0433105	-0.858537	1.04431
8	23.6403	11.478	0.824374	-0.966515	0.956197
8	19.5773	7.37365	-0.407892	-0.119671	0.887342
8	30.0995	8.00699	2.52071	-0.978345	1.03889
8	31.1772	11.6529	-0.433145	-0.563809	0.941107
8	20.2402	16.3477	0.238367	0.920918	1.01289
8	35.2295	7.73619	0.490956	1.39039	1.05199
8	33.7603	15.1563	0.630847	0.74765	1.01602
8	26.5073	8.32771	-0.766699	-0.845048	0.948893
8	18.7366	15.034	1.92829	0.665151	1.02732
8	31.4824	12.9749	0.30904	-1.2003	1.10272
8	35.0805	18.1365	-0.604597	-0.288698	1.07192
8	34.7719	12.4688	-0.705523	-0.577938	1.04503
8	1.96091	17.2479	0.152431	0.580639	1.08444
8	38.3636	6.80066	2.31663	0.48932	1.14986
8	38.8705	13.6565	0.408628	-1.6145	1.04132
8	2.2667	19.2266	1.71118	0.0792948	0.88976
8	4.69275	39.1987	-0.106105	-0.453793	0.871631
8	5.58254	17.197	-2.06328	2.07602	0.886968
8	38.0735	16.1482	-0.371088	-1.06977	1.14447
8	37.5705	19.1611	0.835269	0.18767	0.881165
8	9.31086	13.6523	0.100832	-0.0048446	1.05497
8	10.6179	11.0869	-0.630562	0.217534	1.05417
8	37.4359	11.4208	0.260667	-1.36696	1.23637
8	13.9706	10.1019	-0.749419	-0.300098	1.05645
8	15.1418	2.32045	0.400476	0.0730871	1.00559
8	16.939	11.77	0.221921	-1.82812	1.00416
8	18.7671	8.87135	0.993406	0.184688	1.03635
8	15.4327	5.26434	-0.720822	0.460519	0.900822
8	18.4267	11.8148	0.487612	-1.72791	0.851813
8	17.9089	9.74109	-0.336155	-0.0893082	0.941289
8	28.1945	4.3522	0.947676	-1.0109	0.988242
8	21.7797	16.6183	-0.637187	-0.0576886	0.929338
8	20.5049	9.22777	-0.193698	1.51691	0.825775
8	23.6606	5.96925	1.32624	1.0056	1.06464
8	14.742	18.51	0.114222	-1.11951	0.849349
8	18.3608	10.7708	0.542866	3.2237	1.02638
8	24.7395	11.4934	0.0085198	-0.849331	0.931546
8	26.642	10.1749	-1.59153	0.67791	0.966834
8	36.1863	11.207	1.16667	0.379494	0.967442
8	12.0872	20.5949	1.16535	-1.1167	1.02745
8	37.3206	8.27759	-0.965395	-0.882378	1.09178
8	28.9177	17.0482	-1.53533	0.532156	0.931271
8	25.1924	10.1613	0.0516473	0.764724	1.01681
8	0.367662	18.9575	-0.573549	0.377274	1.02293
8	32.4962	20.9901	0.148589	-1.23462	1.06715
8	32.5498	15.2931	-0.227082	-0.137781	1.14209
8	29.8131	14.4455	0.124565	-0.432738	1.09635
8	30.1898	12.2195	0.11376	0.17664	0.962484
8	2.11276	12.2265	-0.207906	-1.31523	1.04991
8	9.25419	7.74472	1.60643	1.65832	0.962727
8	39.8779	15.2156	1.18298	0.75854	0.92501
8	2.87904	14.0143	-0.776059	0.0274763	0.918988
8	3.45958	9.78874	-0.104322	0.299097	1.03274
8	13.6646	15.5091	0.811897	0.827464	1.00286
8	1.74212	23.9863	1.33461	1.25218	0.740997
8	12.7201	8.9596	-0.394019	-0.122819	1.08731
8	15.1596	6.64495	1.60507	0.776959	0.975299
8	9.03253	15.8025	-1.66707	1.299	0.958491
8	23.7567	8.43852	-0.0753451	-1.6085	0.973967
8	19.7917	2.95267	0.0256687	1.042	1.03814
8	17.6181	0.753204	-1.47199	0.205196	1.06302
8	10.1213	9.30844	0.936678	-0.661629	0.97514
8	20.527	11.0487	-0.106542	-0.299437	0.868623
8	20.9632	10.1367	-0.146654	-0.676488	0.801815
8	28.221	11.6289	0.299226	1.24927	1.12179
8	31.8417	9.07047	0.844621	0.114123	1.01218
8	21.2576	15.7415	-0.886163	0.743903	0.91505
8	27.076	11.1164	0.225848	1.6582	1.16069
8	28.8621	10.2439	2.04954	-0.705741	1.06095
8	21.2071	23.6229	1.27342	-1.47607	1.00343
8	33.2573	13.8102	0.619688	1.104	0.857313
8	28.0656	12.8487	-1.17914	1.08236	0.944168
8	34.7507	26.9744	0.843046	0.947315	0.847043
8	38.1279	5.64073	0.394314	1.00489	1.05344
8	19.7034	19.4062	1.4422	-1.14599	1.03559
8	27.1051	12.2111	-0.0920353	-0.467403	1.01471
8	19.4249	20.795	0.265282	0.114056	1.09554
8	33.7875	10.2126	0.477584	-0.11247	0.984209
8	31.014	15.6528	-2.72506	0.0528916	1.13311
8	33.5061	16.2912	-0.441586	-0.996718	1.04724
8	39.9593	10.7973	0.10264	-1.19966	0.89063
8	33.8734	12.9968	-0.88055	-0.381813	1.02345
8	39.907	11.7234	1.55485	-1.27756	0.944736
8	8.10381	12.3055	0.458045	0.195629	0.868835
8	1.3248	25.3049	-0.938304	-0.143586	1.02386
8	5.45567	11.7728	0.118544	-0.629049	0.937678
8	7.32562	14.4035	1.06917	-1.03895	1.05503
8	15.8038	8.63398	-0.341042	-0.0559647	1.10561
8	2.53318	7.04058	0.145707	-0.625525	1.09762
8	19.9426	14.8939	0.530182	-0.643367	1.06175
8	13.4556	11.2476	0.334892	1.15276	1.19522
8	17.8493	1.76787	-0.833244	-0.593061	1.03169
8	15.8412	11.7816	2.89376	2.28493	1.04318
8	20.7249	3.42378	-0.182469	-1.44401	0.918605
8	25.7584	6.71152	0.786297	-0.323705	1.08889
8	22.3881	18.2321	-0.261814	1.29229	1.07294
8	19.4251	11.0783	-0.0554137	-1.0402	1.13561
8	14.5822	19.5696	0.569085	-0.38443	1.09488
8	15.7304	7.43901	0.607112	0.0402418	1.01055
8	20.0624	10.0489	0.441923	-0.268306	0.915896
8	21.5721	11.9877	-0.702388	-1.10588	0.929554
8	23.3956	15.9236	1.6834	-0.896114	0.955324
8	18.9916	9.88248	-0.578634	-0.342001	1.00405
8	18.8373	12.7632	-0.384868	0.40805	1.01627
8	28.3631	5.40003	0.0867362	1.81222	1.04402
8	30.6037	1.13487	-0.659565	-0.573407	0.978351
8	22.6802	12.1155	-0.595392	-0.802526	1.1435
8	35.8904	19.4097	-0.990105	0.582664	0.902288
8	34.6689	13.634	-0.138073	-0.102741	0.94688
8	32.1701	29.3588	-0.60888	0.835585	0.956562
8	37.6974	13.8762	0.670887	-0.320374	1.01331
8	0.875322	9.05116	-2.2185	-0.835493	0.838978
8	1.28977	13.7617	0.597719	1.07501	0.986992
8	12.3742	12.3054	-1.23819	0.908124	1.08988
8	0.635045	23.1995	-1.36263	0.346408	1.0452
8	39.5138	3.49481	-0.372708	-0.211964	1.03366
8	4.43058	14.0702	0.268224	0.370546	0.978294
8	0.782756	5.55053	0.0288895	0.690848	0.855219
8	10.4903	23.2329	-0.0014818	-0.203463	0.977043
8	10.3971	13.7044	0.158529	-0.105372	0.90702
8	4.87712	15.8992	1.11398	-0.927064	0.940533
8	15.255	17.3892	-1.4309	1.16733	0.926766
8	38.5247	22.0309	0.503928	0.0317225	1.03652
8	11.6711	11.0363	0.0549325	0.22763	0.894836
8	12.6612	21.7238	0.198792	0.318826	1.05904
8	18.2806	18.8288	2.39948	-0.705569	0.935742
8	14.8677	13.3057	-0.42874	1.00754	1.13504
8	10.0975	18.1102	0.195022	1.1074	1.1254
8	18.273	5.79931	-1.48429	1.09004	0.99045
8	14.913	10.9685	0.452149	0.382312	1.08772
8	12.8125	13.4262	-0.61359	0.701667	1.02303
8	21.0523	17.7119	0.301147	-2.76117	1.0591
8	19.3199	22.1296	-0.716214	0.648799	1.03903
8	21.2521	24.6361	-0.706779	-0.964603	0.900031
8	27.2741	15.7676	1.09502	-0.260855	0.813238
8	27.7163	10.1141	-0.378467	-0.292005	1.16658
8	31.1752	10.3796	0.1097	0.321024	1.00623
8	29.4197	19.1073	-0.676975	-2.03058	1.06807
8	30.0205	17.348	0.0912327	0.191255	1.11145
8	27.1823	6.46179	-1.05374	0.536793	1.24022
8	28.0259	20.6287	-0.0457981	1.0933	0.938252
8	35.2072	23.7987	0.444135	-0.941015	0.85336
8	36.3415	20.8846	0.403757	-0.00869113	0.969076
8	30.4095	11.0298	1.12505	0.0959781	0.990007
8	31.0533	14.3168	0.450275	0.27974	0.941548
8	39.0684	23.6246	-0.400514	0.716391	1.05686
8	35.6126	16.8394	1.48385	0.460757	0.982775
8	7.11106	13.4132	-1.97567	-0.885026	0.933066
8	4.04188	12.6514	-1.47937	0.371358	0.929152
8	10.5273	22.0149	1.12569	1.96242	1.01498
8	18.1916	15.7679	-0.11257	-0.10974	0.955528
8	2.32761	10.7409	-1.0526	1.33504	0.960927
8	4.17686	21.0492	2.36845	-0.597368	0.934051
8	7.90488	24.0463	-0.209978	0.152308	1.20842
8	1.42579	10.0192	-0.166718	0.00459075	1.1588
8	15.3229	24.8735	1.35474	1.03046	1.08392
8	11.893	13.9455	0.0112438	-0.378817	1.18565
8	13.0062	19.9218	-0.198973	-1.23003	0.940922
8	6.65728	10.6328	-0.156258	-0.2982	1.11355
8	15.8905	12.8187	-0.200791	0.40311	0.965002
8	20.1036	13.8096	-0.923833	0.140038	0.8697
8	15.8548	15.2731	0.959733	0.694298	1.04
8	8.42028	14.3201	-0.108146	0.597522	1.00709
8	17.0038	14.5546	-0.329853	-0.255643	0.998425
8	15.323	14.3295	1.85064	1.0781	0.841373
8	26.1	14.9268	-0.673993	-0.156587	1.20383
8	12.0683	19.1505	1.35089	-0.690007	1.14444
8	25.7932	17.5934	0.820748	-0.427318	1.08821
8	22.887	13.5145	-0.794864	2.32611	0.995824
8	29.7991	15.9611	1.8595	-0.922195	0.991229
8	30.2381	28.5883	-0.819917	1.37309	0.94135
8	26.8056	18.5332	-0.469864	-1.09917	0.847731
8	20.4814	20.2183	1.53592	-2.12124	1.0312
8	25.3533	18.9442	1.32956	-0.0430904	1.05868
8	24.0127	22.5476	1.4867	-0.667039	1.05182
8	36.8241	15.9446	-0.73643	-0.0296861	1.02989
8	32.2761	14.1384	-1.7196	-0.600624	0.846784
8	29.1242	20.5468	-0.203696	-0.22292	0.841041
8	31.32	17.823	-0.180251	-0.846027	0.971308
8	5.98853	18.1814	2.2985	0.246514	1.06054
8	0.802255	16.156	-0.420044	1.06591	1.12303
8	6.465	14.956	-1.72544	-0.546827	0.804941
8	4.27738	25.9163	-0.0974378	1.55526	1.13072
8	4.44548	10.5995	-0.956468	-0.295938	0.918083
8	6.76621	26.2288	0.311561	0.743141	1.08595
8	38.6091	19.7655	0.0519514	-0.510111	1.08921
8	8.10935	19.9949	0.790524	0.36683	0.936757
8	18.0485	14.2151	0.2378	-1.12008	1.04198
8	10.159	15.8877	0.561413	0.913033	0.93557
8	2.88691	21.7894	-0.15601	0.207247	0.915052
8	16.4823	23.3987	0.247949	1.61102	1.06008
8	9.14877	19.8722	-1.05357	0.100055	1.02637
8	19.0829	16.3509	-1.88161	-0.37238	1.03045
8	14.5709	16.8092	-0.586547	0.599278	0.77209
8	18.2674	20.8885	0.550687	0.410123	1.0087
8	15.7749	21.9165	1.06571	-1.6648	0.85614
8	18.0938	29.5782	-2.53069	0.990679	0.922624
8	13.2784	1.21268	-0.658163	0.173214	1.19487
8	27.2238	13.5954	-1.07354	0.412756	0.9413
8	25.2531	16.14	-0.26056	0.539806	1.02689
8	12.9438	23.1767	0.652819	0.113839	0.993518
8	20.0266	8.26177	1.36108	0.33771	0.978877
8	27.4584	14.663	-0.570471	0.0946625	1.11033
8	28.9848	21.4297	0.0401276	1.26215	0.892199
8	33.6107	18.1847	0.553378	-0.274571	0.969363
8	35.9609	14.1079	-0.550894	0.0103022	0.895891
8	33.977	17.1842	-1.28464	-1.0405	1.01983
8	17.224	17.2942	0.507686	-0.0990431	0.951229
8	27.7176	19.0614	-0.537698	0.761524	0.914439
8	32.0034	18.919	1.31514	0.31422	1.06388
8	34.8622	20.6035	0.167488	-0.0569987	1.09131
8	28.6159	15.5524	-1.60622	-1.57871	1.15311
8	33.8623	20.1693	0.387086	-0.274702	1.05816
8	5.76219	8.34579	0.925397	-0.082717	1.20479
8	6.91373	12.4554	-0.269734	0.900901	1.01035
8	38.2974	15.1133	0.539488	1.61849	0.908373
8	2.64739	20.4644	-0.723744	1.275	1.04845
8	11.9755	26.905	-1.52903	-0.963688	0.996292
8	7.13671	19.6274	-1.06894	0.451363	1.02373
8	14.527	12.0604	0.655083	-0.0356559	1.17466
8	9.65431	12.5679	-2.09255	1.42753	1.11695
8	7.58604	21.3351	0.353335	-0.0432429	1.10914
8	23.6175	18.4126	-0.227487	-1.20108	0.863419
8	20.458	21.4159	-1.05714	-0.482089	0.843172
8	5.07105	19.0978	-1.05833	-0.526312	1.10267
8	7.89772	9.44205	-0.864881	-1.88406	0.931626
8	15.3392	22.7263	-1.4442	0.791992	0.934155
8	23.4617	14.4437	1.14773	-1.73538	0.893692
8	23.0861	17.275	0.0310879	-0.00205891	0.973185
8	3.59389	17.6418	-0.391269	0.181248	0.999162
8	9.33065	30.8283	-0.472355	0.204294	1.03764
8	11.3133	20.0125	-0.405568	1.30911	0.711965
8	21.9856	10.879	0.0221523	1.45949	1.14118
8	28.9198	27.093	-0.385264	-0.747076	1.05785
8	14.4688	14.5532	-1.36383	0.00239169	0.831106
8	29.2775	13.1575	1.15834	-1.02763	0.888759
8	36.5255	17.2513	-0.369793	2.07351	1.00896
8	24.1624	31.9728	1.22435	0.609328	0.93635
8	28.0529	16.6312	-0.861941	1.20897	0.968958
8	33.203	24.7816	-1.11784	1.32519	1.09966
8	33.8019	26.9757	1.21316	0.49526	0.890092
8	31.5675	21.4894	0.351854	-1.19589	0.901392
8	36.772	18.3789	-0.404502	0.921536	1.00766
8	32.9659	22.5246	-1.40567	0.988792	0.967808
8	33.0296	23.7155	-1.00382	0.344741	0.977735
8	39.664	21.2313	-1.39515	-0.712197	0.994967
8	34.4365	24.923	-0.461668	0.100941	0.995407
8	2.72978	13.0691	0.680554	-0.167836	0.951372
8	36.7914	25.6099	0.11036	1.55188	1.15396
8	4.08141	15.1262	0.732892	-0.17033	0.933548
8	1.01376	18.0746	0.107402	0.0400463	1.12214
8	15.3824	16.33	-0.126553	-0.257745	1.0442
8	9.17508	21.056	-1.222	-0.244152	1.02204
8	9.05871	24.8529	0.114607	0.597265	1.10016
8	11.0079	26.3883	0.0474525	0.155599	0.92516
8	0.671728	34.0389	-0.582112	0.714657	1.01689
8	16.9349	9.09071	2.44651	-0.177278	0.98146
8	34.8351	19.2372	-1.20746	-0.498097	1.14381
8	13.577	18.6862	1.7303	1.46796	1.1643
8	11.102	25.2743	0.693809	-0.326621	1.16649
8	21.5178	18.9539	-0.234572	0.335581	1.12889
8	17.5767	22.8158	1.69287	1.07034	1.02822
8	14.705	15.5232	0.988903	-0.436659	0.882712
8	18.5174	24.5215	1.01428	-0.532478	1.12953
8	22.0375	14.3783	-1.27023	1.37407	0.881478
8	16.8383	19.025	-0.186014	-1.33559	0.929907
8	16.7099	15.8882	-0.459119	-1.41502	0.938823
8	21.8141	6.91324	-1.22286	0.189579	1.12928
8	22.3999	15.4362	0.538454	-0.8356	1.08029
8	36.1306	22.2467	-0.113823	1.35635	1.14049
8	25.625	27.2781	0.498283	0.381105	1.09221
8	38.4618	27.625	0.328474	0.252483	1.00816
8	29.1251	18.1409	-1.25727	-0.559424	0.884985
8	28.0304	17.7615	0.923863	0.53248	1.04706
8	30.8409	19.2129	1.18213	0.404862	0.856262
8	23.8777	20.3559	-0.125637	0.356372	1.07152
8	35.5185	26.0824	-0.949382	0.946532	1.08441
8	30.7623	20.6858	0.30393	0.920463	0.909356
8	36.9543	14.629	-0.940483	0.205929	0.944952
8	37.6943	17.264	-1.28142	-0.240353	1.0482
8	39.8927	22.2613	-1.10093	1.34653	0.983681
8	1.43409	22.2272	-0.214328	-0.678549	1.18314
8	5.9126	15.8636	-0.633991	-1.64926	1.06702
8	4.24075	16.5545	0.457429	0.622981	0.824006
8	11.6892	22.8132	0.410702	-0.464418	1.15925
8	10.2162	24.526	1.3089	1.39564	0.983577
8	4.77228	23.9056	0.553698	-1.48401	1.06133
8	13.9444	21.8072	-0.963304	-0.825998	0.917036
8	12.6539	17.7663	0.211333	1.23217	1.135
8	10.0795	20.4054	0.317135	-2.04988	1.104
8	11.1062	21.0886	-0.659943	0.843162	1.09227
8	17.7857	25.4539	1.02859	-0.328564	0.882439
8	17.2272	19.9975	-1.70453	0.886728	1.0202
8	21.2755	28.4452	-0.0930097	0.0427908	1.12081
8	17.1398	21.4531	-1.89581	-0.420963	1.12655
8	27.0053	20.9751	-0.108064	0.552946	0.941696
8	23.4621	34.8989	-0.304277	-0.909955	1.06539
8	16.8764	18.1378	0.30057	-0.0742495	0.873462
8	18.6464	23.3467	-0.361827	-0.277196	0.929709
8	16.7481	34.1503	-2.2849	-0.133069	0.93615
8	17.21	24.2038	1.005	0.904025	0.863807
8	15.6659	20.2424	-0.964165	0.812211	1.125
8	24.6976	17.263	-0.992491	-0.0210344	0.832753
8	29.2725	30.7451	0.295976	-0.605441	0.82884
8	27.0172	19.9537	0.834897	0.472912	1.00967
8	26.8438	17.3877	0.302116	0.60769	0.912434
8	31.137	16.7632	-0.403076	-1.46277	0.897019
8	36.7479	26.841	-0.189823	1.56116	1.12667
8	37.4192	21.9771	0.495117	-0.636835	1.08324
8	0.214882	13.9875	2.06673	0.0838521	1.03485
8	7.0675	16.3934	-0.916382	0.526389	1.24276
8	39.0553	16.9526	-1.18525	0.961286	1.12299
8	1.95261	14.5951	-0.567779	0.881289	0.994894
8	39.2106	15.9311	0.261471	-0.698092	0.933465
8	5.21298	21.5798	0.787059	0.297758	0.951556
8	37.5811	20.0704	0.977031	0.121655	0.841157
8	8.42215	22.8511	-0.982982	-1.05154	0.995835
8	11.2532	24.1045	-0.218612	0.171916	1.11281
8	9.25476	22.1244	-1.50506	0.220217	1.01335
8	6.0187	19.6273	-1.22369	-1.65652	0.916288
8	2.17153	31.8613	1.65013	-0.581252	1.09607
8	4.93862	20.4131	0.0770041	-0.0847101	1.07224
8	11.4414	18.0395	0.350704	0.131179	1.07308
8	12.4281	15.5911	0.843669	1.9122	0.958488
8	6.55983	20.6378	1.41148	-0.314186	1.12881
8	11.0695	14.6821	-0.116458	0.42147	1.07562
8	20.6068	22.5069	-0.24198	0.224611	1.05157
8	14.9113	21.2295	1.11343	0.692934	1.06381
8	24.2972	10.641	2.79328	-0.596528	1.00464
8	25.9017	25.901	1.52141	0.833319	1.08725
8	21.2162	27.3901	-0.526048	-0.00207067	0.904988
8	23.3131	19.3926	0.703945	0.410913	0.985511
8	19.7944	23.3382	1.28349	-0.1386	1.10688
8	28.1733	28.0416	1.0693	0.236641	0.951703
8	28.809	22.3846	-1.107	-1.02343	0.877738
8	27.4994	32.9497	0.142849	-0.407623	0.973233
8	27.8893	32.0505	-0.115338	-0.914297	0.97848
8	31.0812	22.3967	-0.81565	-0.456256	0.922796
8	27.0359	25.8737	0.237182	-1.45082	1.09906
8	26.4443	24.6878	1.26034	0.474339	1.05922
8	32.355	17.7301	-1.82758	-1.40257	0.989231
8	21.7339	13.1344	-0.012455	-0.845273	0.98957
8	0.381881	24.4407	-1.20094	0.197525	0.986011
8	4.97528	22.9007	-1.86801	-0.693012	0.958946
8	27.97	21.7104	-0.978325	1.31334	0.952873
8	2.99027	15.2682	0.274466	1.26169	1.01559
8	37.8787	25.2196	-1.11696	0.60846	1.02325
8	0.899803	14.9032	0.970734	-0.23775	1.07003
8	3.9559	32.3797	-1.08309	0.946469	0.96405
8	11.2399	34.634	0.510828	-1.60694	0.994874
8	13.8525	20.7823	-0.955928	-0.219158	0.940905
8	34.3589	26.1878	-0.147694	1.70301	0.859218
8	6.02948	27.0033	-1.07271	1.09891	1.11675
8	11.9353	16.7073	-0.532154	-1.16795	1.06379
8	9.42995	26.8114	-1.65583	0.351016	1.03547
8	3.61858	19.6229	-0.124049	0.0735672	0.904478
8	15.3656	23.7087	0.139051	0.260318	1.03339
8	16.9685	26.382	0.388354	-1.28104	1.00348
8	7.33772	28.5784	0.229297	-0.417929	0.85245
8	16.8698	25.1841	1.15855	0.297537	0.981078
8	14.2069	35.0097	0.862964	-0.558868	1.09934
8	14.3698	22.9404	-0.712131	0.694046	0.929835
8	20.2357	30.7993	0.293279	-0.412093	0.973805
8	31.7385	25.2166	-0.362163	-0.757334	0.787326
8	16.8067	27.804	-1.14753	-2.27994	0.915032
8	10.6574	16.8436	-0.797243	0.602922	1.02309
8	36.1351	23.6712	0.659628	-0.822255	0.985308
8	24.7688	18.1278	0.223554	-1.66031	0.882345
8	22.6864	20.47	-0.686931	-0.292626	1.06327
8	38.1503	20.9905	-0.635687	-1.33014	1.12307
8	23.0007	32.5764	-0.598179	-0.283166	1.05406
8	25.9648	19.9741	0.00712161	0.101643	1.01469
8	30.9638	24.7616	1.94837	1.24083	0.887268
8	30.7845	23.6915	-0.0639105	-0.933093	1.10091
8	36.7753	34.5309	0.53719	0.125035	0.827478
8	21.3835	30.3807	-0.75668	-1.22911	1.05527
8	31.7647	20.124	1.04377	0.260018	1.17781
8	38.2504	18.3536	-0.965749	1.12081	1.04039
8	8.45822	34.1223	0.581664	-0.97363	1.02947
8	5.13942	27.924	-0.858009	1.29267	0.839922
8	1.77269	21.0649	0.992206	-0.674328	1.06345
8	13.9082	24.234	-1.24338	0.228781	0.998966
8	7.26845	22.5343	0.533586	0.836355	1.11453
8	3.85679	22.268	0.486233	-0.866586	1.07335
8	17.3089	13.6035	-1.29935	-0.801578	0.907825
8	6.52831	30.9048	2.21242	-1.35839	1.20963
8	17.5855	33.3857	-0.576243	-0.695237	1.06437
8	6.09194	28.359	1.42704	0.479269	1.07832
8	13.3444	26.4708	0.608494	0.314379	1.07419
8	14.2342	31.1606	-0.480623	0.490819	1.02344
8	18.9805	30.3936	1.58756	-0.15986	1.07691
8	22.9499	23.2126	-0.175485	-0.425683	1.01678
8	18.48	31.4839	0.862587	0.102433	0.657501
8	8.56314	29.0915	1.15841	0.207352	1.17889
8	12.2021	25.8279	-0.550878	-0.18433	1.09755
8	24.2967	18.9921	-1.12855	-1.76012	0.987402
8	24.881	19.8974	0.587346	-1.22591	0.922283
8	19.2596	29.351	0.681904	0.604374	0.935093
8	19.3641	31.5057	-1.39665	-0.959615	1.01199
8	19.7197	28.3282	-1.52016	1.33549	1.00627
8	24.4263	27.0507	-0.158168	-0.255287	0.956657
8	33.592	31.3465	0.67207	0.365757	1.01182
8	30.26	25.6469	-0.29159	0.602609	0.968304
8	1.13714	29.8291	1.43016	-0.00678949	1.00962
8	23.4604	27.4448	-1.5199	-1.87638	1.17263
8	24.9526	21.4228	-0.300717	-3.18937	1.21871
8	31.7609	23.2668	-0.740176	1.22442	0.930227
8	7.09646	36.9892	0.259374	0.0114901	0.991463
8	36.6602	30.315	-0.89476	-1.6243	0.944261
8	2.23687	24.7742	0.382629	0.262449	1.01251
8	3.08686	25.6387	0.840918	-1.09987	1.04949
8	30.62	26.6328	1.00169	0.721849	0.898944
8	32.4376	26.9923	0.0872706	-1.1964	0.876482
8	30.0619	20.075	-0.0841542	0.0606729	0.887543
8	5.44375	14.8834	-0.0321028	-0.318128	0.897621
8	2.20644	26.578	0.161865	-1.01032	1.17575
8	3.76904	18.5618	-0.806049	0.498569	0.856095
8	1.93531	37.4989	0.507779	0.380563	0.962523
8	7.49922	29.8831	0.329416	-1.07754	0.906882
8	2.44083	33.9481	1.5271	-0.727292	1.04984
8	3.54369	34.7632	-2.00095	0.920073	1.38703
8	3.65458	33.4877	0.103127	1.72772	0.875627
8	8.64977	32.8839	-0.0245465	2.31537	0.970964
8	21.3239	25.7071	0.724756	0.840134	1.13538
8	8.96091	31.9798	-0.954898	-1.75036	0.906234
8	7.28489	18.2695	0.219849	1.13887	0.96867
8	23.8365	25.1874	-0.847761	1.24145	1.05423
8	25.3166	32.2484	-1.00069	-0.113063	1.07609
8	15.3619	27.4529	0.643037	-1.19706	1.0294
8	20.3849	26.5439	-0.954557	0.117878	1.08023
8	16.679	31.3064	-0.0162831	0.750619	1.02093
8	25.1057	24.6698	-0.621097	0.435873	1.21767
8	26.2065	22.9242	1.11508	-1.00168	1.09072
8	25.9095	28.3802	-0.80296	0.954349	1.0895
8	30.4667	27.5645	-0.210548	0.462865	0.995604
8	1.82331	28.4491	-0.233387	-0.633534	1.05881
8	16.1897	17.3717	0.101307	-1.0476	0.916603
8	30.3968	21.5849	0.0142296	0.799309	0.970595
8	39.7215	20.0838	0.805299	1.76931	0.902984
8	0.0379666	30.204	-0.988219	-0.630663	0.988791
8	24.8348	29.9464	0.344668	-0.354897	1.03647
8	39.2912	33.8254	0.140061	-1.30622	1.05155
8	0.358619	25.6633	-0.710288	0.406536	0.9909
8	27.2842	29.8881	-1.66082	-1.13005	0.949671
8	4.23538	27.5989	-1.78426	-0.0815521	0.954312
8	33.3881	21.578	0.48412	-0.292534	0.946967
8	39.8828	36.2873	-0.720756	0.0681059	1.02262
8	2.74291	39.9565	-0.121521	0.802447	0.90491
8	7.73165	32.6804	-0.290224	0.667478	1.02804
8	37.2058	27.8432	1.15417	-1.1859	0.909534
8	11.9702	38.9994	-0.0689963	0.421081	1.17336
8	12.5804	24.227	1.44028	0.589347	1.07297
8	8.42729	27.1931	0.755447	-0.887707	1.03892
8	21.7737	36.1754	-0.746683	0.417778	1.02168
8	4.91134	17.8794	-0.689893	0.163991	0.877559
8	18.8574	27.4768	0.875842	0.446565	1.10314
8	13.3876	28.7223	0.50534	1.47804	0.953048
8	23.8346	30.9261	1.2377	-0.845477	1.11905
8	20.2021	33.7895	-0.0857803	0.356959	0.948019
8	17.4623	32.0388	-0.358869	0.850977	0.953359
8	25.908	34.3051	-1.85493	-0.327396	0.881806
8	21.6152	33.41	1.27999	-0.390552	0.958569
8	23.5202	33.6252	-0.66845	0.096044	0.868608
8	16.5052	32.3591	-0.508041	0.514611	1.03496
8	17.8554	27.3647	-0.544839	0.0995511	0.848648
8	26.6002	31.1528	-0.0344486	-0.388	0.90867
8	28.5878	32.8311	-0.709836	-0.878919	0.978004
8	28.0869	34.7581	-0.701849	1.11779	0.972369
8	29.5333	29.7202	-1.37995	0.36901	1.04646
8	34.0564	22.2994	-0.270349	-0.345939	1.03183
8	30.8717	29.4429	-1.19646	-1.05513	1.13415
8	3.77394	23.2724	-1.38799	0.396263	0.967244
8	39.4156	18.19	1.29125	0.0717012	0.95787
8	0.0528626	29.2464	-0.912818	1.17562	0.683338
8	34.7255	30.3848	0.300239	-0.0266515	0.917518
8	36.1408	31.7402	-1.6274	1.10566	1.07866
8	3.31768	27.0082	-1.36185	0.539787	0.912687
8	37.839	36.2957	0.92323	-0.129666	1.01274
8	33.4984	29.175	0.0952921	2.02673	1.23003
8	7.89956	36.1754	0.6425	-0.491992	0.984129
8	1.01495	26.6875	-0.813187	-1.11231	1.08388
8	37.4731	1.61001	1.39842	0.573745	1.08099
8	1.08526	38.3247	-0.270165	-1.13512	1.03715
8	3.1679	28.0448	0.366294	0.854786	0.977865
8	13.2217	30.6786	-1.01524	-0.73123	0.939672
8	19.1534	25.6265	2.23272	0.221765	1.05864
8	4.95891	26.7846	-0.455865	-0.823737	0.936801
8	14.286	32.2422	-0.276535	-0.487375	1.00744
8	22.389	26.0588	-0.0657102	1.69065	1.14662
8	11.3595	27.6996	0.746855	0.67318	1.0112
8	19.1875	35.3436	0.210438	0.801464	1.03869
8	15.9803	36.0684	0.326265	-1.09416	1.16802
8	22.203	29.1722	1.44616	0.567056	0.935849
8	19.8885	1.75745	0.423797	1.85719	1.0979
8	15.4804	34.5768	-2.872	0.0919496	0.957758
8	20.593	37.8515	1.29483	-1.31154	0.754984
8	16.7113	35.1761	0.0240596	-1.28687	1.01529
8	22.2415	39.9568	-0.0240979	0.89917	0.954975
8	21.3259	20.7329	-0.553854	0.31399	0.92256
8	26.3518	33.3168	-1.79012	-1.55486	1.07079
8	31.3412	28.3972	1.17902	2.03033	0.986661
8	31.663	30.3235	0.16813	1.44192	1.00487
8	36.1557	39.635	-0.0998797	0.133915	1.13105
8	38.1078	37.3498	-0.062432	1.28374	0.897915
8	34.1446	23.6928	-0.0892831	0.405972	0.970593
8	35.8619	24.7554	-1.66275	1.06069	1.13756
8	37.162	24.4469	0.124462	-1.75679	0.978948
8	2.45236	30.9022	0.367775	-0.255491	0.812844
8	32.3337	28.29	0.533265	1.32858	0.902719
8	30.3669	30.641	-1.50808	1.9909	0.852532
8	4.59862	29.0236	-0.352927	0.717734	0.942445
8	3.64005	24.3711	1.94403	-0.139492	1.06955
8	37.3862	32.1048	-1.58208	0.148826	0.972498
8	5.46253	24.9995	0.810059	-1.17353	1.04494
8	37.1517	37.1809	-0.122142	0.0435701	0.914691
8	38.96	25.6127	0.183397	-0.606683	0.932613
8	9.22807	23.6615	0.0818421	0.809834	1.05664
8	12.6378	38.0848	0.674306	-0.617091	0.955718
8	11.1279	30.9407	-1.2104	0.251404	1.03439
8	9.65276	28.1389	-1.28282	-0.676236	1.10849
8	18.3754	26.3849	1.25166	1.28798	0.949986
8	18.6142	19.8421	0.00901017	1.27498	0.890232
8	15.4457	32.4886	-0.103074	-1.66912	0.867628
8	10.0189	25.7857	-0.617439	-1.60996	0.978675
8	20.657	35.723	-0.0428268	0.345038	1.026
8	28.259	1.72459	-0.31519	0.41091	1.08337
8	24.8666	34.8668	-1.48563	-0.372799	1.08619
8	21.4097	38.7234	-0.0796515	-1.15539	1.0097
8	18.6423	32.66	-0.286394	0.637709	1.17454
8	28.1101	30.4602	0.424421	-1.20169	1.0171
8	12.5686	29.8714	0.839253	0.238967	0.964068
8	22.5665	24.1234	0.0311637	0.519971	0.898918
8	27.1556	28.3986	-0.283394	1.15935	0.918085
8	22.0663	32.0199	-0.435383	2.22126	0.946318
8	32.1077	24.3398	-0.283233	0.136259	1.11065
8	32.9952	1.10763	2.65893	0.765937	1.05132
8	37.9229	23.1734	-1.17818	-0.111521	1.07754
8	34.9725	21.829	-2.46622	-0.0536163	1.0575
8	35.836	29.3727	-0.95454	-0.639909	1.03775
8	35.6154	27.2826	0.629384	1.3511	0.935274
8	21.8194	22.2792	1.2712	-0.109515	1.14903
8	1.26606	31.0904	-1.51878	1.33246	0.875744
8	34.1883	32.6544	-1.54945	-0.175478	0.980216
8	6.63981	29.371	0.387657	0.454402	0.997946
8	2.77833	35.7157	-0.267042	0.101152	0.956637
8	3.6489	29.2487	-0.360086	-0.378163	0.85566
8	9.98041	4.03244	-0.862571	-0.202293	0.83691
8	9.44071	37.8074	-0.164345	-0.70662	1.00107
8	6.91069	25.1708	0.749249	-0.580782	1.0346
8	3.12706	3.93562	0.154223	-0.523887	1.02166
8	9.0789	2.41965	0.598659	0.675828	0.92723
8	10.8066	19.0871	-1.01286	0.7079	1.07261
8	17.5282	28.5709	0.839999	-0.168736	1.13526
8	10.6864	37.133	-0.20413	-1.38299	1.02498
8	14.1068	2.29658	0.883221	1.96423	0.957029
8	14.1376	29.5346	-1.24657	1.08873	1.08983
8	10.9842	32.6282	-0.178214	0.172732	1.02311
8	14.2903	39.7482	-0.449584	0.243309	1.00183
8	12.0509	28.6805	-0.9207	-0.628165	1.0354
8	14.1228	33.4456	0.245007	-0.480556	1.08902
8	26.9102	27.2526	0.599574	0.991783	1.06525
8	18.9021	2.17191	0.757301	2.43007	0.943208
8	18.7071	28.5208	-0.83232	-0.23215	0.856898
8	0.52176	28.6788	0.212027	-0.591621	0.861361
8	27.184	23.588	-0.960787	-0.114136	1.00661
8	24.7829	26.0069	-0.0891623	0.886861	0.949876
8	22.6474	37.2502	0.528545	0.574482	0.905565
8	34.7208	31.5679	0.357748	-0.594264	0.974634
8	32.8929	5.23991	1.59358	-0.0188092	1.06793
8	35.2946	38.8277	-0.563651	0.440911	0.970194
8	37.4248	0.187835	1.46278	-0.426419	0.986903
8	29.1056	25.9878	-0.457673	0.973359	1.09479
8	29.5878	23.5442	-0.0152761	-0.20426	1.06057
8	36.327	4.31196	0.00300769	-0.115876	0.875089
8	37.9137	30.2262	-1.75742	0.843881	1.20433
8	31.7885	31.4261	-1.65371	0.938884	1.09896
8	5.95615	22.2882	1.34811	-0.415395	0.971233
8	2.27319	29.583	0.237383	1.47743	0.995458
8	4.84816	34.9957	-1.25467	0.245908	0.908455
8	4.04338	38.11	-0.379536	0.824108	0.897644
8	9.4804	36.5769	-1.05141	1.50935	1.06273
8	12.0222	33.2052	0.758643	0.176204	1.18546
8	2.28571	39.1126	0.912996	-2.83413	1.01109
8	6.64021	35.8869	0.524114	-2.45676	1.04744
8	22.4859	28.0476	0.372086	0.102956	0.962787
8	39.6053	31.3087	-0.243627	-1.05115	1.13878
8	19.0798	34.1394	-0.894932	1.08401	1.0573
8	12.6448	27.813	1.25659	2.4198	1.07618
8	13.268	25.0823	0.380777	-0.0683382	1.00509
8	13.0905	33.3156	-0.131599	0.0428875	0.887721
8	17.489	38.8368	-0.264955	-0.596925	0.920194
8	19.6177	37.7885	-0.325527	-0.234175	1.11929
8	27.0761	34.0612	-1.17137	-0.720962	0.991367
8	19.8363	0.655236	1.23636	0.939684	1.092
8	32.1879	33.9972	-0.618663	2.3901	0.977985
8	32.2843	35.1225	-1.34782	-0.386805	1.00606
8	24.6072	23.5618	-0.307584	0.884527	1.18814
8	29.1768	28.1944	-1.42161	-0.281633	1.0004
8	32.8455	30.3806	0.765446	-0.102794	1.07715
8	0.650258	35.4328	-0.644643	1.2651	0.943983
8	21.0486	32.3524	-0.145637	-2.48804	1.11295
8	23.2914	29.0611	0.957865	-0.107886	1.17036
8	27.958	26.5721	0.913557	-1.34619	1.06997
8	34.2026	33.8275	1.51091	-0.751914	0.951949
8	28.3793	23.5444	0.0937601	0.841836	1.16375
8	33.3829	37.21	0.539898	1.21447	0.973649
8	31.2841	38.3708	-0.953651	0.372521	1.22913
8	1.54677	2.63875	0.73446	-0.00620785	0.957514
8	38.4406	24.428	0.887395	-0.969257	0.831235
8	3.20377	31.5026	-0.0348874	1.01511	0.86062
8	1.67138	36.0458	0.719639	0.0898347	1.09369
8	33.2433	34.3363	0.112767	-1.07369	1.02364
8	33.1157	32.4655	2.63881	-0.193197	1.0726
8	4.64037	33.8545	-2.7335	-0.724534	0.988589
8	7.10039	33.5301	1.54426	-0.397061	1.06477
8	12.2585	34.911	-0.376104	-0.153912	0.771194
8	13.7498	36.0444	-0.698246	0.0974843	0.981508
8	10.0583	31.7627	-0.542601	-0.778045	1.10792
8	22.2656	27.1464	0.110946	-1.68079	0.896306
8	17.8902	35.3429	1.09115	-0.965191	1.12393
8	21.4101	37.3037	-0.581288	-0.206725	0.996433
8	22.5459	34.0892	-0.858238	0.287016	1.25186
8	11.5969	29.6982	0.63778	0.424962	0.946438
8	18.5519	0.239564	0.499248	-0.416871	1.00693
8	17.8273	30.5048	-2.09408	-1.36452	0.867159
8	26.6625	2.70827	0.0843221	0.124349	0.9394
8	27.5765	24.7886	-0.571464	-1.06956	1.00997
8	22.9116	36.0152	-0.362355	-0.210911	1.04254
8	29.1116	33.7423	-0.438342	-0.170867	0.924871
8	30.0805	3.20653	-0.201364	0.767167	1.01489
8	20.1736	29.5604	0.0500064	0.135372	0.834544
8	34.6867	36.4763	0.450386	1.50237	0.920987
8	35.2548	0.368525	-0.442349	1.60452	0.916462
8	19.3365	18.2991	0.337224	1.01223	0.999718
8	24.8934	31.3159	0.467688	0.870277	0.962089
8	25.1119	37.0411	-0.531264	0.726369	1.07259
8	29.4354	38.2829	-1.20054	0.607893	0.862297
8	29.5736	24.7647	-1.10234	1.24392	1.04291
8	28.9668	0.558295	0.231893	0.293346	1.04689
8	30.8831	37.3079	1.91483	0.224906	0.829545
8	39.3313	28.7968	0.446782	-0.160032	0.964022
8	35.5194	34.2579	-0.113969	-0.280713	1.0539
8	4.62835	30.2184	-1.28552	-0.20194	1.10701
8	4.10404	3.87847	-2.42772	0.415217	0.906435
8	39.3652	37.3466	-0.694175	0.667096	0.963527
8	7.18001	27.3928	-1.0507	0.705433	1.04972
8	11.6915	37.513	-0.828689	0.57169	0.976859
8	39.8467	27.9733	2.05505	0.634377	0.865485
8	7.45655	0.183298	0.930221	2.6684	1.01793
8	12.7086	37.0134	-0.245585	-1.06894	1.09418
8	22.0439	1.93632	0.0870949	0.680061	1.01573
8	19.5493	3.97499	1.07558	0.0549411	0.94182
8	11.8574	31.8596	-1.25477	-1.68146	0.928245
8	11.6395	1.62558	0.0354655	1.67948	0.947174
8	20.1469	34.8365	0.119808	0.979138	0.970742
8	20.1634	39.0139	-0.757578	0.622642	0.958173
8	15.1557	33.4497	-0.743017	-0.631629	1.05787
8	17.1446	37.4611	0.29311	-1.41486	0.999357
8	24.1248	35.8897	-1.02727	-0.124501	0.874998
8	21.1894	5.8836	0.558197	-1.22878	0.90787
8	27.0068	38.5955	-0.707168	0.830981	0.810987
8	30.3318	31.8777	-0.601915	0.330488	1.31115
8	22.6728	30.5733	-0.0915163	-0.0686146	1.07389
8	29.1182	39.2212	-0.357179	-1.03256	0.984738
8	26.778	37.7766	1.08792	0.0804689	0.841995
8	30.8947	34.2045	0.603166	-1.55462	1.07683
8	25.1956	22.7104	1.75043	-0.677311	0.754633
8	28.3077	29.18	-0.188812	-0.512339	0.939505
8	26.9489	1.3875	-0.199869	-0.0343989	1.00663
8	30.4855	36.4701	1.29332	-0.0510642	1.06184
8	31.7845	1.31468	0.76231	0.140945	1.04467
8	37.7375	2.84701	1.32997	-0.896361	1.05081
8	34.1142	4.30373	0.435692	0.16659	1.03991
8	39.869	38.3717	-0.793646	-0.580011	1.12965
8	38.8663	2.1154	-0.00138663	-0.161458	0.961272
8	5.95809	36.7959	-0.13011	-0.225231	1.07878
8	33.8427	35.8812	-1.52487	-0.568318	0.992426
8	38.8138	32.3548	-1.23196	-0.849683	1.01433
8	36.482	33.5707	-0.832268	0.433487	1.00942
8	1.86035	3.98514	0.403983	1.35424	1.01909
8	1.48761	34.6862	-1.39875	-0.652834	1.03301
8	6.48054	0.192418	-0.914435	-0.725542	0.95529
8	3.06852	32.4593	0.656387	0.191439	0.869293
8	9.52216	38.7723	-0.39548	0.152497	0.989064
8	7.57216	34.9868	-0.869659	0.758632	1.11128
8	13.1463	34.6242	-0.228883	-1.3835	0.986113
8	20.8535	39.9433	0.367035	-1.0516	1.05817
8	11.254	5.58368	0.500749	-0.0167633	0.94755
8	27.5958	2.98032	-0.490346	-1.20297	1.06177
8	26.0528	4.1468	-0.834878	0.33897	1.06565
8	26.3877	32.2469	0.635395	-0.256246	0.871509
8	31.0878	39.6826	-1.12014	-0.154134	1.10119
8	25.4182	38.039	-0.814551	-0.240991	0.952636
8	38.1541	28.8654	0.0667548	-1.71725	1.06296
8	30.3026	33.1001	0.811652	-0.824701	0.95659
8	30.3551	35.3555	0.228588	0.164956	0.999888
8	39.0469	4.87656	1.37254	-0.437261	1.13493
8	33.8626	38.2187	0.840526	-0.822517	0.909899
8	27.1291	35.0303	1.54341	-0.741635	0.876859
8	38.8476	36.4583	-0.244932	0.893136	0.965244
8	37.8129	26.582	1.27998	-1.40269	0.91018
8	30.2793	38.7831	1.80641	0.0224499	0.942904
8	32.0567	39.2922	-0.196875	-0.759055	0.94048
8	38.1054	34.9864	0.605929	-0.831065	1.03991
8	37.9871	33.4114	0.114928	-1.0877	1.00405
8	4.81445	6.0776	-0.125781	-0.988429	0.930221
8	39.3401	35.213	-1.04527	-0.172602	1.11385
8	0.165943	4.65783	-0.974496	-1.29405	0.947616
8	5.69509	2.76701	0.807727	-1.28028	1.04578
8	10.013	2.82426	-1.16294	1.95494	0.954146
8	7.74641	31.1171	0.477013	1.09334	1.04381
8	5.6855	35.4652	0.173026	-0.449947	0.844592
8	12.4969	0.0373626	-1.01391	-0.741851	1.05415
8	5.80131	33.5637	0.650257	1.23941	0.792411
8	6.36104	32.2883	0.101341	-2.20985	1.0835
8	10.8115	39.5037	-1.01302	0.17382	1.03714
8	39.6554	26.6256	-0.521619	-0.999936	1.1377
8	15.3497	31.3833	-1.15521	-1.97597	1.02658
8	10.8278	28.6537	0.926831	0.000817121	1.01609
8	7.83667	1.71157	-0.167574	1.72982	1.01858
8	31.7431	3.09504	0.84716	1.04668	1.09509
8	8.82129	25.9939	0.491046	-0.585006	0.782251
8	16.0474	28.3605	0.825929	0.327092	0.944361
8	15.1645	38.2597	-0.351974	0.565697	1.19502
8	27.0295	5.0489	-0.428989	-0.42813	1.00351
8	26.1013	30.0593	0.637545	-0.99771	0.998294
8	32.3764	8.28792	0.011338	1.35264	0.844767
8	19.9073	32.8077	-1.06248	-0.140317	1.06466
8	34.223	34.8506	0.534131	0.0136776	0.971931
8	18.7587	39.1666	1.21656	1.69309	0.9658
8	20.0358	36.5746	1.90444	-1.32471	0.968445
8	36.7242	35.6594	1.67299	-0.771702	1.25072
8	32.7976	38.2391	0.378403	1.36705	0.876619
8	32.422	2.23716	-0.0707998	-1.2952	0.933907
8	26.2719	0.12653	-1.93813	-0.584481	1.19391
8	0.565391	2.34555	-0.670381	0.749913	0.978201
8	35.2351	32.5457	0.0953686	-0.581849	1.01452
8	0.8078	20.3675	-0.294655	1.28235	1.03803
8	27.966	0.657168	-1.91188	-0.796469	0.84063
8	37.0714	29.3788	0.982616	-0.586193	1.00818
8	36.2716	28.4064	-0.525535	1.80016	0.996256
8	0.860186	37.0717	-1.11159	0.421371	1.09528
