0.001	0.834247	32.1874	1.11506	-0.835754	1
0.001	13.7823	36.4649	-0.352285	1.24667	1
0.001	37.7322	27.5678	-0.189241	2.08475	1
0.001	18.3173	35.5127	-2.79284	1.23333	1
0.001	11.1093	34.3027	0.439578	-0.830171	1
0.001	2.70656	1.06505	1.63924	0.517174	1
0.001	2.23545	38.8275	-0.765644	-0.709841	1
0.001	2.06251	2.87338	-0.956108	0.000546176	1
0.001	18.2618	38.7201	0.656925	0.993098	1
0.001	16.9624	11.4351	0.451466	-0.10211	1
0.001	21.919	31.5432	0.791685	1.38518	1
0.001	13.743	2.92925	1.94612	-0.217909	1
0.001	11.8669	35.0218	1.48514	-0.765086	1
0.001	15.0141	35.2108	0.0332659	-2.0151	1
0.001	26.8526	10.1592	-1.03707	0.0475594	1
0.001	18.2022	39.8398	0.140367	0.744673	1
0.001	22.9346	39.8483	-0.430324	-0.345904	1
0.001	27.7937	37.5869	-0.100362	1.1794	1
0.001	31.8613	37.2824	-0.812084	-0.223157	1
0.001	23.2678	4.65072	0.169338	-0.378576	1
0.001	27.0545	36.6095	-1.35615	1.22865	1
0.001	19.8216	6.3039	-0.841711	-0.0664279	1
0.001	30.9313	3.80299	1.39338	-0.514932	1
0.001	29.2259	1.47033	-0.274554	0.687644	1
0.001	28.9985	39.4396	-0.6424	-0.119323	1
0.001	33.0831	5.48065	1.13343	1.10721	1
0.001	34.4519	4.12734	-0.294188	1.92812	1
0.001	1.61834	37.8836	0.72359	-1.15534	1
0.001	28.1767	3.91189	0.027218	-1.75664	1
0.001	34.9216	16.6723	0.125287	0.67345	1
0.001	39.4043	38.7225	-0.0575144	2.09617	1
0.001	6.64595	2.46604	1.56053	-0.941177	1
0.001	2.58938	35.9629	0.91886	-0.457926	1
0.001	38.6409	6.64121	-0.182457	0.186442	1
0.001	35.3323	35.6532	0.523114	-0.234987	1
0.001	35.001	36.5741	-1.01927	0.518636	1
0.001	37.0994	3.0025	2.50196	-0.0442258	1
0.001	35.4093	34.3987	-0.603831	1.74863	1
0.001	15.8349	5.38176	-0.624242	-0.0769241	1
0.001	9.44981	4.71565	-0.0207151	-1.05075	1
0.001	12.4832	33.6165	-0.135897	0.254265	1
0.001	7.6712	10.9868	-1.06844	0.487807	1
0.001	8.6668	36.4635	-0.691294	1.08446	1
0.001	13.3522	37.8069	0.0168399	0.612831	1
0.001	14.7407	2.30155	0.151695	-0.100714	1
0.001	12.8601	34.8996	-0.30769	0.913582	1
0.001	28.992	31.955	-0.60741	-1.04206	1
0.001	11.7676	2.42727	0.252414	-0.381316	1
0.001	17.8539	36.6924	0.812916	0.653301	1
0.001	24.4665	1.83792	0.726592	-1.21904	1
0.001	16.9451	4.21872	1.70562	-1.43995	1
0.001	19.5674	30.118	-1.07378	-1.5407	1
0.001	21.2737	3.37443	0.990052	2.33077	1
0.001	26.8859	39.7989	2.19032	0.37008	1
0.001	27.7211	10.9429	1.04726	-1.52627	1
0.001	33.2405	4.279	-0.978265	-0.864954	1
0.001	26.329	3.26575	-0.552886	-0.4576	1
0.001	30.2888	12.317	0.0682939	1.60296	1
0.001	28.507	38.5083	0.720493	-0.779626	1
0.001	31.9957	39.315	-0.46039	0.0930505	1
0.001	37.6935	30.6486	-0.0600233	0.705926	1
0.001	27.984	39.3763	-0.221574	0.75431	1
0.001	26.6065	6.2025	0.698722	-0.622458	1
0.001	38.5986	4.3702	0.342274	-0.312737	1
0.001	39.4139	36.6379	0.96397	0.713716	1
0.001	37.5502	6.12679	-0.997383	1.55304	1
0.001	0.448497	2.13668	-0.491941	-0.0556229	1
0.001	10.4069	4.1901	-0.0312236	-0.561556	1
0.001	5.39808	1.70356	1.10644	-0.985237	1
0.001	1.42805	10.5274	-1.26502	0.25807	1
0.001	37.7079	4.00471	-1.12735	0.649282	1
0.001	12.2349	9.5506	-1.09842	-0.624436	1
0.001	39.4482	13.1913	-1.08785	-0.0253121	1
0.001	1.078	4.25257	0.525909	1.62573	1
0.001	14.005	6.82686	-0.604721	-0.333312	1
0.001	13.6617	38.8204	-0.0830422	0.680694	1
0.001	18.1705	2.51757	-0.862636	0.955128	1
0.001	15.6056	36.9224	-1.67014	0.627732	1
0.001	7.88285	37.1195	-1.81306	0.484537	1
0.001	14.4058	8.77382	-1.82262	0.722196	1
0.001	19.5482	38.5016	-0.512148	-0.846866	1
0.001	25.0165	39.6544	0.250439	-0.159626	1
0.001	27.0685	34.2594	-0.197847	0.698004	1
0.001	25.2481	7.89435	0.2892	-0.306593	1
0.001	11.469	35.992	0.93053	0.712966	1
0.001	25.9173	0.305039	-0.142719	-0.942096	1
0.001	21.5992	8.45187	1.81152	0.279944	1
0.001	18.8215	7.35328	0.652457	-1.31146	1
0.001	27.2998	4.91797	0.373359	-1.5075	1
0.001	28.1824	1.44422	-0.591267	0.448002	1
0.001	35.0691	14.3811	-1.01443	-0.395414	1
0.001	22.1995	9.49902	0.20461	1.29999	1
0.001	37.6308	32.6786	0.611586	1.17835	1
0.001	38.8246	1.67928	0.487032	0.166405	1
0.001	35.5674	6.12114	0.109053	0.566681	1
0.001	34.9156	7.05272	0.349645	0.544474	1
0.001	30.2031	35.034	0.838926	0.159301	1
0.001	36.9948	38.5457	-1.36501	-2.07994	1
0.001	9.38689	7.01304	2.47117	0.0192025	1
0.001	1.08597	11.8067	-0.253391	0.073627	1
0.001	38.8193	11.4288	-0.129684	-1.25346	1
0.001	7.07999	39.6705	-0.635097	-1.39389	1
0.001	2.18479	4.43851	1.42107	1.24273	1
0.001	8.28819	2.48964	0.370256	-0.341536	1
0.001	2.59721	37.4794	-0.771818	1.74191	1
0.001	10.7453	1.9018	-0.385029	-0.11232	1
0.001	14.5829	12.8729	-1.21345	-0.853876	1
0.001	4.02937	37.654	-1.41844	0.323254	1
0.001	9.36346	2.53904	1.12317	-0.361148	1
0.001	16.3862	7.11412	-0.196055	-0.382501	1
0.001	11.3801	4.74015	1.04447	0.399216	1
0.001	16.7233	2.77638	-0.807464	0.857638	1
0.001	13.9893	35.3519	0.162951	0.305296	1
0.001	23.3555	2.34718	1.32829	0.798219	1
0.001	24.3718	3.0732	-1.45656	-1.01008	1
0.001	14.4837	0.610428	1.95503	1.28268	1
0.001	22.2971	32.5564	0.953433	1.0743	1
0.001	17.329	8.45078	0.143838	-0.246028	1
0.001	29.9138	0.30823	-0.92167	-0.857798	1
0.001	32.8802	2.14873	-0.110765	-1.76562	1
0.001	20.3092	0.396786	0.577172	0.0277168	1
0.001	27.985	9.78183	1.48283	-1.50042	1
0.001	32.4939	9.55799	-1.03781	-0.711984	1
0.001	29.2796	36.5174	1.07306	1.22941	1
0.001	27.3087	3.09152	0.956213	-0.30014	1
0.001	34.2278	39.7552	0.421154	0.238645	1
0.001	38.7709	30.7521	-0.526472	0.845237	1
0.001	33.4325	7.77142	0.863427	1.04196	1
0.001	39.8635	4.23626	2.00811	0.969008	1
0.001	37.9901	7.56482	1.2876	0.0964791	1
0.001	27.671	7.61811	-0.709491	-1.25459	1
0.001	39.6404	34.3795	2.22846	1.33378	1
0.001	37.0383	15.8588	0.491515	-0.310552	1
0.001	5.31755	11.8325	-1.3434	1.58312	1
0.001	5.01241	7.27058	0.329941	0.914699	1
0.001	39.1488	5.65327	0.828271	0.576052	1
0.001	5.99843	7.86529	-0.722585	-0.263741	1
0.001	39.5477	12.1163	1.60339	-1.9444	1
0.001	6.15797	38.5632	-0.173488	0.161749	1
0.001	8.26532	1.04999	-1.55282	-2.6479	1
0.001	4.60092	34.3901	0.611168	-0.426871	1
0.001	16.9151	1.83775	1.10968	-0.593009	1
0.001	20.5212	39.2007	-0.0252717	1.05906	1
0.001	12.556	37.2453	0.538529	-0.822377	1
0.001	15.8129	35.8525	-1.12549	-0.634491	1
0.001	11.7984	10.4798	0.0181713	-1.31535	1
0.001	13.2874	1.6065	0.365226	-0.749935	1
0.001	12.7334	2.81253	1.09945	-0.336566	1
0.001	19.6133	8.23441	0.748328	0.489481	1
0.001	25.5218	38.3973	-0.716959	-0.143982	1
0.001	24.097	6.07655	0.512572	-1.29358	1
0.001	25.6485	9.56409	-2.13373	-1.20835	1
0.001	29.1033	10.6122	-0.850113	1.23626	1
0.001	17.4542	10.3301	1.31637	-0.503247	1
0.001	18.4628	10.6864	0.407063	-1.22901	1
0.001	21.2162	1.32937	0.548199	-0.423759	1
0.001	18.7954	5.76453	0.548703	1.51761	1
0.001	37.8639	0.819891	-0.182083	0.931696	1
0.001	26.3103	37.3886	0.806851	-0.987042	1
0.001	26.1566	5.23247	-0.930422	-0.206017	1
0.001	1.93002	0.259668	0.780777	-0.0793218	1
0.001	26.9986	2.04308	-0.518814	0.917043	1
0.001	6.50225	34.6085	0.12954	-0.580336	1
0.001	32.3933	8.40975	0.818934	-0.713483	1
0.001	39.9405	39.7161	0.224619	-0.645652	1
0.001	28.1392	14.7475	0.869609	-1.49654	1
0.001	33.2599	6.71131	-0.347678	-0.875357	1
0.001	1.05019	3.18752	-0.0357103	-1.20458	1
0.001	36.7326	10.1529	-3.09254	-0.00464949	1
0.001	3.64228	38.7233	-0.281572	0.122776	1
0.001	1.0029	1.20393	1.16361	2.30821	1
0.001	4.92798	4.19266	-0.735366	-2.1035	1
0.001	5.86464	9.95379	-0.64393	-0.449945	1
0.001	11.659	7.31405	0.766764	-0.252841	1
0.001	16.3916	34.6805	0.837923	-0.402578	1
0.001	10.7513	7.85765	-0.360853	-1.63127	1
0.001	14.7905	36.3009	-0.0680254	-0.204893	1
0.001	17.4094	32.1582	-0.0208787	0.0230423	1
0.001	12.7131	7.76777	-0.539004	-1.33776	1
0.001	14.8335	3.52239	0.158177	1.2186	1
0.001	14.8013	7.8528	-0.772251	1.7786	1
0.001	21.2826	39.9987	0.38169	-1.46992	1
0.001	17.7788	12.2584	-0.539365	-0.3611	1
0.001	16.8412	6.18829	-0.0783618	-0.750417	1
0.001	29.2481	14.6777	1.02438	-0.178915	1
0.001	29.845	19.0707	-1.56672	0.287785	1
0.001	19.6209	2.91321	-0.712489	0.38102	1
0.001	24.6548	11.2238	0.34885	1.14847	1
0.001	29.0863	18.2973	0.692098	-0.874851	1
0.001	28.7497	5.46268	-0.211293	1.25888	1
0.001	25.7058	35.0039	0.686529	-1.37268	1
0.001	25.3194	6.06754	1.34329	0.894908	1
0.001	35.4621	1.2907	0.127001	-0.360562	1
0.001	34.6269	9.18186	1.7797	-0.881684	1
0.001	4.24272	2.68703	-1.27823	-0.340495	1
0.001	35.6716	37.5198	0.502115	-0.0528507	1
0.001	35.8855	10.9753	-0.254053	0.249473	1
0.001	36.3273	16.8625	-0.332401	0.717592	1
0.001	1.19782	6.68837	-0.465056	0.930766	1
0.001	0.590822	8.39202	0.124413	0.441565	1
0.001	4.09222	17.5257	-1.56057	-1.38446	1
0.001	4.62899	5.21062	0.373468	-1.74017	1
0.001	10.5424	6.87642	-1.26679	-0.664806	1
0.001	21.9112	15.4959	1.34101	-1.33999	1
0.001	10.9688	5.98588	-0.325163	1.3114	1
0.001	11.6188	8.55245	-0.293967	-0.361708	1
0.001	13.1537	8.73332	0.0209681	0.211208	1
0.001	16.1864	39.6689	-0.729824	0.616499	1
0.001	10.622	39.4097	-1.04139	-0.861306	1
0.001	22.5074	34.7568	0.571618	0.55764	1
0.001	13.0117	6.58091	-0.0459639	-1.79904	1
0.001	18.5156	8.47292	0.10934	0.165819	1
0.001	12.7879	10.746	-1.85571	-1.05661	1
0.001	22.3243	5.80163	0.236241	1.00019	1
0.001	18.5225	1.36698	-0.48117	0.340898	1
0.001	12.7472	0.596218	0.65727	-1.50666	1
0.001	31.8602	15.2181	0.271993	-0.358038	1
0.001	24.7608	9.0218	2.00775	2.00133	1
0.001	29.118	3.22759	0.63698	-1.01299	1
0.001	20.206	15.0969	-0.612773	0.937895	1
0.001	29.0079	9.39302	1.09363	1.78666	1
0.001	21.0192	9.58801	1.96071	-1.18471	1
0.001	31.4089	17.354	-0.535818	-0.214043	1
0.001	32.1242	6.1168	-0.259823	0.155742	1
0.001	31.4583	8.88904	0.188204	-0.166581	1
0.001	39.3132	7.86825	-0.379233	1.68254	1
0.001	33.3853	9.06739	0.797209	0.0997779	1
0.001	30.4513	4.77611	0.935713	-0.172303	1
0.001	32.7598	14.6713	-0.336703	0.335098	1
0.001	35.544	9.87387	0.634815	2.05844	1
0.001	37.4869	11.0065	1.13583	-0.259312	1
0.001	39.1885	22.7643	-0.418972	-0.341405	1
0.001	36.7832	9.17447	0.615217	-0.12674	1
0.001	1.09174	14.2829	-0.259252	-1.33445	1
0.001	2.67276	6.41419	-0.0602469	0.767671	1
0.001	3.84838	6.20973	-0.549327	-1.51538	1
0.001	0.267309	11.0034	-0.59021	-0.0253255	1
0.001	17.8996	13.5207	0.200552	-2.16005	1
0.001	0.45033	9.95078	-1.51141	-0.374621	1
0.001	13.7196	4.52293	-0.0579109	0.822441	1
0.001	7.84824	9.40579	-0.91337	0.203062	1
0.001	9.83796	11.3135	0.750077	-0.683658	1
0.001	17.8989	33.9092	0.766802	-0.588904	1
0.001	13.6144	39.82	-0.476522	-0.0139938	1
0.001	12.1807	38.3849	-0.0380402	-1.33637	1
0.001	15.8135	2.37271	-0.76974	-1.32784	1
0.001	20.07	4.71075	0.0758764	-0.759386	1
0.001	21.766	38.5433	-0.701783	0.677136	1
0.001	15.5334	13.4956	-0.701214	0.487234	1
0.001	22.2673	4.74488	-0.515728	-1.16514	1
0.001	22.0459	7.02083	1.02713	0.604071	1
0.001	23.1933	15.1673	1.50063	0.865657	1
0.001	26.0249	15.2978	1.62983	0.735605	1
0.001	27.1326	13.0327	0.201139	0.977802	1
0.001	30.4948	20.1006	-1.55891	0.825042	1
0.001	28.0291	15.9366	0.879032	1.18178	1
0.001	38.25	12.3299	0.787644	0.0518586	1
0.001	32.6181	36.5557	0.0242333	-0.166353	1
0.001	36.4136	4.13796	0.925563	1.90768	1
0.001	29.7758	6.16736	-1.62033	1.47939	1
0.001	34.5118	12.6086	-0.341358	-0.997311	1
0.001	26.0583	8.58254	-0.911371	-1.06054	1
0.001	33.6013	35.906	0.865947	-1.19858	1
0.001	30.7931	7.32943	-0.391902	-0.495996	1
0.001	35.4834	17.7181	-1.22355	1.49414	1
0.001	3.91216	26.3282	-1.15109	0.318006	1
0.001	3.85558	4.3204	-0.943959	-0.15156	1
0.001	2.4851	9.64496	-0.15243	0.305235	1
0.001	10.0689	22.5296	0.915006	-1.46981	1
0.001	3.7878	10.8855	-0.46908	0.145783	1
0.001	17.2555	0.342558	0.00441653	-0.856067	1
0.001	19.8576	12.6903	1.21831	0.471161	1
0.001	3.90396	9.10877	-0.849459	0.208834	1
0.001	9.43482	13.7656	0.0874787	1.12217	1
0.001	17.8888	6.52112	-0.896427	-0.670123	1
0.001	12.0497	1.44613	1.72739	-0.288888	1
0.001	15.2477	6.84832	0.240887	-0.320092	1
0.001	12.4876	13.6736	0.161183	-1.52014	1
0.001	12.099	5.91805	-0.912713	-0.220872	1
0.001	23.3202	3.49984	2.12826	0.74347	1
0.001	22.4788	0.81653	0.93121	1.3496	1
0.001	28.1533	8.58905	1.92616	-0.00520791	1
0.001	20.6575	7.19156	-0.678109	0.56324	1
0.001	19.9885	9.54536	-1.74655	-1.16886	1
0.001	34.2425	6.16941	0.0343108	1.19584	1
0.001	19.2208	11.7618	1.34846	-0.438292	1
0.001	19.5582	16.7284	0.456136	-0.592147	1
0.001	15.7588	12.4674	-0.909699	0.193013	1
0.001	29.3532	12.8	-1.15985	-0.677128	1
0.001	19.63	10.5828	0.00554614	0.839477	1
0.001	34.6363	5.1851	0.33848	-1.01986	1
0.001	31.5387	10.059	0.17151	0.114831	1
0.001	25.9408	18.3831	0.345163	0.879119	1
0.001	33.8575	19.2734	-0.123647	1.34002	1
0.001	3.70868	12.9798	-0.870203	0.454617	1
0.001	1.45655	15.3421	0.518557	0.962262	1
0.001	2.79044	17.6313	-0.123216	0.64933	1
0.001	7.40308	14.3803	1.20936	-0.632203	1
0.001	1.5782	8.04747	-2.15933	0.848749	1
0.001	38.3876	3.26237	0.104839	1.03462	1
0.001	11.3132	37.0331	-1.37263	-1.12654	1
0.001	14.7006	11.4704	-2.8461	-0.381434	1
0.001	9.08322	10.5526	0.731519	0.871881	1
0.001	1.66404	5.57191	-0.718373	-0.392491	1
0.001	7.37017	3.48127	0.302978	0.889511	1
0.001	2.82272	8.65202	-0.370144	1.87958	1
0.001	6.44271	22.9858	0.882527	-0.618055	1
0.001	17.7421	5.30988	0.579348	-0.707688	1
0.001	11.3445	12.8529	-0.173292	0.104506	1
0.001	11.8309	15.0074	1.06727	-1.10666	1
0.001	15.1524	10.3234	1.07792	0.688539	1
0.001	9.41781	39.1131	-1.56608	-0.995664	1
0.001	29.1107	11.748	-1.96837	1.46335	1
0.001	18.876	3.53775	0.558592	2.40096	1
0.001	20.6083	8.30478	1.59022	-0.0380278	1
0.001	12.6091	4.77807	-1.46651	-0.0963203	1
0.001	17.7816	3.59848	-0.0161529	0.501305	1
0.001	25.0533	14.3295	-0.0306638	-1.36152	1
0.001	26.6881	16.4459	-0.954827	-0.400107	1
0.001	15.5193	14.7971	0.0130966	0.635014	1
0.001	32.4447	10.8088	0.00197672	-1.02698	1
0.001	21.719	12.93	0.567818	0.36539	1
0.001	25.3474	20.3055	-0.465728	-0.140669	1
0.001	29.4552	16.4705	0.0960927	0.364179	1
0.001	39.6986	8.8486	0.274517	0.109023	1
0.001	22.8008	10.3657	0.491494	0.798873	1
0.001	35.3044	13.3324	-1.20928	0.658055	1
0.001	32.3552	13.5818	-0.281452	0.357277	1
0.001	30.3836	13.7299	-0.853355	0.85094	1
0.001	7.19361	18.7022	0.732267	-0.540065	1
0.001	37.1957	21.7678	0.334999	-1.76034	1
0.001	0.328544	15.1932	0.149995	-1.26521	1
0.001	7.17836	4.77685	0.803049	0.0995553	1
0.001	0.502232	5.46669	0.179372	0.355571	1
0.001	1.35144	9.40325	0.496964	0.187368	1
0.001	7.8356	12.0773	0.260703	-0.272041	1
0.001	10.6708	14.6081	-1.28369	1.38537	1
0.001	8.50904	14.3315	0.882185	-0.798785	1
0.001	13.1005	12.9514	0.684526	-0.515412	1
0.001	9.09421	9.41099	-0.119559	1.16907	1
0.001	12.0013	16.1217	0.32426	-1.32208	1
0.001	19.4465	39.565	-0.131258	0.472837	1
0.001	18.8142	14.4246	0.602289	1.26763	1
0.001	17.8654	15.0297	-0.394518	-0.791301	1
0.001	21.1508	5.77451	-1.13814	0.525141	1
0.001	23.8477	11.9661	-0.420963	-1.214	1
0.001	15.917	8.26123	2.54949	-0.920296	1
0.001	31.8953	7.36227	1.09567	-1.38196	1
0.001	23.3674	9.18516	1.51057	0.963263	1
0.001	25.6885	17.4194	0.888741	1.11008	1
0.001	24.0549	10.234	0.418821	-2.36162	1
0.001	29.3625	20.2003	2.62569	-0.583416	1
0.001	27.2161	15.2193	0.156059	-1.30153	1
0.001	27.2743	21.841	0.575057	0.350486	1
0.001	31.9584	18.3193	-1.61797	0.124585	1
0.001	34.8931	21.2224	0.228445	1.2772	1
0.001	33.8512	10.2316	-1.79864	0.260021	1
0.001	27.0195	9.11823	0.0681793	-0.547114	1
0.001	31.3704	11.7175	-0.462414	0.800333	1
0.001	35.8977	12.1869	0.591853	-0.0235375	1
0.001	36.5101	6.65091	0.0245052	0.283248	1
0.001	30.2351	10.5967	-1.19775	-2.18859	1
0.001	38.3367	9.14602	0.298727	-0.00512953	1
0.001	32.0849	25.2954	0.678095	-0.955113	1
0.001	39.9441	16.5674	-0.520898	1.59455	1
0.001	10.8829	0.642108	1.2852	1.9643	1
0.001	2.14997	13.4984	2.13404	-0.911196	1
0.001	6.30643	10.8951	0.585698	-0.891969	1
0.001	35.789	15.7089	-0.270967	0.0348589	1
0.001	8.9879	16.2488	0.742126	1.46731	1
0.001	10.5915	10.4872	-0.370141	0.561922	1
0.001	12.3537	11.832	-1.59126	3.53446	1
0.001	12.0356	19.8788	-0.417661	0.51045	1
0.001	16.8272	13.074	0.492764	-0.40498	1
0.001	10.3786	12.1578	-0.120457	-0.439372	1
0.001	10.4831	13.4999	-0.0934437	-1.3068	1
0.001	9.3358	17.2285	-1.00154	1.0076	1
0.001	12.9467	15.1475	-0.945966	-0.347246	1
0.001	14.2595	15.1427	0.118863	0.544674	1
0.001	10.18	9.53784	-0.570686	-0.552959	1
0.001	16.8466	15.4019	-0.416704	-0.350661	1
0.001	20.5273	13.5189	-0.871028	-1.42142	1
0.001	26.1878	13.9841	-1.32095	-1.22554	1
0.001	13.7802	7.8829	1.22919	-0.65241	1
0.001	26.7344	19.6512	0.304102	-0.981249	1
0.001	22.7319	12.6937	-0.432769	-0.850319	1
0.001	38.2876	10.1815	0.363083	0.469849	1
0.001	28.1357	12.189	0.252779	1.33082	1
0.001	32.0409	21.5806	0.351304	0.525333	1
0.001	27.0148	11.8293	0.712301	1.39316	1
0.001	2.34243	19.2716	0.364745	2.57775	1
0.001	36.9591	13.7108	0.764496	-0.971473	1
0.001	39.893	14.1452	1.26752	-1.4383	1
0.001	24.2918	38.7134	-1.44362	-0.618596	1
0.001	6.47815	17.174	-1.59043	1.41277	1
0.001	18.4785	20.0529	-0.281838	0.131588	1
0.001	30.9905	20.9818	-0.961647	1.35665	1
0.001	2.33258	11.1727	0.0821409	0.494228	1
0.001	39.4384	2.56734	-1.27954	-0.766616	1
0.001	4.77728	24.5699	0.674625	-1.50039	1
0.001	14.3933	19.5284	-0.175818	0.829333	1
0.001	7.33233	17.6536	-0.57367	-0.544931	1
0.001	9.08593	12.199	-0.433348	0.713268	1
0.001	6.80893	20.5579	-0.300434	0.48631	1
0.001	39.4396	10.2068	1.23656	0.909016	1
0.001	26.7122	17.5155	1.08294	0.0142695	1
0.001	6.79357	12.0078	0.0826458	0.778126	1
0.001	11.0163	15.6459	2.07181	1.44365	1
0.001	11.1376	9.60775	-1.12679	0.256708	1
0.001	12.6936	23.0687	-0.105488	-1.27297	1
0.001	22.9839	7.99549	-0.234016	1.45947	1
0.001	5.18761	8.96067	1.66368	0.34441	1
0.001	12.6081	29.5863	-0.0309022	1.2859	1
0.001	13.5901	9.6848	-0.867364	0.479881	1
0.001	21.5563	26.5679	-2.39799	0.634225	1
0.001	14.259	18.0303	-1.46042	-0.0660197	1
0.001	24.6007	16.9109	0.310978	0.810535	1
0.001	24.8872	18.5334	-1.21832	-0.327528	1
0.001	33.3455	24.6423	-0.28033	0.512401	1
0.001	30.9427	14.5242	0.547331	-0.966351	1
0.001	32.7364	17.4472	-0.878371	1.46966	1
0.001	33.4791	12.7585	1.19227	-1.42199	1
0.001	27.2713	14.0502	-0.493795	-0.684863	1
0.001	23.9737	26.8287	0.547916	0.930215	1
0.001	30.6766	15.6264	-0.289925	-2.15017	1
0.001	0.980623	13.0011	0.490248	0.742291	1
0.001	31.1757	24.6804	0.564339	0.656201	1
0.001	31.973	20.4913	0.337078	1.81379	1
0.001	0.547851	18.6987	-0.879554	0.275379	1
0.001	13.0137	16.2915	1.85072	-1.0461	1
0.001	5.96949	12.8511	0.799213	1.86479	1
0.001	3.24765	11.9255	1.00717	0.542252	1
0.001	14.6322	14.0097	-0.834303	1.75149	1
0.001	2.13235	23.729	-0.440246	-0.644779	1
0.001	5.7802	19.1519	1.07357	0.954035	1
0.001	0.494126	22.8261	1.1776	0.357211	1
0.001	7.26548	15.7031	0.59373	0.571829	1
0.001	6.53832	9.02678	-0.226055	0.107851	1
0.001	2.45607	16.1764	-1.39134	-0.250811	1
0.001	13.7272	22.586	0.599385	1.58673	1
0.001	9.09847	20.7443	-0.432098	0.33038	1
0.001	17.526	18.8229	1.56657	-0.753118	1
0.001	18.0404	21.2156	1.82138	-0.055996	1
0.001	16.7929	17.1502	-0.564075	-1.20058	1
0.001	13.3368	5.50885	-0.194748	-0.136933	1
0.001	17.6118	16.3236	-0.53965	0.100365	1
0.001	27.1398	18.5768	1.24579	-0.120468	1
0.001	24.0571	16.0899	-1.16056	0.655184	1
0.001	21.1187	4.65876	-2.01283	0.237917	1
0.001	15.2803	17.1418	-0.892303	1.10748	1
0.001	22.4667	21.8122	0.314536	1.11325	1
0.001	25.4079	24.9059	-0.536453	-0.471754	1
0.001	21.9287	23.6196	-0.542136	-0.193578	1
0.001	24.4584	24.2475	2.11252	0.672224	1
0.001	32.2069	3.89292	0.775331	0.604031	1
0.001	28.471	25.1479	-2.21694	1.45153	1
0.001	33.3821	21.1445	-0.0660507	-0.170938	1
0.001	36.0429	2.2734	2.44879	-0.144227	1
0.001	31.4927	12.8687	-0.889924	-0.848359	1
0.001	33.4352	13.892	0.994494	-0.127019	1
0.001	32.9164	16.0222	0.0832889	-1.25789	1
0.001	1.79065	20.0833	-0.93423	0.0209354	1
0.001	4.22028	14.9121	-0.587808	-1.32224	1
0.001	9.48526	18.5401	-1.48267	0.533073	1
0.001	8.60663	22.6141	1.59313	-0.717142	1
0.001	2.12691	12.332	0.29304	0.0909234	1
0.001	11.1534	20.7361	-0.187829	-0.569303	1
0.001	9.52929	24.9867	-0.712678	-0.176255	1
0.001	1.48656	17.5519	-0.143787	0.359981	1
0.001	5.63855	14.0233	1.25619	1.182	1
0.001	4.86381	12.8548	1.16398	0.0458336	1
0.001	12.9759	18.7036	-0.715619	1.17443	1
0.001	6.83081	21.9365	-0.0135076	0.459253	1
0.001	11.5605	26.2889	0.218653	-0.588555	1
0.001	10.4764	16.5221	1.84539	1.62879	1
0.001	15.3601	9.37311	0.339749	0.71667	1
0.001	15.3479	18.2242	0.238923	-1.16874	1
0.001	5.77953	20.1615	0.578594	-1.05236	1
0.001	9.43257	26.837	0.315863	2.42397	1
0.001	33.9993	11.3357	-0.557023	-1.10614	1
0.001	14.8584	16.2237	0.269016	0.869593	1
0.001	18.8237	9.59509	1.13172	1.20525	1
0.001	31.1414	5.67445	1.24105	0.0131482	1
0.001	20.348	11.4552	-0.197554	-0.130753	1
0.001	18.5471	15.8955	-1.29771	-0.415372	1
0.001	20.1978	26.7359	-0.191607	0.21372	1
0.001	29.8435	7.89077	0.163442	-1.37075	1
0.001	25.5681	21.8768	0.167341	-0.187655	1
0.001	35.0848	18.822	-1.40385	0.694829	1
0.001	36.7648	27.8897	0.699349	-0.502096	1
0.001	5.35452	15.215	0.550074	1.13211	1
0.001	39.9234	20.8696	1.14155	-0.104634	1
0.001	33.7667	16.9379	-0.0418815	0.239006	1
0.001	1.18238	16.5408	0.415521	-0.47448	1
0.001	38.6399	17.7965	1.18023	-0.546388	1
0.001	30.7431	18.3459	-1.13266	0.83264	1
0.001	3.1926	15.2317	-0.255597	1.90348	1
0.001	6.34477	14.8618	-1.80498	1.36549	1
0.001	2.34758	21.1244	-0.302237	0.180337	1
0.001	6.4079	24.5123	0.12995	-0.160442	1
0.001	3.5164	21.1444	0.364499	-0.175265	1
0.001	9.74359	1.43852	-0.844376	-0.571619	1
0.001	13.4865	11.9167	0.25845	-1.39632	1
0.001	9.44596	15.2979	0.61378	0.65108	1
0.001	7.10305	9.98664	-0.0687526	-0.882001	1
0.001	13.5033	14.1214	0.799632	0.8466	1
0.001	15.8485	11.3733	1.11664	0.973039	1
0.001	21.5099	16.8805	0.0114583	-1.49153	1
0.001	10.9308	19.6918	-2.79558	1.16425	1
0.001	19.0769	13.4209	0.352254	0.983975	1
0.001	9.1393	21.6982	0.1479	-0.866703	1
0.001	18.5119	18.0868	0.619405	-0.625871	1
0.001	19.5205	17.7001	0.586139	0.398344	1
0.001	25.3095	26.9177	-0.487349	-0.1051	1
0.001	28.108	13.3804	-0.123516	-0.450415	1
0.001	22.0116	19.2721	-0.690106	0.658325	1
0.001	21.7669	24.6137	-1.02017	-0.634111	1
0.001	16.3169	14.1276	-0.387879	-0.279996	1
0.001	34.0857	18.0576	-0.147408	-0.266866	1
0.001	32.6148	22.4632	-1.7916	0.578217	1
0.001	36.8857	12.6767	0.162755	0.691939	1
0.001	36.7702	18.3174	-0.434203	0.906017	1
0.001	32.2727	30.9942	-1.62368	0.0553739	1
0.001	27.7227	17.6107	2.50918	-0.417614	1
0.001	36.0346	19.3329	-1.38391	0.990284	1
0.001	31.4158	19.2755	-0.294768	0.422307	1
0.001	36.3069	24.9466	1.12001	1.14723	1
0.001	32.5067	12.3815	0.11593	0.141957	1
0.001	39.0723	20.1683	-0.721188	0.684515	1
0.001	6.03836	16.1972	0.729245	-0.194105	1
0.001	1.58535	21.7867	-1.17132	1.52316	1
0.001	36.172	23.7353	-0.0406519	-0.0251076	1
0.001	36.4445	14.7676	0.408597	0.886591	1
0.001	11.4754	13.8492	1.24856	1.00802	1
0.001	39.8204	21.8129	-0.686037	-1.46363	1
0.001	5.38026	17.5607	0.499199	0.0719899	1
0.001	8.51231	7.66089	0.780747	0.0510876	1
0.001	8.26928	15.3656	-0.177047	0.615968	1
0.001	10.7903	17.5841	0.532547	1.12546	1
0.001	17.1859	19.8856	0.215339	-0.940962	1
0.001	20.6721	16.1368	-0.452868	0.0435132	1
0.001	21.7328	11.8056	-2.7065	-2.07058	1
0.001	25.0664	13.2924	-0.88628	-2.75518	1
0.001	19.7249	18.6955	1.13109	-0.98376	1
0.001	16.6728	21.3911	0.200348	0.0780844	1
0.001	17.0138	27.5883	0.0323998	-0.532222	1
0.001	25.671	12.5229	-0.314073	-0.172692	1
0.001	25.7782	10.9553	0.386983	0.662369	1
0.001	31.5934	22.9175	-0.252898	-0.815294	1
0.001	27.5871	22.8181	0.0984182	0.378543	1
0.001	27.9236	29.6598	0.37215	-1.0681	1
0.001	28.0765	31.1416	-0.381601	-1.12158	1
0.001	28.7728	27.0964	0.432362	0.783049	1
0.001	32.5933	19.3223	0.107859	0.116526	1
0.001	20.9545	19.3012	-1.05719	1.71769	1
0.001	39.3323	18.6519	0.706192	-1.82173	1
0.001	31.0301	22.095	0.583048	0.863687	1
0.001	35.1313	26.609	-0.0134881	0.815045	1
0.001	37.8252	20.3744	0.631934	-1.15603	1
0.001	4.41811	20.4948	-0.520695	-0.322519	1
0.001	4.78312	16.5887	-1.17245	-0.177563	1
0.001	4.94335	10.5894	-0.266259	0.313826	1
0.001	29.9255	17.5153	-1.31429	1.17011	1
0.001	38.105	16.1182	-1.25638	2.6319	1
0.001	38.6637	14.8683	1.21058	0.280845	1
0.001	11.8258	25.08	-0.19896	-0.562477	1
0.001	5.98937	25.4704	1.17932	-0.141058	1
0.001	11.2849	11.659	0.769159	0.497279	1
0.001	4.93585	18.5297	-1.70128	-0.650287	1
0.001	0.203025	19.7707	0.300642	-1.40626	1
0.001	5.53381	26.853	-1.24161	0.671351	1
0.001	2.33333	14.6059	1.16739	2.09801	1
0.001	14.0717	16.9023	-0.920835	0.472953	1
0.001	10.7066	26.9402	0.287779	0.425358	1
0.001	29.2862	21.3914	-1.57405	0.562425	1
0.001	15.766	21.948	-0.373317	0.276414	1
0.001	23.2638	14.0712	0.0824335	0.0243809	1
0.001	22.0357	20.4449	0.0151645	0.300435	1
0.001	20.1453	24.9296	-0.87253	-0.436425	1
0.001	21.268	21.436	-1.3282	0.223755	1
0.001	21.0167	25.6303	0.608595	0.629052	1
0.001	27.3855	26.3343	-0.257589	-0.403754	1
0.001	16.9524	29.9796	-1.2182	-0.734821	1
0.001	26.3661	21.1871	1.4572	0.499974	1
0.001	27.4188	25.2171	0.54728	1.54803	1
0.001	28.3136	23.9938	1.65316	-1.19333	1
0.001	27.8245	5.93296	1.26921	-0.577356	1
0.001	25.0753	15.8898	-1.28944	-0.794811	1
0.001	34.9001	24.8336	0.850294	0.380322	1
0.001	30.5734	23.6597	-1.15938	0.513761	1
0.001	37.7625	17.157	-0.936377	0.0157162	1
0.001	39.7438	23.5854	1.18145	0.276193	1
0.001	34.9353	29.9749	-0.861548	-0.69089	1
0.001	4.58404	13.8525	0.341471	-0.765646	1
0.001	3.24556	24.5346	0.725878	1.42972	1
0.001	34.9241	22.3407	0.1879	-0.73964	1
0.001	2.91095	22.1033	0.0151429	1.38391	1
0.001	10.2996	21.357	0.430114	-1.08624	1
0.001	1.54222	22.8339	0.335983	1.29416	1
0.001	7.81503	20.7188	1.92167	0.436867	1
0.001	12.417	24.2163	0.896374	1.00165	1
0.001	5.41614	22.0398	1.80515	-0.895165	1
0.001	13.9381	21.0239	0.913915	0.232006	1
0.001	16.4779	22.7301	-0.308759	0.672717	1
0.001	10.1372	20.3275	0.232206	-0.703385	1
0.001	11.0443	33.1942	-1.97283	0.456275	1
0.001	11.665	18.9273	-0.260421	-0.398195	1
0.001	24.1366	14.9678	0.196029	0.000883207	1
0.001	23.2121	20.9081	-1.62108	0.664182	1
0.001	18.4742	16.9327	0.461085	-1.12184	1
0.001	20.6855	23.8257	-1.48282	-0.611283	1
0.001	20.0644	22.4181	0.184973	-0.497629	1
0.001	22.1172	14.0978	-1.00217	-0.209959	1
0.001	23.961	22.0975	0.407787	1.31748	1
0.001	27.4565	20.5376	0.133535	2.17248	1
0.001	22.6384	22.8219	-0.313701	-0.0211856	1
0.001	24.5156	27.8111	1.91689	1.22814	1
0.001	31.2137	31.5025	-0.200667	-1.20615	1
0.001	18.3733	26.1602	0.50011	-0.0517478	1
0.001	38.8289	27.3382	0.446884	-0.274917	1
0.001	22.9166	23.7543	-0.910687	-1.37928	1
0.001	37.6367	28.6965	-1.21411	0.294079	1
0.001	24.7924	23.2901	-0.177053	0.449812	1
0.001	28.6929	17.2804	-0.0674927	-1.18839	1
0.001	36.6245	32.2367	-0.70153	-0.0901306	1
0.001	36.1457	22.425	0.0317819	-1.18138	1
0.001	33.9712	23.5727	-0.448923	-0.533554	1
0.001	32.572	23.8816	-0.199035	-1.23015	1
0.001	1.44711	30.0345	-0.254345	-0.192149	1
0.001	10.4865	24.506	1.73046	-0.296927	1
0.001	3.88061	31.5135	-0.183778	-0.278841	1
0.001	11.1512	30.0508	0.991339	-0.563195	1
0.001	16.4976	18.1579	0.399224	-0.52329	1
0.001	3.95956	27.4858	-0.273794	0.471686	1
0.001	18.7835	22.8297	0.387526	-0.0388877	1
0.001	10.8722	28.0244	-0.11059	0.246998	1
0.001	7.26947	23.8692	0.673541	1.30119	1
0.001	15.4202	23.2403	1.21106	2.02111	1
0.001	14.7399	24.4157	0.439099	0.11202	1
0.001	15.9791	16.3511	-0.357927	0.818939	1
0.001	13.6051	25.4709	0.681574	0.235154	1
0.001	23.5644	16.9745	-0.916263	-0.377063	1
0.001	18.0687	29.2971	0.987043	0.844437	1
0.001	13.9884	34.1099	-0.186486	-1.284	1
0.001	23.9881	13.1409	1.02676	0.298235	1
0.001	21.0745	18.2192	-1.04215	0.972802	1
0.001	26.4509	24.6857	-0.196708	-0.778187	1
0.001	18.7718	19.0159	-0.085971	0.131837	1
0.001	23.928	29.1196	0.616675	2.08397	1
0.001	22.2523	27.6481	1.54223	0.38289	1
0.001	23.0443	18.6431	0.766265	0.199884	1
0.001	25.1798	29.0049	-0.815098	1.13068	1
0.001	26.8199	30.6318	0.197169	0.584841	1
0.001	33.1337	31.822	0.398148	0.567154	1
0.001	38.6986	28.3837	-0.203339	-0.821445	1
0.001	34.1782	28.8642	-0.72872	-0.906508	1
0.001	4.61564	19.5563	-1.62199	-0.310079	1
0.001	39.0746	26.0763	-0.119394	2.01315	1
0.001	36.8468	26.1006	0.172115	0.918027	1
0.001	29.3519	34.3795	0.221671	0.380029	1
0.001	3.18548	14.0354	2.07303	-0.233515	1
0.001	8.08615	21.7017	0.628677	1.06635	1
0.001	0.155745	24.7474	-0.351016	1.4468	1
0.001	39.8632	26.78	0.244964	0.288939	1
0.001	10.7323	31.3061	-0.622001	1.01468	1
0.001	7.57433	22.6885	0.0234135	1.01768	1
0.001	4.3045	33.3074	-0.280672	1.96634	1
0.001	10.6337	25.6439	-0.396402	0.83356	1
0.001	6.68798	13.6021	0.760263	0.487789	1
0.001	15.5451	19.3137	-0.116437	-0.960582	1
0.001	19.6716	19.9485	0.655742	-0.162369	1
0.001	15.8271	26.6697	0.140974	0.224577	1
0.001	15.8817	29.685	0.13863	0.839242	1
0.001	22.7974	24.7872	-0.368359	-0.405046	1
0.001	17.1254	23.7582	0.436411	0.0123706	1
0.001	7.98836	25.1549	-0.851498	-0.517418	1
0.001	23.969	18.0431	-0.91951	-0.930266	1
0.001	24.209	20.4919	-0.901883	-0.227336	1
0.001	22.5699	16.366	-1.06601	0.606635	1
0.001	17.6961	22.9801	-0.956916	-0.114636	1
0.001	26.1921	31.6956	-0.502421	-0.63485	1
0.001	33.7494	33.8069	-0.744697	-0.100725	1
0.001	31.2501	29.4667	0.124629	-0.438811	1
0.001	34.2512	27.6923	1.22528	-0.0315585	1
0.001	28.201	21.1801	-0.468413	-0.276215	1
0.001	39.5125	29.4939	0.895161	-0.208921	1
0.001	29.2709	23.5134	0.350561	-1.02493	1
0.001	33.8046	22.1149	-1.30427	0.0393961	1
0.001	35.2937	28.9629	0.694151	1.12105	1
0.001	38.3844	21.3972	0.404297	1.12918	1
0.001	2.8881	27.5017	1.53439	0.622133	1
0.001	33.9528	15.8457	0.771138	-0.872853	1
0.001	1.38044	26.3262	-1.65848	-1.05069	1
0.001	25.0219	31.2928	-0.280912	0.69552	1
0.001	2.54156	26.3657	0.678914	0.468099	1
0.001	7.26499	38.0246	1.0226	0.190874	1
0.001	39.8904	30.6835	2.30596	0.234393	1
0.001	1.13338	24.2167	-0.539884	-1.34706	1
0.001	10.4781	35.6006	-1.17433	-0.223602	1
0.001	9.15723	35.4765	-0.926175	-0.549378	1
0.001	37.2482	24.1901	1.74916	0.403324	1
0.001	5.65169	39.5472	-0.280022	0.0385198	1
0.001	18.0148	27.1424	2.92944	0.491142	1
0.001	13.5866	30.095	-0.284515	0.536367	1
0.001	9.24057	31.2469	-0.317863	0.781172	1
0.001	9.24825	28.7064	-0.770463	2.28929	1
0.001	24.7908	25.7393	0.122584	0.367772	1
0.001	19.7028	31.1222	0.644379	-0.310211	1
0.001	13.6265	24.2739	-0.638727	1.55058	1
0.001	23.0605	19.8759	-1.23366	-0.518447	1
0.001	12.5773	31.9283	0.516033	1.04046	1
0.001	15.0761	28.9959	0.162344	0.37317	1
0.001	25.7914	25.9141	-1.981	0.358908	1
0.001	19.2492	28.9657	-0.5691	1.06628	1
0.001	30.2071	29.5358	0.403877	2.52251	1
0.001	23.5313	30.0552	0.302345	0.631542	1
0.001	35.0254	23.7708	-0.335161	1.20404	1
0.001	28.9621	37.5549	0.860751	-0.277548	1
0.001	28.1308	36.2765	1.48849	0.000661457	1
0.001	21.2488	27.6362	-0.854433	0.603443	1
0.001	29.2698	30.7017	0.478559	0.460716	1
0.001	30.1923	25.0161	0.731102	-3.03149	1
0.001	29.1196	29.6294	-0.159587	-0.941554	1
0.001	36.4199	31.2509	0.800185	1.68286	1
0.001	4.85865	25.742	-0.744603	0.447791	1
0.001	4.72039	29.2887	0.843946	-0.444502	1
0.001	7.76995	28.2111	-0.685453	0.0572473	1
0.001	32.2655	32.2462	1.31663	0.79115	1
0.001	3.2484	23.4069	-0.789953	1.29806	1
0.001	37.3773	23.0527	0.781453	-0.36151	1
0.001	4.37072	23.2222	-0.983062	1.0219	1
0.001	1.60793	33.7581	-0.0121478	-0.183971	1
0.001	4.69353	28.289	0.832454	0.11646	1
0.001	20.8707	20.382	0.567369	-0.782976	1
0.001	8.23105	18.1514	2.15378	0.0639969	1
0.001	15.6584	27.8414	0.22709	-0.315422	1
0.001	15.9439	25.315	-0.796395	-0.848325	1
0.001	13.1187	17.57	0.228768	-0.449728	1
0.001	17.288	39.2852	-0.604399	1.32722	1
0.001	15.0635	20.3752	0.421931	-0.0139965	1
0.001	9.42107	29.7829	1.13552	-0.587474	1
0.001	20.2207	36.4671	1.09647	-1.76857	1
0.001	16.5712	28.7085	-0.938377	-0.106432	1
0.001	19.5428	21.0682	0.383757	1.11613	1
0.001	19.5628	25.7645	-0.549411	0.0740399	1
0.001	16.8974	26.5188	-0.321177	-0.791225	1
0.001	25.2371	32.3984	-0.494681	0.147207	1
0.001	20.6041	35.4937	-0.121388	1.763	1
0.001	20.4837	17.1851	2.38874	-0.22174	1
0.001	35.8344	33.4161	-0.43456	0.992641	1
0.001	25.7494	19.3705	0.195329	2.15741	1
0.001	31.0832	34.299	0.0214863	-0.458763	1
0.001	30.9398	25.807	0.247105	-0.0112778	1
0.001	27.453	27.5847	-1.08425	-1.7025	1
0.001	18.7254	27.9989	0.129416	-0.549694	1
0.001	32.2094	29.897	-0.636597	0.315323	1
0.001	39.0607	24.9412	0.0750493	0.0818823	1
0.001	9.637	23.5723	0.210198	1.27862	1
0.001	5.23708	32.6162	-1.22503	-0.546384	1
0.001	38.0969	18.6548	0.493026	-0.820149	1
0.001	6.31129	31.7813	-0.374636	-0.507771	1
0.001	5.67026	30.6289	-1.88326	0.0857187	1
0.001	37.5852	34.6348	1.09648	1.18229	1
0.001	3.36591	36.7115	0.841683	0.197661	1
0.001	31.9348	0.641938	-1.01049	-0.455966	1
0.001	2.02288	32.6851	1.07566	0.617348	1
0.001	3.88973	18.9388	2.29143	0.223992	1
0.001	13.9145	29.0804	-0.118069	-0.122079	1
0.001	8.46179	26.4963	-0.697728	0.755794	1
0.001	19.0436	34.4254	-0.351665	0.72813	1
0.001	16.4324	31.6591	-0.0127737	-1.22802	1
0.001	14.6095	27.9429	-2.04099	-0.537073	1
0.001	14.7786	21.7165	0.275059	-1.54372	1
0.001	18.4633	30.1395	1.96179	-1.36774	1
0.001	23.7298	33.427	0.73762	-0.791309	1
0.001	22.3094	33.6907	-0.369614	-0.211806	1
0.001	16.1473	20.4842	1.03128	1.59144	1
0.001	19.0455	27.1044	0.396518	-0.404454	1
0.001	25.5502	28.0386	-0.881692	-0.332243	1
0.001	23.6321	25.6984	-0.702417	0.903152	1
0.001	25.7244	33.974	-0.142742	1.03592	1
0.001	26.3951	28.6861	-0.699002	-0.106927	1
0.001	30.8085	30.3848	0.766382	-0.860075	1
0.001	20.9429	29.784	-0.185628	-1.50954	1
0.001	28.3537	33.606	0.846724	-0.152923	1
0.001	2.56746	30.4503	-0.373314	0.325544	1
0.001	30.5755	36.1152	-1.59638	0.964154	1
0.001	35.699	25.8018	-0.823665	1.46516	1
0.001	2.35788	31.4977	1.18183	-0.0452531	1
0.001	36.5052	28.8536	-0.186534	1.61065	1
0.001	38.5082	23.8698	1.8033	0.203058	1
0.001	0.652455	29.3434	-0.0379654	-0.376188	1
0.001	11.4959	32.1734	-1.82328	-0.639564	1
0.001	33.7297	26.6294	1.4375	0.436256	1
0.001	3.42596	29.7783	-0.0278442	0.108605	1
0.001	1.67094	28.0111	-0.955258	-0.960773	1
0.001	10.3181	29.0188	1.01766	0.318608	1
0.001	13.1026	21.6808	-1.94676	-1.60006	1
0.001	12.6006	26.2335	0.934164	0.522343	1
0.001	5.95921	0.59401	-0.557031	-0.117578	1
0.001	11.1705	21.99	0.476888	-0.533075	1
0.001	12.0646	17.2984	0.0890706	-1.56692	1
0.001	13.3971	19.7237	0.702877	-1.16459	1
0.001	11.4661	23.7554	-0.163406	-2.09772	1
0.001	20.6994	30.9915	-0.268106	0.763511	1
0.001	8.53837	23.8041	-1.23776	0.720713	1
0.001	7.27872	29.4459	-0.0413109	-0.71577	1
0.001	14.9856	37.8234	-1.53085	-0.665466	1
0.001	23.2287	38.6881	-0.670482	-0.141524	1
0.001	7.72883	34.9943	1.21528	2.25315	1
0.001	18.8302	31.9873	-1.30193	1.24592	1
0.001	25.4531	1.32236	0.707903	0.916144	1
0.001	35.399	31.8937	0.289059	-1.4799	1
0.001	23.9154	19.3544	-0.454015	0.268104	1
0.001	33.143	29.2242	-0.395587	-0.474136	1
0.001	28.6295	22.228	1.74485	-0.904412	1
0.001	29.2076	35.4903	-0.0215052	0.0774914	1
0.001	32.5344	26.2436	-1.62948	-1.78632	1
0.001	28.598	28.6987	1.43525	-1.42104	1
0.001	33.9811	25.5095	0.0649265	-1.37888	1
0.001	34.47	32.8952	-0.924592	-1.44979	1
0.001	0.739957	27.5233	-1.93826	0.346284	1
0.001	35.3987	27.7856	-0.43915	-0.37639	1
0.001	38.1316	25.3953	-0.848461	0.411514	1
0.001	4.57199	30.4282	0.935005	0.334193	1
0.001	9.89466	33.9739	1.07035	1.53294	1
0.001	4.71772	36.7162	-0.638215	0.516773	1
0.001	2.91667	20.2104	-0.75282	0.376413	1
0.001	15.4685	34.1221	2.03735	1.05647	1
0.001	5.49042	33.8696	2.38421	-0.757779	1
0.001	16.7877	37.2147	-0.444734	-0.709004	1
0.001	3.54888	28.4227	1.21507	-1.73878	1
0.001	6.44151	28.8146	0.504201	-0.307284	1
0.001	5.21527	31.5288	-0.250053	0.663235	1
0.001	9.58289	33.0604	-0.471853	0.0552083	1
0.001	2.97338	5.37299	1.52239	-0.44119	1
0.001	19.0986	36.6029	-0.960289	0.300983	1
0.001	18.8447	24.7457	0.0153685	-0.361865	1
0.001	16.1655	38.1011	0.205437	-0.655645	1
0.001	24.7299	5.23709	-1.27112	0.565847	1
0.001	28.0362	35.2422	-0.45164	0.31896	1
0.001	21.3969	34.544	-1.07141	-1.16483	1
0.001	13.5812	26.8113	-1.7087	-1.04729	1
0.001	29.9986	33.0486	-0.700182	-0.226558	1
0.001	28.0945	32.409	0.374009	1.20684	1
0.001	25.9861	29.8228	0.727383	1.00926	1
0.001	21.8516	30.3704	0.39044	0.547787	1
0.001	1.71137	35.3773	-0.954774	0.608521	1
0.001	19.8003	28.088	0.208372	0.203283	1
0.001	38.5497	34.504	0.430024	-0.429105	1
0.001	31.3856	38.3192	0.398249	1.16116	1
0.001	29.966	28.3907	-0.57061	-1.56469	1
0.001	32.1414	27.2362	-0.0580055	-0.0491528	1
0.001	33.891	30.2137	-0.629543	0.863449	1
0.001	36.3255	20.4496	-0.0137685	-0.896015	1
0.001	32.895	34.659	-0.161558	-0.0558457	1
0.001	1.84259	25.268	0.1343	0.0303076	1
0.001	34.8822	2.30567	-0.471318	-1.64309	1
0.001	38.3016	33.3915	0.00674867	0.112488	1
0.001	8.02609	31.4514	0.0635923	0.192937	1
0.001	6.65156	37.0941	1.28149	-0.660161	1
0.001	39.8867	28.3027	-1.47424	-0.505222	1
0.001	7.32577	32.5049	0.282156	0.015514	1
0.001	15.3194	32.0528	0.441769	0.840862	1
0.001	9.46857	37.3795	-1.19977	-0.553669	1
0.001	7.17313	33.787	-1.17358	1.38266	1
0.001	12.4919	36.2039	-0.0230566	-0.584253	1
0.001	6.26721	29.8788	-2.18301	-0.191402	1
0.001	21.4909	35.9554	0.51446	-1.00015	1
0.001	14.1781	31.7365	-0.0077711	-1.35662	1
0.001	9.89432	32.0592	0.594854	0.831547	1
0.001	8.61397	27.5803	0.16069	-0.0863907	1
0.001	17.3006	35.3098	0.315302	-0.410212	1
0.001	18.5948	33.2099	-1.47321	-0.502018	1
0.001	23.968	36.9941	0.506245	1.57825	1
0.001	22.7203	29.1405	0.41479	0.487807	1
0.001	23.7103	35.5232	-0.848297	1.09743	1
0.001	26.2174	22.7677	1.11032	0.764565	1
0.001	22.9486	37.5146	-0.229292	-1.17078	1
0.001	24.9905	30.19	-0.179229	0.692566	1
0.001	29.7231	22.5763	-0.342021	-0.0938579	1
0.001	31.0241	28.4395	1.0786	-1.79027	1
0.001	24.9001	33.4006	-2.18443	-0.98714	1
0.001	31.6147	36.251	0.173735	1.10091	1
0.001	38.9901	37.658	-0.0278	-0.829131	1
0.001	38.9214	0.613378	-0.722102	-1.40637	1
0.001	3.03333	32.7052	-1.17425	-1.1434	1
0.001	37.3406	1.70151	1.31978	-0.666652	1
0.001	28.8951	0.559937	-0.778658	-0.324902	1
0.001	33.1373	32.9716	0.849063	-0.502517	1
0.001	39.813	35.7635	-0.505249	-0.154676	1
0.001	30.5349	37.2448	-2.6353	0.576375	1
0.001	35.4285	38.7133	-0.591951	0.394008	1
0.001	7.41119	1.72458	-1.04292	-1.30262	1
0.001	5.20285	37.9711	0.576592	-0.252015	1
0.001	5.50507	35.0448	1.65885	-0.618116	1
0.001	8.46644	4.22427	0.254363	0.353817	1
0.001	9.73632	8.15593	-1.01644	1.92186	1
0.001	11.916	28.345	0.88223	0.42917	1
0.001	14.6654	30.0235	0.1159	1.31633	1
0.001	13.402	27.7874	-0.680836	-1.02389	1
0.001	14.6421	32.9888	0.22876	0.295559	1
0.001	15.1598	39.409	-1.10624	-1.72	1
0.001	19.0703	0.534242	0.51261	0.571461	1
0.001	19.6351	23.4281	0.581875	0.268238	1
0.001	24.7328	34.4153	0.929202	-1.22673	1
0.001	21.6682	37.3501	0.787806	1.10188	1
0.001	25.1736	4.05689	0.0693598	0.367435	1
0.001	24.5664	0.718727	-1.4873	0.123275	1
0.001	20.1109	34.5453	-0.116285	0.213305	1
0.001	26.4359	27.497	-1.05097	0.387518	1
0.001	26.8594	0.849116	-1.26602	-0.425174	1
0.001	27.0566	32.8619	1.59787	0.509044	1
0.001	20.6545	2.47772	0.565011	0.365463	1
0.001	32.1078	33.4364	-2.34422	-0.569495	1
0.001	37.1694	19.5197	-0.297563	-1.30501	1
0.001	30.0851	32.0322	0.244801	1.51328	1
0.001	38.1207	31.7379	0.713702	0.609202	1
0.001	30.8764	0.82992	-0.753226	-1.08089	1
0.001	34.3797	31.8315	-0.356986	0.464484	1
0.001	6.17238	6.75509	-0.103361	-1.19219	1
0.001	7.06762	35.8432	0.772412	-0.183817	1
0.001	36.7041	35.3789	0.871195	1.02245	1
0.001	37.2405	33.6608	-1.01088	0.0232342	1
0.001	39.8533	1.0602	0.00827649	0.153709	1
0.001	37.2091	29.6929	0.557973	-0.316612	1
0.001	8.50739	5.97491	1.19717	-0.0967177	1
0.001	8.89209	34.48	0.485207	1.05669	1
0.001	7.21084	30.6797	-0.569101	0.490606	1
0.001	16.9072	33.6261	-0.281117	-1.48512	1
0.001	11.6729	0.0940334	0.81612	0.993517	1
0.001	14.4667	5.63553	0.0885823	0.477188	1
0.001	13.2086	31.1283	-0.605802	0.436983	1
0.001	17.8126	30.994	-0.817367	1.13628	1
0.001	10.4896	2.83237	0.693825	-0.692585	1
0.001	0.536891	25.8727	0.356507	0.442948	1
0.001	11.3833	3.49504	-0.698381	-0.279918	1
0.001	5.84999	3.45474	1.6653	-0.07195	1
0.001	24.1702	32.4606	-0.432434	1.8074	1
0.001	22.2677	2.55699	0.345343	-1.18036	1
0.001	22.2837	3.55162	-1.02359	0.0381892	1
0.001	22.9435	26.7714	-1.97285	-2.47346	1
0.001	15.9615	30.7001	-1.5422	-0.869621	1
0.001	38.4683	29.6221	0.125899	-0.311542	1
0.001	23.3988	27.9934	-0.345963	-1.327	1
0.001	23.4385	34.3608	-0.131274	-0.855069	1
0.001	28.7109	6.55337	-1.49185	-0.946072	1
0.001	38.0816	38.628	-0.650035	-0.656574	1
0.001	33.2187	37.5657	0.513816	-0.230359	1
0.001	29.419	25.7126	-1.07777	-0.0146452	1
0.001	30.5962	2.71709	1.65634	-0.086774	1
0.001	35.9608	30.2786	0.383979	-0.493146	1
0.001	32.9802	0.926934	0.359072	-1.64022	1
0.001	38.9382	32.4855	-0.171236	1.35379	1
0.001	33.1069	27.7285	-1.6965	1.28745	1
0.001	3.22461	1.9572	-1.15479	0.731388	1
0.001	29.8063	38.1133	0.0280983	1.41224	1
0.001	1.07225	31.0754	-0.0977734	0.111384	1
0.001	35.5777	8.55872	-0.578218	0.885686	1
0.001	1.85223	1.74566	0.0970137	1.00615	1
0.001	5.88308	4.67093	0.287065	1.11668	1
0.001	8.16679	39.5124	1.7758	0.246685	1
0.001	5.01544	6.22557	-1.5428	2.73431	1
0.001	36.7783	5.49132	0.0344649	-1.11312	1
0.001	8.69696	32.1966	-1.25946	0.334685	1
0.001	19.426	35.4077	-1.21159	-0.944604	1
0.001	7.29231	6.82502	-0.140017	-0.714737	1
0.001	1.59746	36.543	0.698258	0.875075	1
0.001	18.7524	37.6176	-0.33542	0.018516	1
0.001	9.9373	5.97144	0.241627	-0.143843	1
0.001	15.7783	33.0349	0.736049	-0.418123	1
0.001	21.008	32.4847	1.2572	-1.15687	1
0.001	26.7357	35.6144	-1.25346	1.13663	1
0.001	36.3085	39.4653	0.224179	-1.89212	1
0.001	14.8644	25.5393	0.833293	0.619127	1
0.001	35.4389	3.49781	-1.711	1.00526	1
0.001	25.7266	36.1322	-0.54857	0.00167679	1
0.001	30.8702	39.629	0.0907431	-0.372669	1
0.001	31.8242	35.2672	-1.01141	0.172062	1
0.001	25.7649	2.39122	1.0027	-1.81344	1
0.001	32.4015	38.2525	-1.1608	0.293217	1
0.001	35.8465	7.50052	-0.507159	0.589196	1
0.001	31.1824	32.7096	0.520914	-0.799667	1
0.001	34.4913	38.1339	1.27175	0.275393	1
0.001	38.7231	39.5032	-0.161841	-0.708969	1
0.001	22.9666	30.8434	-0.484468	-0.46308	1
0.001	30.3899	9.37212	-1.65809	0.737187	1
0.001	0.49404	36.8932	-0.943271	1.04915	1
0.001	0.549804	33.3004	0.33758	-1.16231	1
0.001	1.3144	39.3319	0.322494	0.44804	1
0.001	8.19273	33.2167	1.10789	0.351275	1
0.001	5.82214	36.2505	1.09515	-0.213821	1
0.001	8.50304	30.3909	0.878384	-0.0406405	1
0.001	6.21545	33.0912	1.42311	-0.946276	1
0.001	7.22154	8.00081	-1.5002	-0.269422	1
0.001	34.2838	35.0963	-0.240984	-0.666667	1
0.001	22.8448	36.0867	-1.30556	0.0721912	1
0.001	9.33422	0.318801	0.564316	-0.284629	1
0.001	4.56305	39.3302	1.4212	0.533808	1
0.001	37.3152	39.556	0.156249	1.00817	1
0.001	10.4895	38.3426	-0.516779	1.67271	1
0.001	20.3643	33.316	0.842733	1.01453	1
0.001	16.3126	0.9435	0.398992	-0.890585	1
0.001	12.2891	27.2876	-1.81494	-0.52974	1
0.001	20.67	37.883	0.27886	-1.18738	1
0.001	23.9092	39.648	-1.1986	0.987945	1
0.001	31.5087	2.36789	0.419388	0.402019	1
0.001	20.0615	1.58134	-1.04374	0.142998	1
0.001	23.4788	0.760014	0.648431	-0.760946	1
0.001	21.2184	22.423	0.469879	0.356315	1
0.001	26.9471	38.4772	0.44877	-0.320608	1
0.001	27.1535	23.9289	-0.786691	-0.481758	1
0.001	27.5467	28.6795	0.320962	-0.605509	1
0.001	32.0316	4.97951	2.15519	1.06068	1
0.001	35.6211	4.9847	0.0297978	-1.50211	1
0.001	36.0471	36.3664	1.17668	-3.32582	1
0.001	34.182	1.51349	0.0132076	-0.738701	1
0.001	23.2274	31.8475	0.0633589	-0.78482	1
0.001	28.2302	2.45468	1.34489	-0.14877	1
0.001	33.1417	39.3713	1.62381	0.0797011	1
0.001	38.6551	35.9779	-0.26653	-0.269419	1
0.001	0.793301	34.5221	0.903771	0.145141	1
0.001	4.25321	35.7548	-0.730684	1.174	1
0.001	0.567163	37.9997	-1.3332	-0.384989	1
