17	2.13146	34.7752	0.702146	-0.487223	1
17	10.9002	39.3381	0.646694	0.529091	1
17	38.7634	31.3032	0.475578	0.0878497	1
17	20.2523	34.1493	-0.15363	-0.612429	1
17	10.5559	36.5525	1.63929	-0.313425	1
17	4.54847	2.6647	0.510706	0.140927	1
17	5.67833	0.680672	-0.544213	-0.310329	1
17	2.17911	6.28534	-0.901463	0.256632	1
17	16.0084	0.722086	0.210403	0.964384	1
17	15.1323	7.95379	0.300702	-0.787658	1
17	20.8502	29.9456	0.0757066	0.927023	1
17	14.8736	3.34298	-0.923464	-0.70095	1
17	9.42259	1.58959	-1.19826	-0.133633	1
17	13.48	33.6652	2.13116	-0.163717	1
17	27.5425	5.24781	0.264988	0.279867	1
17	16.7458	2.13542	-0.498524	-0.4615	1
17	22.0386	0.658108	-0.569637	1.28992	1
17	28.3147	39.5648	0.479872	-0.275214	1
17	32.5639	39.6892	-0.0270397	-0.669222	1
17	23.056	1.89467	-0.157122	-0.916242	1
17	22.7282	33.8495	0.711293	-2.34038	1
17	20.0318	6.65845	-1.33988	-0.771592	1
17	33.351	2.72457	1.15333	0.416061	1
17	33.8523	1.57121	1.24987	-0.142759	1
17	31.0814	1.48626	0.343462	1.26718	1
17	37.1318	8.22516	0.568833	0.0595672	1
17	36.7227	5.70977	1.20183	0.942667	1
17	0.29902	38.9088	1.26397	0.534214	1
17	27.0194	3.5855	-0.517579	0.662075	1
17	34.3897	16.2618	-0.0932618	0.0843794	1
17	0.423973	1.88751	1.39731	-0.0479042	1
17	6.89029	4.70985	-0.380484	0.886192	1
17	3.63382	39.8248	0.282746	0.28257	1
17	37.2077	10.2785	1.17005	0.0942663	1
17	36.2366	37.6687	0.0475975	0.504279	1
17	0.887266	0.91409	-1.56396	0.406309	1
17	37.8539	7.53578	0.506893	-0.2	1
17	1.46321	39.3409	-1.77377	0.032359	1
17	14.6079	5.75919	1.08155	0.120025	1
17	7.49506	7.34784	-2.19928	0.101809	1
17	13.5689	28.9056	-0.0591259	0.320521	1
17	5.45694	11.8018	-0.602617	-1.05598	1
17	8.17953	1.50057	0.207763	-1.11962	1
17	11.5829	36.6281	-0.477056	-1.0699	1
17	13.9474	0.257496	1.3008	-0.342187	1
17	10.8698	34.2331	0.0669043	-0.764772	1
17	29.5599	33.2761	1.47166	-0.316487	1
17	11.274	4.44881	1.41296	-0.233319	1
17	13.3689	30.7649	1.25801	-1.7201	1
17	26.3273	38.8388	-1.21612	2.37115	1
17	15.0864	4.61464	0.0482331	0.77612	1
17	18.5251	29.2872	0.0246542	0.600174	1
17	21.998	3.75342	0.587958	0.147839	1
17	23.9796	36.8185	0.0944488	-0.0751543	1
17	29.3386	8.71335	0.522004	1.17038	1
17	34.1202	4.8618	-0.234732	0.746992	1
17	28.2721	0.641701	1.42908	-0.254991	1
17	28.1055	13.7663	0.381474	-0.262999	1
17	29.4142	0.102277	0.175256	0.531827	1
17	31.642	0.496574	-1.60543	0.169062	1
17	1.00353	35.2708	-1.32451	1.38008	1
17	29.7086	3.12938	-0.543447	1.38947	1
17	24.5135	39.3607	-0.233028	-1.92818	1
17	39.9088	8.61984	-0.183585	-0.474786	1
17	37.2473	34.9093	0.358441	1.18767	1
17	38.8873	8.25423	-0.286223	-0.0362442	1
17	39.7622	6.36027	-0.866242	0.335322	1
17	8.48769	7.33198	0.146247	1.31219	1
17	3.80863	3.76289	-0.561453	-0.122406	1
17	1.33033	11.1171	0.902022	-0.751294	1
17	37.6519	3.82077	-0.277244	0.748844	1
17	19.5422	12.5303	-0.11367	1.49829	1
17	39.0197	17.0196	-0.696466	-1.86925	1
17	0.335921	7.5559	-1.27396	1.05059	1
17	16.6065	10.4102	0.393714	0.319104	1
17	14.2327	37.4364	-1.22174	-1.30725	1
17	17.1959	5.73152	0.7324	0.147899	1
17	17.0988	35.8163	1.06265	2.16116	1
17	10.4267	0.352943	-0.266429	0.45559	1
17	14.2115	12.2184	0.932049	-0.39499	1
17	21.7924	38.4273	0.320304	-0.866515	1
17	24.9274	36.1641	1.3864	0.0494231	1
17	27.9908	35.5768	0.323355	0.828859	1
17	23.807	0.847356	-1.03388	-0.36887	1
17	9.21274	0.202955	0.691201	0.103214	1
17	27.0523	37.9055	0.208094	0.204822	1
17	20.8033	10.2055	-2.18122	0.587781	1
17	21.2596	5.23062	-0.627408	0.490401	1
17	31.2323	4.74273	-0.860512	-0.657181	1
17	26.5713	2.69558	0.266098	-0.608747	1
17	39.7894	14.3213	1.45117	0.04695	1
17	24.502	6.23962	0.651941	-0.50696	1
17	39.1409	37.6336	1.11888	-0.0618205	1
17	38.8402	7.10348	0.445358	-0.291936	1
17	37.0966	6.83168	2.55544	-0.708703	1
17	30.6917	9.75493	0.530124	1.27459	1
17	30.092	36.8026	-0.263049	-0.233947	1
17	37.8244	36.1682	0.332471	-0.346515	1
17	14.4229	8.82443	0.715651	-0.829519	1
17	36.9607	16.8647	-0.718234	-0.10632	1
17	37.6586	20.0872	-0.714269	1.2117	1
17	8.73604	2.40788	2.06353	0.790377	1
17	3.12438	6.95964	0.391324	1.01792	1
17	6.6	3.58589	1.69395	-0.225773	1
17	2.6771	39.5733	-0.297779	1.35936	1
17	8.73462	3.65564	-0.899134	-0.651348	1
17	13.8856	15.1579	-0.230397	-0.625836	1
17	4.36961	38.785	-0.128224	-1.13402	1
17	9.19461	5.28843	0.650114	-1.72517	1
17	21.1587	9.25477	0.422537	-0.968587	1
17	8.25246	6.16896	-1.84509	0.154962	1
17	16.3346	4.82439	1.02982	0.228212	1
17	11.3669	35.2855	0.0753041	0.0085162	1
17	26.6061	1.61885	-0.261785	0.312895	1
17	25.8556	4.10702	-0.242227	1.63267	1
17	15.0915	0.180691	0.093308	-1.04653	1
17	22.6579	31.8352	-0.822191	0.628416	1
17	23.3667	3.84986	0.176661	-1.04988	1
17	28.7232	2.98346	-1.20474	0.189606	1
17	36.0567	1.53625	-0.336439	-0.596963	1
17	22.3117	5.03929	-0.131219	-0.878628	1
17	27.8621	4.25713	-2.18631	-0.815394	1
17	31.4013	8.26917	2.01654	1.08921	1
17	28.0844	38.0624	1.04797	0.777751	1
17	31.7684	2.47218	0.104864	-0.209598	1
17	36.8775	0.821241	0.989056	0.541087	1
17	5.38036	34.2191	0.321402	0.0166198	1
17	35.1815	10.9674	0.308386	1.47873	1
17	0.270711	9.63579	-1.05405	0.242646	1
17	34.8502	9.36541	-0.491781	0.377808	1
17	30.1978	4.67194	0.605292	-0.122649	1
17	3.00911	35.5263	0.59779	0.0453096	1
17	33.6203	14.3567	-2.48907	0.565362	1
17	0.768674	12.001	0.711834	0.198909	1
17	4.55337	8.20759	0.687878	1.50124	1
17	1.4408	7.06514	0.704862	-0.209253	1
17	6.13807	7.80315	-0.25837	-1.92008	1
17	38.5091	14.9605	-0.151086	-0.234815	1
17	3.79998	1.73759	0.293086	0.4809	1
17	7.69946	2.81708	1.03216	-0.572812	1
17	4.31675	31.4745	0.617736	0.1275	1
17	16.0333	39.6114	0.645349	-0.358172	1
17	19.7076	5.2211	2.08876	0.116305	1
17	12.6808	36.7602	-0.299524	-0.21161	1
17	11.1791	32.3119	0.384852	-0.389224	1
17	9.1544	6.5327	0.0147229	-0.308339	1
17	16.7997	37.8777	1.37327	0.858739	1
17	13.701	4.86609	1.56964	-0.587864	1
17	23.394	6.81651	0.27811	-2.16517	1
17	22.3682	37.5606	-0.739016	0.111603	1
17	24.7935	3.66912	0.284922	-0.528068	1
17	26.4359	7.06022	-0.530603	-2.24618	1
17	29.0644	7.74888	-3.32908	-0.946479	1
17	17.3499	11.1264	0.511177	0.1451	1
17	19.422	11.0217	0.680112	0.738345	1
17	16.1399	3.40569	-0.0309334	0.223165	1
17	17.6802	7.15919	-0.942572	0.589911	1
17	35.6289	2.72256	0.436818	-0.491684	1
17	24.1324	38.1017	-0.736257	-1.62055	1
17	31.4513	3.61901	-1.13122	0.00549455	1
17	39.3801	2.54249	-0.132207	0.0475895	1
17	25.3918	1.85179	0.722936	-2.73431	1
17	11.9462	34.4304	0.568088	-0.899944	1
17	33.5901	11.2428	0.599349	0.434415	1
17	0.104671	5.33887	-0.338883	-0.64619	1
17	30.6919	15.4911	1.59617	1.20195	1
17	34.5644	6.0871	1.4376	-0.153465	1
17	0.907132	6.07505	1.06898	1.05707	1
17	36.3276	10.8413	0.466373	-0.0673885	1
17	2.16492	0.463494	-0.840116	-0.544174	1
17	38.0485	2.71359	-0.435214	-0.501132	1
17	3.1132	5.80612	-0.398965	0.490944	1
17	4.87395	12.9251	1.18352	1.02502	1
17	10.0814	4.45789	0.537787	0.965899	1
17	16.3737	33.8422	0.357577	0.507329	1
17	11.1618	8.41987	1.73573	0.0112116	1
17	15.0373	35.231	1.14355	-0.0486363	1
17	15.3722	34.3007	0.370757	0.181423	1
17	15.8576	11.2795	-0.0103257	2.88607	1
17	14.1066	1.36591	-0.116017	-0.281992	1
17	15.3112	9.65637	0.139601	-0.275037	1
17	23.2332	38.688	1.79136	0.632211	1
17	21.4385	13.7141	2.23479	1.00877	1
17	20.6199	8.20814	2.06813	0.433999	1
17	28.9389	21.6561	-1.18589	2.0295	1
17	28.2303	18.2777	0.235481	0.709936	1
17	22.6724	2.92585	0.05142	-0.00845584	1
17	25.0065	10.0927	-0.46007	0.516915	1
17	30.627	17.9403	0.899544	1.89995	1
17	32.2827	4.36554	-0.0267249	0.337195	1
17	27.4027	38.9906	-0.924652	-0.972599	1
17	27.2164	6.39147	-0.883939	0.472185	1
17	38.0893	5.85035	-1.20767	-0.888098	1
17	35.0268	7.9478	-0.262311	0.797226	1
17	1.78708	5.22297	-0.522216	1.00511	1
17	37.7192	37.5836	0.0303711	-0.402013	1
17	38.0728	12.836	0.383537	-0.250908	1
17	35.5901	18.5037	0.142143	1.09408	1
17	38.2162	10.8824	-0.475096	1.16634	1
17	3.07861	12.5902	0.375319	1.25872	1
17	4.64846	15.5676	-0.654053	-0.191114	1
17	2.21285	3.74803	0.24603	0.920433	1
17	13.6136	7.39154	-0.778755	0.402424	1
17	20.8895	14.9806	0.478328	-0.56485	1
17	13.6953	6.12691	-0.512631	1.00481	1
17	18.136	13.2067	1.34197	-1.05846	1
17	16.0395	12.5852	0.159089	0.094556	1
17	20.0509	37.0892	0.865744	0.0970987	1
17	12.096	39.2215	-0.488771	1.7958	1
17	22.2878	36.5209	0.551536	-0.779762	1
17	17.168	8.36277	0.356108	-0.175557	1
17	19.3528	8.48685	0.189196	-1.42454	1
17	11.2121	10.9972	0.852319	-0.882844	1
17	23.8854	2.96808	-0.0103078	-2.06998	1
17	17.0061	39.0019	2.02937	1.09666	1
17	18.8782	36.2362	1.35669	-0.164452	1
17	31.1114	19.0084	-1.13971	0.743215	1
17	25.5803	39.7433	1.297	1.08703	1
17	34.1526	3.77615	0.720891	0.940725	1
17	19.1763	17.2542	-1.40128	-1.14233	1
17	29.856	6.85637	-0.868013	-1.42838	1
17	22.4402	14.3295	-0.313567	-0.30817	1
17	33.3362	16.4251	0.501449	0.708235	1
17	30.9717	7.17811	-0.324109	-1.46295	1
17	32.4563	8.54528	0.0275107	0.838515	1
17	2.84051	10.1181	-0.357486	-0.79403	1
17	33.2844	9.41991	-1.25864	-0.807547	1
17	33.1772	5.94762	0.776473	-0.148986	1
17	31.7868	15.7188	-1.11258	0.73082	1
17	32.5232	11.6118	0.0844697	0.230838	1
17	34.1446	10.3459	-0.588153	-0.100587	1
17	35.4436	22.6027	-0.9842	1.94798	1
17	37.2542	13.4818	-0.954092	0.211554	1
17	5.05396	14.0393	0.19966	0.383908	1
17	4.1166	6.57944	-1.45	-0.0280487	1
17	2.55094	8.12358	-0.422869	0.580779	1
17	36.0772	15.0203	1.48143	0.619811	1
17	19.7943	15.3798	1.12243	-0.726522	1
17	39.3165	13.1715	0.379446	0.438554	1
17	12.9511	2.82905	-0.36404	-1.31846	1
17	6.77473	9.91448	0.917642	-0.758688	1
17	8.78982	9.30532	-0.610465	-0.528392	1
17	17.0909	34.6728	0.392972	-0.631662	1
17	15.6634	37.2397	-1.76327	0.436967	1
17	13.8803	35.9451	-0.0949375	0.105898	1
17	11.9219	3.15456	-0.784345	0.444451	1
17	22.0505	6.33047	0.592825	1.27032	1
17	19.8262	2.06093	0.0235687	0.0695431	1
17	14.9793	13.0785	0.38016	0.49	1
17	24.8796	0.481342	-0.867584	0.585772	1
17	25.3351	5.11076	0.601844	-0.358535	1
17	27.1595	9.75441	0.592357	-0.561714	1
17	25.681	9.2579	0.246914	-0.881079	1
17	29.3816	11.0221	0.0294031	-0.812862	1
17	27.9087	12.6085	1.77244	-0.105885	1
17	27.0028	11.7723	-1.10774	0.00419684	1
17	36.3857	13.036	1.04621	-2.17912	1
17	34.3045	38.3011	0.945311	0.68073	1
17	38.1543	8.97731	-0.845247	0.116667	1
17	28.9004	5.11189	0.694674	-0.524639	1
17	32.8809	13.6518	0.450752	-1.58	1
17	29.5867	5.78613	-0.0898857	0.105538	1
17	35.6945	36.4347	-0.593342	-1.34535	1
17	29.2823	4.14546	-0.759182	-1.61828	1
17	35.257	21.564	-0.215949	-0.0625354	1
17	4.84928	20.1196	-0.603484	-1.13437	1
17	0.30878	2.97883	-0.356774	-0.383527	1
17	2.85455	13.8986	1.26269	0.680867	1
17	5.76313	17.423	-0.5955	-2.49942	1
17	0.289851	11.0778	-0.577961	0.723551	1
17	18.065	37.3634	-1.75164	0.625849	1
17	19.901	16.581	-2.31983	0.707728	1
17	3.85214	9.9371	-0.060131	0.0264015	1
17	7.26738	15.9041	0.307406	0.511339	1
17	18.7234	7.0508	-0.581803	0.241806	1
17	17.0597	36.8404	-1.13499	0.540332	1
17	18.5613	10.4021	-0.690969	0.326335	1
17	15.1582	16.8813	-0.302365	1.12957	1
17	15.9209	8.70146	-1.61637	0.918349	1
17	28.3892	6.05181	0.0283787	0.579819	1
17	20.9362	1.03503	-0.176146	-0.306573	1
17	30.3344	8.64985	0.138233	-0.219366	1
17	21.8723	8.4723	1.65761	-0.934149	1
17	23.8636	9.80957	2.72284	-0.22684	1
17	33.3628	6.88404	-1.67939	0.612627	1
17	20.8934	11.7646	0.457028	0.935102	1
17	22.1791	17.9347	0.488228	-0.115723	1
17	15.7279	13.8593	-1.36144	2.32584	1
17	30.1921	11.9326	-0.0836122	-0.115782	1
17	21.0387	6.86789	0.764748	-1.27079	1
17	36.0013	7.22266	1.70666	0.104134	1
17	29.4774	9.98858	-1.80044	1.75575	1
17	25.9729	16.9518	-0.84538	0.0995847	1
17	31.756	21.3825	2.19148	1.46794	1
17	5.72622	14.8455	-0.17105	-0.590881	1
17	2.78986	16.0684	0.0756816	0.489059	1
17	0.625909	23.3129	-2.09577	-0.0714906	1
17	10.6176	17.5935	-0.625436	-1.83272	1
17	4.85734	9.46528	-0.410238	0.61767	1
17	36.2812	9.6682	0.637805	-1.0665	1
17	12.0176	37.5081	2.025	-1.14855	1
17	12.904	12.7961	-0.858775	0.7359	1
17	9.60134	8.52699	0.758179	-0.706648	1
17	2.23816	9.2326	0.672531	-1.68149	1
17	8.12364	4.82454	-1.27355	-0.841525	1
17	2.64886	11.4204	-2.31469	0.371364	1
17	7.79055	21.9432	-0.311981	0.689167	1
17	17.4679	9.8159	0.889446	1.70216	1
17	10.2338	9.45109	0.725601	0.00363462	1
17	8.87665	13.1275	0.324031	-0.372285	1
17	20.3566	13.1823	-0.00237262	-0.0132176	1
17	12.0909	1.91927	-0.268437	0.396962	1
17	30.9948	12.7969	-0.711744	0.367999	1
17	15.6716	5.7099	0.480071	0.224286	1
17	25.4186	6.71673	-0.886309	-0.122499	1
17	12.2156	4.96964	1.09406	-0.589746	1
17	17.445	4.68365	-2.01619	0.31739	1
17	25.2927	11.0512	1.17005	-1.9473	1
17	23.9258	11.1513	0.00541452	-1.39484	1
17	17.3671	17.8685	1.15748	1.02823	1
17	29.9855	13.3256	-0.234793	1.19032	1
17	22.4091	9.30395	-0.587645	-0.14215	1
17	26.6615	19.7198	-1.14892	-0.423977	1
17	29.5953	20.895	0.455981	-1.20648	1
17	36.2564	8.53446	0.624975	-0.462477	1
17	22.6423	12.5118	0.721383	0.496455	1
17	35.9753	16.3993	-1.63484	-0.934272	1
17	32.1554	12.5824	0.510151	-2.90526	1
17	31.021	14.3889	0.5516	0.774062	1
17	2.85817	21.7978	0.0260523	-0.0709963	1
17	36.5318	19.1822	2.0769	2.67867	1
17	0.522653	17.1693	-1.26993	1.18946	1
17	5.30559	3.43098	0.504494	0.855007	1
17	3.97945	12.103	1.10276	0.221839	1
17	38.6612	9.94208	0.210152	1.53374	1
17	8.71769	10.2906	-0.533057	0.987098	1
17	14.1823	9.84766	0.235142	-1.96973	1
17	9.41339	17.9045	-0.330565	0.511912	1
17	11.7285	9.54302	-0.76306	-1.80706	1
17	11.1533	5.42857	-0.397724	1.01118	1
17	11.4002	15.5644	0.211663	0.0807292	1
17	17.8141	0.140272	0.511103	-0.848861	1
17	17.7192	16.4866	1.28852	-0.522678	1
17	18.8665	15.0913	1.38668	1.01806	1
17	23.5078	5.77727	1.35948	0.315126	1
17	27.0049	13.2682	0.591515	0.318755	1
17	19.7639	9.63541	2.4641	0.00263997	1
17	32.1158	7.47696	-0.923619	1.28505	1
17	26.3803	5.69357	0.190212	-1.73983	1
17	25.0669	14.7124	-1.7503	0.456182	1
17	28.0122	7.79552	0.875813	-0.866685	1
17	30.4316	23.4888	-0.819546	1.43316	1
17	29.2769	15.0104	0.224477	-0.258419	1
17	27.2973	18.9989	1.40506	1.31015	1
17	26.6378	16.1545	1.75267	-0.56993	1
17	34.234	21.3924	0.319257	-1.27679	1
17	33.4543	12.1867	0.332229	0.236769	1
17	25.6523	3.14107	-1.83882	1.36226	1
17	32.4809	14.7199	-0.0182553	-0.624154	1
17	31.7922	13.6523	0.445261	-1.32374	1
17	37.8835	4.87564	0.514299	1.75301	1
17	28.4477	9.52437	0.29007	-0.192701	1
17	2.00893	13.1183	-0.875024	1.22379	1
17	36.6273	26.2883	1.28072	-0.530481	1
17	37.8437	17.7541	-0.173691	2.72894	1
17	15.928	38.4003	-0.580486	-0.668279	1
17	3.11778	14.9803	0.0741975	-0.0407185	1
17	8.18963	12.2934	-0.246846	0.00915098	1
17	35.647	13.8108	0.209511	0.189091	1
17	7.97734	19.6044	-0.894839	-1.0035	1
17	12.4113	10.7129	-0.732857	-2.8725	1
17	10.131	10.5542	-0.431053	-0.346038	1
17	13.476	18.3593	-0.908332	-0.351228	1
17	15.6183	15.9394	-0.98866	1.47234	1
17	7.47207	10.6997	0.184972	2.13333	1
17	8.09818	14.7881	1.93424	1.19918	1
17	8.63656	20.7478	-0.44285	0.166061	1
17	11.8301	12.7027	-0.615703	0.173754	1
17	10.4249	15.4633	-1.50711	0.42597	1
17	9.65203	7.4789	1.15981	1.87241	1
17	16.4948	16.9222	-0.341292	-0.86242	1
17	20.0545	14.1694	-1.29394	1.84413	1
17	26.3344	8.23663	-0.128653	-0.899563	1
17	18.1836	9.05166	0.913464	-0.411172	1
17	27.7148	16.8475	-1.31339	0.0499299	1
17	25.222	7.73975	1.04329	0.717263	1
17	37.4952	11.5708	-0.715612	-1.51665	1
17	27.7978	10.7237	0.71489	-1.34988	1
17	33.4152	25.2491	-0.665462	-0.0622332	1
17	31.7829	10.6659	1.03258	0.65076	1
17	39.5102	22.9389	-0.278311	1.77894	1
17	34.0011	19.0088	-0.262927	0.844591	1
17	39.8923	18.1758	-1.87816	-1.43342	1
17	17.3206	3.60278	-0.325769	0.774932	1
17	7.87079	17.0026	1.00818	0.279076	1
17	17.3573	22.9725	1.38195	-0.45057	1
17	31.2273	24.3474	-0.274618	-1.95845	1
17	1.00833	13.3337	0.295395	1.65422	1
17	1.13271	8.68132	0.567793	0.791609	1
17	5.80177	25.517	-0.627633	0.600159	1
17	13.9839	20.1472	-0.597763	-0.558126	1
17	5.6567	15.9456	-0.653726	1.17182	1
17	7.13208	13.8145	-0.459018	0.285065	1
17	1.69813	18.9033	-0.46357	-0.413911	1
17	39.3759	11.8565	-1.34685	0.204309	1
17	24.9477	12.1105	-0.311775	0.780877	1
17	38.0334	16.3875	-2.00333	0.0587138	1
17	12.3295	14.9888	0.584853	-0.421175	1
17	13.1013	9.66858	-0.783435	1.19403	1
17	16.3294	17.9067	-0.314551	0.191896	1
17	24.0592	4.63096	-0.882863	-1.65048	1
17	3.28997	9.02043	-1.63188	-1.6916	1
17	12.1477	25.6583	-0.501777	0.0755652	1
17	14.9288	10.7644	-1.16206	-0.218556	1
17	22.8016	27.9562	0.14679	0.278607	1
17	14.9447	21.8467	-1.30114	0.038123	1
17	23.2885	17.6324	-0.418489	1.41935	1
17	25.2656	15.9618	-0.218164	-2.21112	1
17	37.9326	28.1769	2.24492	-1.50664	1
17	32.2427	16.964	-1.03344	0.178102	1
17	30.4145	19.8452	1.25027	0.447792	1
17	32.9259	10.4126	2.52493	-0.659107	1
17	26.0746	12.4748	-0.718626	-0.767868	1
17	23.0013	29.7937	-0.278915	0.654434	1
17	30.9876	16.8811	-1.26874	-0.669288	1
17	37.0727	15.702	1.14021	1.59913	1
17	29.5881	24.152	-0.198457	0.320562	1
17	30.6814	20.7927	-0.817654	0.0215078	1
17	37.4685	21.4235	2.08032	-2.11405	1
17	12.1216	13.8351	-0.704485	0.210563	1
17	5.98082	13.3674	-0.724422	-0.247118	1
17	3.81626	13.3522	-0.277039	0.529888	1
17	13.2299	13.7645	-0.264135	-2.50733	1
17	0.837604	24.6169	0.796163	1.33714	1
17	2.96913	20.323	0.0130063	0.701115	1
17	38.1481	24.682	0.0569061	0.137081	1
17	2.92235	18.2536	1.32391	0.209141	1
17	6.489	11.4352	-0.279764	0.77614	1
17	4.19077	14.6265	1.25534	0.731002	1
17	12.9516	19.4011	-1.18272	-0.238709	1
17	4.85958	16.7337	-0.757736	0.249264	1
17	17.2018	20.368	-0.63913	-0.524762	1
17	19.6164	20.1955	2.15846	-1.00991	1
17	15.0113	20.6309	-0.245495	-0.317738	1
17	16.4844	7.04449	0.644737	-0.749713	1
17	16.7412	15.7254	1.15486	-0.182918	1
17	23.7468	12.2554	1.05824	-0.777916	1
17	24.2947	15.5764	-1.181	-0.353655	1
17	23.1983	8.32409	-0.415741	-0.534064	1
17	15.9252	19.9643	-0.907618	1.13602	1
17	21.8605	24.0821	0.741244	-0.334458	1
17	25.5521	26.4189	0.419836	0.557145	1
17	23.0054	24.7267	1.22318	0.25038	1
17	26.0942	21.7056	1.82379	-1.34303	1
17	33.7133	39.5297	-0.035504	0.599658	1
17	27.9234	28.0774	-0.762312	0.880756	1
17	35.7142	19.8726	-0.666689	-1.34287	1
17	38.1431	1.31979	0.178352	-1.18864	1
17	29.8811	16.6883	-0.96032	1.21555	1
17	34.0886	13.1155	0.545179	-2.12033	1
17	33.545	15.4708	0.490941	-0.345877	1
17	1.02474	22.3545	-0.00880706	1.57251	1
17	8.67356	18.7288	-0.098158	0.132712	1
17	5.27859	19.0554	0.150591	-2.74697	1
17	10.097	20.6343	0.448733	0.263473	1
17	1.91271	14.3855	0.965702	-1.1657	1
17	6.48594	16.5995	-0.85055	-0.96927	1
17	5.69191	29.446	-0.60081	-0.281654	1
17	0.704614	19.3188	0.184455	0.991036	1
17	3.69776	16.5672	0.0926208	0.267198	1
17	6.60341	12.4484	1.73815	0.300569	1
17	15.1041	19.3238	0.143654	-0.505121	1
17	7.57812	23.071	-0.419109	1.59402	1
17	10.4657	23.9524	1.50483	-0.373069	1
17	10.5903	16.4645	0.315165	-1.04376	1
17	16.9283	12.0382	-0.749846	1.33322	1
17	15.8809	21.0552	-1.01336	-0.944543	1
17	4.1286	20.8258	1.59733	0.209705	1
17	8.46379	29.1186	-0.762565	0.642184	1
17	35.1553	12.771	-0.796299	-0.79904	1
17	17.1159	18.8709	-0.863129	-2.27849	1
17	19.2014	13.6408	-0.264545	0.295394	1
17	31.0994	5.9163	-1.26152	0.108943	1
17	24.4768	8.72421	-0.885102	-1.00755	1
17	20.3201	18.4588	0.556934	1.79662	1
17	19.1052	27.6684	1.6023	-0.391737	1
17	32.2416	5.37485	-0.991716	-1.07119	1
17	25.4696	20.5281	0.733414	-0.449765	1
17	28.4617	23.6983	0.0102572	1.25234	1
17	38.2139	32.8053	-0.941607	-0.018972	1
17	7.55087	18.4991	-0.497249	1.85953	1
17	32.7797	22.0619	-0.0707417	0.229047	1
17	29.6588	19.1814	-0.611035	-0.891665	1
17	1.56032	17.7842	0.712674	0.421358	1
17	38.8189	18.3798	0.323784	1.3064	1
17	28.8885	16.4708	0.0251655	0.275578	1
17	1.66329	16.6235	2.20288	-1.14741	1
17	6.72819	14.7438	-1.23571	-0.112977	1
17	1.74036	23.5329	-1.92853	-1.8147	1
17	8.72942	26.8939	0.846869	0.538297	1
17	4.72879	25.5296	-0.459704	0.409388	1
17	14.7675	38.4622	1.60825	-0.992319	1
17	13.6486	10.9772	0.0335026	-1.1401	1
17	10.1968	12.5568	-0.513986	-0.794417	1
17	7.16622	8.6657	-0.390363	0.462374	1
17	14.585	14.2422	1.47704	-0.1393	1
17	17.0629	13.3097	-0.878406	0.013826	1
17	21.8448	15.3904	-1.72894	0.566975	1
17	12.2866	18.6598	1.35863	-0.333104	1
17	16.8438	14.6028	0.571029	-0.464839	1
17	5.29373	21.7405	-0.948752	0.501594	1
17	22.3514	16.8849	0.299321	-0.439844	1
17	21.281	18.9201	0.115403	0.207249	1
17	24.7512	27.2473	-1.12243	-1.25569	1
17	28.55	11.7775	0.161219	-2.10962	1
17	21.0742	17.7644	1.08369	-1.0129	1
17	22.22	27.0776	-0.743589	0.572166	1
17	15.4117	14.9077	-1.28438	-0.751587	1
17	31.2444	22.6023	-0.640936	1.56558	1
17	33.678	26.3462	1.25988	1.52054	1
17	38.449	13.9916	-0.116933	-0.42341	1
17	31.5142	19.9789	-0.094615	-2.19369	1
17	32.1357	31.0755	-0.195169	0.00974238	1
17	27.9197	14.8249	0.167655	-0.327392	1
17	37.6692	18.9875	0.333938	0.18487	1
17	33.4754	24.0554	0.161285	-0.847537	1
17	39.4086	26.3766	-0.979488	-0.127589	1
17	31.4132	11.7539	0.239339	0.0182772	1
17	38.5892	21.277	0.00667233	-0.00729165	1
17	5.41684	23.0662	-0.138203	-0.996855	1
17	36.3091	21.8585	-0.289598	-0.333573	1
17	37.6303	26.3184	-0.774873	0.455849	1
17	36.746	17.9678	-0.720314	-1.16931	1
17	9.79493	11.5585	-0.927687	-1.03031	1
17	2.26162	24.73	2.46441	-1.20189	1
17	1.78385	20.0109	-0.479416	1.13621	1
17	8.17903	8.40454	-0.314133	-0.0451523	1
17	6.9657	17.697	-1.31595	0.531882	1
17	9.40013	16.7018	-0.100302	-1.15704	1
17	24.1996	19.4544	-0.950242	0.658651	1
17	18.9633	16.1021	-1.02713	0.261801	1
17	22.0836	10.343	-2.60729	0.972497	1
17	24.2105	7.73433	-0.448953	-0.331342	1
17	20.9663	16.3928	-0.0681463	0.261033	1
17	18.8042	22.0942	0.132885	1.61982	1
17	14.2259	25.6196	-0.875384	-0.961953	1
17	26.654	10.7279	-1.71055	1.48825	1
17	30.4278	10.7379	0.714585	1.68565	1
17	34.9109	26.0264	1.70909	-0.592772	1
17	28.3744	20.7031	0.454156	-0.440712	1
17	28.7124	31.1473	-0.430666	1.02419	1
17	24.2817	31.7205	1.82132	-1.45364	1
17	25.2858	22.3179	1.0806	1.10214	1
17	36.151	24.0935	0.830654	0.00566183	1
17	23.0355	15.8813	1.23364	-1.66613	1
17	38.242	22.5263	0.195811	1.50163	1
17	27.9284	24.7301	-0.550007	-0.640862	1
17	35.9026	29.2982	0.639034	0.608136	1
17	38.998	19.3417	0.18251	0.436699	1
17	4.3083	23.0448	0.239887	-0.713515	1
17	0.817116	20.4439	1.21172	0.895146	1
17	4.72095	10.8824	1.31186	-0.582655	1
17	26.9299	14.6827	-0.700715	-0.383121	1
17	39.6909	20.9513	0.593008	-0.310582	1
17	37.116	14.5785	-1.55626	1.53138	1
17	9.72716	21.6802	1.62007	0.666812	1
17	6.76675	24.969	1.52452	0.0884311	1
17	12.2161	8.20607	0.902605	0.731816	1
17	2.44426	17.2747	0.408229	-0.777471	1
17	37.2873	22.9509	-0.288949	1.0845	1
17	2.29672	25.8722	0.100278	0.926638	1
17	1.76856	15.4315	-0.607014	-0.410069	1
17	18.638	21.034	-1.94168	-0.198441	1
17	7.79354	24.5556	-1.96144	-1.52253	1
17	28.3024	22.5467	0.117281	-0.102783	1
17	16.0311	22.2556	0.95594	-0.827054	1
17	23.4041	13.5626	-0.0362992	-0.0944539	1
17	22.7334	22.5747	0.445358	1.56773	1
17	21.3616	27.6568	-0.497276	0.164484	1
17	20.632	22.0056	-0.980399	0.395467	1
17	21.2492	28.6644	0.638592	-1.14704	1
17	23.8082	22.4139	-0.00108311	-0.269539	1
17	15.4575	25.2778	-0.758953	1.60883	1
17	26.881	20.8806	0.130777	1.92492	1
17	24.1167	24.7526	-0.538418	0.138566	1
17	24.3216	20.6733	0.148705	0.200362	1
17	32.4816	3.36669	-0.739379	-1.46123	1
17	25.9757	15.1246	0.520041	-0.552495	1
17	37.0439	29.7249	-0.00172053	-0.296975	1
17	31.2474	25.6277	0.330524	1.69679	1
17	33.0829	17.6105	-0.184577	-0.725236	1
17	0.198708	25.5056	-0.994824	-2.10325	1
17	39.2744	32.699	-0.660006	-1.40673	1
17	9.3209	19.8497	1.22737	-0.0742967	1
17	5.776	24.1156	1.67173	0.927698	1
17	31.2053	26.9643	0.199385	0.560704	1
17	39.6672	24.0297	1.24684	-0.326968	1
17	10.0926	18.6819	0.547881	0.723197	1
17	0.665259	26.6955	0.37176	-1.31698	1
17	11.5279	23.8709	0.618422	-0.864593	1
17	12.8193	17.4749	-0.345388	-2.27287	1
17	6.65023	22.5764	1.54138	-2.61881	1
17	13.9332	22.9933	-0.185092	-1.05767	1
17	15.0029	23.094	0.958355	-1.12025	1
17	4.56392	24.2996	-0.979218	0.438897	1
17	14.6169	30.0849	0.351493	0.466393	1
17	11.1938	18.6103	1.23497	1.38485	1
17	29.3084	12.4422	-0.952515	1.14498	1
17	25.1941	19.1887	-0.0616905	-1.04586	1
17	19.4761	19.1115	0.560918	-1.28107	1
17	20.949	26.6523	-0.817111	1.42067	1
17	18.8218	24.0996	0.880062	-0.421736	1
17	17.6275	15.3614	0.110693	-0.461921	1
17	25.5675	17.8351	-0.779985	-0.550637	1
17	26.2201	23.0423	0.810938	-0.950353	1
17	21.0515	21.0587	-0.357038	-1.1675	1
17	25.4923	29.6503	-0.995681	0.424397	1
17	31.3779	30.2656	1.16815	1.88661	1
17	17.4809	24.1643	-0.265645	-1.12734	1
17	39.7208	30.1459	2.01388	-0.0195898	1
17	24.1144	23.4591	0.360725	0.191469	1
17	0.397596	32.3007	-0.868164	0.0461953	1
17	23.064	23.7351	0.157395	-0.639464	1
17	30.501	21.9875	-0.411531	-0.149412	1
17	36.5308	34.1231	0.701793	-1.48676	1
17	37.1942	24.149	1.68194	-1.0448	1
17	34.6346	24.8138	0.0512534	0.0646948	1
17	38.3482	27.218	-0.894654	0.961161	1
17	2.181	30.3264	0.252296	2.53935	1
17	11.683	19.5791	0.880759	-0.935232	1
17	0.0970907	34.8405	0.41703	1.44201	1
17	8.39725	30.752	-0.949022	0.319936	1
17	18.1275	19.3893	-0.758175	-0.793037	1
17	3.48816	25.115	-1.25773	-0.379154	1
17	22.3274	19.5688	-1.59306	0.842589	1
17	8.3235	27.9795	-0.570291	0.149608	1
17	6.11611	19.5304	0.538255	-0.126574	1
17	12.9658	20.6724	-0.638273	0.845828	1
17	12.3558	24.6398	0.246191	-1.4274	1
17	17.9875	14.2081	0.261904	1.65192	1
17	9.71658	24.6686	1.51971	-1.63819	1
17	26.0984	13.9529	0.435332	-0.426147	1
17	12.2029	26.9491	-0.39542	0.586648	1
17	10.2521	35.5617	-0.995405	0.465183	1
17	23.8207	14.5988	-0.516731	0.0354701	1
17	23.835	16.5607	-0.138345	-0.664619	1
17	26.0826	24.1389	-1.50105	-1.09001	1
17	23.208	20.6291	-0.0561042	1.47239	1
17	23.5198	28.7461	-0.397371	-0.268019	1
17	20.628	25.6797	-1.19605	0.30216	1
17	23.1578	18.8778	1.20377	1.14817	1
17	24.8718	30.7834	-0.175932	-0.123934	1
17	25.3941	34.4028	-0.721648	-0.904136	1
17	34.479	31.8477	1.23211	0.604012	1
17	1.3576	37.8386	0.0445743	0.94775	1
17	37.1647	27.2196	1.6087	-0.792898	1
17	3.88227	21.8598	-2.31575	0.136212	1
17	37.6549	31.4501	-1.50085	2.05126	1
17	35.5661	31.4595	0.37343	0.325371	1
17	28.1694	34.306	1.3519	-0.549831	1
17	8.32967	16.0657	0.231578	-0.886601	1
17	6.11042	20.6527	-0.228167	-0.656832	1
17	38.6785	28.9848	-0.244784	-0.0199703	1
17	0.0224313	33.4038	-1.40273	-2.05727	1
17	10.4505	30.2707	-0.0171836	0.939823	1
17	9.01418	23.8187	0.13447	0.0658212	1
17	4.1695	29.9071	-2.09146	1.80893	1
17	10.2179	25.6711	-0.275274	-0.0198462	1
17	9.37787	15.5461	1.20554	0.585844	1
17	19.8905	21.2794	0.0334193	-0.672213	1
17	22.0793	20.9475	-0.328959	0.0721593	1
17	11.3971	24.9143	0.695364	-1.26314	1
17	15.6241	29.9762	-0.603582	-0.112905	1
17	25.2642	25.1272	-1.35583	1.63263	1
17	19.4568	23.032	-0.468088	2.28395	1
17	8.6839	22.5877	0.0878571	1.28937	1
17	26.875	17.8276	0.951757	1.28268	1
17	23.1011	25.8454	0.305719	-0.048761	1
17	24.6219	13.6758	-0.325393	0.898993	1
17	21.7894	25.1188	1.34988	1.43733	1
17	26.3266	33.1655	-1.55628	-1.52096	1
17	32.9014	38.697	-0.358667	-1.22465	1
17	36.9826	28.6717	0.283138	-0.150302	1
17	35.3961	34.064	0.27589	1.18838	1
17	29.6273	22.7523	-0.375573	0.333616	1
17	1.40322	32.8334	-1.66931	1.06672	1
17	27.1666	23.5779	0.62214	0.104338	1
17	35.0556	23.6872	1.11338	0.509944	1
17	35.1549	35.4856	-0.287723	0.464796	1
17	37.2338	25.3073	0.0348751	0.606089	1
17	1.44593	31.7904	-0.217832	0.847798	1
17	31.6884	17.854	0.445394	0.194247	1
17	39.8259	31.1909	0.298043	0.11338	1
17	25.6009	31.7551	1.98791	-1.01397	1
17	1.2632	25.5571	0.444264	-0.844729	1
17	6.68707	1.24912	-0.906036	-0.980759	1
17	0.875463	33.8597	0.369429	-0.906237	1
17	3.11551	23.7938	-0.635192	-1.48316	1
17	9.87949	38.179	0.42669	0.597436	1
17	7.00739	39.3124	-0.857085	-0.692857	1
17	38.113	23.578	-0.71983	0.921854	1
17	3.03838	2.98991	1.44758	1.59342	1
17	16.9465	21.3095	1.09466	1.84158	1
17	11.2198	27.5545	-1.2375	0.237191	1
17	12.4439	29.5706	0.456336	1.0549	1
17	9.70556	31.0924	-0.352273	0.973932	1
17	21.617	22.3299	-0.175989	0.905247	1
17	19.6876	32.3169	0.974834	0.0977349	1
17	12.6484	22.9027	1.56651	-0.443973	1
17	27.9548	19.7865	-0.152381	-1.11449	1
17	12.8544	27.8791	-0.747462	-0.284216	1
17	13.6763	26.7542	-1.73727	0.667315	1
17	23.4843	27.1814	-1.58068	-1.08424	1
17	16.7909	30.0409	0.980527	-0.57574	1
17	32.3627	26.8795	-1.05341	1.85935	1
17	22.6696	30.8127	-0.625563	-0.212468	1
17	34.5935	27.1504	-1.40834	0.809699	1
17	26.1944	37.3047	-1.54591	1.16356	1
17	26.0007	36.1181	0.542003	-0.621609	1
17	18.9319	26.6279	1.86942	-0.731672	1
17	30.9874	29.151	-0.906097	0.891629	1
17	27.2135	26.4601	-0.0107355	0.0828687	1
17	26.999	29.6796	-0.53585	0.412695	1
17	38.4381	30.2305	0.201477	-0.371966	1
17	7.06147	26.115	0.356678	-0.771852	1
17	4.35761	27.8344	-1.10827	1.89396	1
17	7.2404	29.4196	-0.00500462	-1.97032	1
17	31.5065	31.9116	0.189961	0.0729198	1
17	4.54205	26.6081	-0.181719	1.99303	1
17	36.1116	25.2764	0.164949	-1.15078	1
17	2.18835	22.6846	0.360052	1.04578	1
17	5.26735	36.1837	0.480061	-0.0308609	1
17	5.99751	26.8412	-0.0925072	-0.984648	1
17	24.2162	18.2306	1.06684	0.240546	1
17	11.8121	17.7254	0.0862331	-2.00028	1
17	13.2349	25.0886	-0.114232	0.535708	1
17	14.4232	24.5189	0.29643	0.537034	1
17	13.8189	16.8018	-1.14071	0.0834789	1
17	19.9936	39.0587	1.09729	0.430025	1
17	12.5668	21.8349	-2.17901	-1.24534	1
17	10.119	32.1104	-1.21593	-1.72922	1
17	19.3953	34.6581	1.11049	-0.0743175	1
17	14.88	26.4807	0.390022	-0.0702478	1
17	21.0731	20.0575	-0.0950865	-1.56329	1
17	18.0856	25.0804	-1.17364	-0.909638	1
17	16.315	23.4152	-0.196464	-1.59052	1
17	24.9376	32.7334	-1.79288	1.12647	1
17	17.9767	32.0489	-1.11912	0.459875	1
17	18.3032	18.2603	1.02714	-1.02954	1
17	31.4195	33.6431	-0.494933	0.829531	1
17	26.1982	18.6956	1.26274	0.563166	1
17	32.3821	33.0642	1.35795	-0.807177	1
17	30.2641	26.5965	0.391806	0.944544	1
17	29.183	26.9537	0.522977	1.1341	1
17	17.7892	26.3897	0.646403	1.05269	1
17	32.8027	30.1247	0.284049	1.06316	1
17	39.5771	27.5247	-0.721375	0.782628	1
17	7.37306	28.3423	-0.688505	-0.24036	1
17	6.41861	34.3173	-1.53575	-0.385949	1
17	33.7493	20.4182	-0.31311	-1.51312	1
17	3.36627	32.0425	0.664914	0.495259	1
17	6.36147	27.9564	-0.16996	-0.251622	1
17	2.18817	38.6351	0.229456	1.81633	1
17	8.17379	39.4379	1.08841	-0.103555	1
17	31.3247	39.5442	-0.735871	0.738623	1
17	4.40658	34.8315	1.07407	0.374056	1
17	0.0586731	21.9173	0.139157	1.09148	1
17	11.2942	26.383	-0.415907	-0.335354	1
17	3.47203	26.32	1.44067	-0.716454	1
17	20.8691	35.1587	-0.578664	-1.06511	1
17	17.0091	27.1521	0.57724	-0.966316	1
17	10.5103	29.2154	-2.53778	0.27075	1
17	20.2205	24.2316	-1.0293	0.663634	1
17	18.0379	28.1662	2.40329	-0.71203	1
17	22.1849	35.1142	-0.183168	0.231716	1
17	23.617	35.704	0.569878	1.18612	1
17	13.8899	21.3129	1.72336	-0.958119	1
17	16.6731	24.9206	-1.34996	0.0229363	1
17	28.9506	28.0354	-1.02231	-1.7157	1
17	21.4529	31.1513	0.863207	-1.48846	1
17	27.2689	33.6487	0.0568413	1.41017	1
17	25.9975	27.4118	0.62414	-0.854261	1
17	29.7684	28.7695	0.817052	0.339555	1
17	23.7617	30.792	1.39168	1.23422	1
17	30.0374	30.034	0.0638042	-0.850133	1
17	1.1377	36.671	1.37855	-0.810574	1
17	30.5421	35.2741	1.1356	0.466934	1
17	36.2296	30.6889	-0.278858	1.02439	1
17	2.47335	32.5518	0.0185208	0.144303	1
17	37.9471	34.0943	0.249377	0.959581	1
17	39.134	25.1092	0.605724	2.55266	1
17	3.38687	33.2868	0.18479	1.10878	1
17	10.8452	37.7736	0.0203033	0.310943	1
17	30.9767	27.9757	-0.633997	0.651141	1
17	1.54083	29.0618	0.0702404	0.0657498	1
17	3.22226	27.3253	-1.3818	-1.2183	1
17	9.20685	29.9718	-2.4104	-1.05102	1
17	14.9193	17.8904	1.16657	1.49343	1
17	11.5468	20.8326	-0.205994	0.13125	1
17	1.26896	2.88974	1.5246	1.06451	1
17	10.4945	19.57	0.589962	-0.04605	1
17	9.75269	14.5599	0.499655	1.3006	1
17	13.1297	15.9354	0.576327	-0.334578	1
17	11.979	16.456	-1.15311	-0.775847	1
17	22.3217	28.9518	0.813935	0.727472	1
17	5.13798	30.5714	-0.712455	1.21781	1
17	5.3332	28.2461	-0.146325	1.42441	1
17	13.9774	34.8424	0.678595	0.709913	1
17	18.6142	4.60203	1.9729	2.37433	1
17	8.76484	35.1815	0.0220378	-0.572698	1
17	17.4687	33.0868	0.0143416	0.815384	1
17	25.0431	37.4901	-0.577674	-0.426106	1
17	37.0482	32.9103	-0.485259	-0.36548	1
17	24.7623	17.0963	-1.19105	0.175233	1
17	32.2387	28.9428	-1.05111	-1.58597	1
17	25.0828	23.4045	-0.148093	-0.77558	1
17	30.3026	34.3046	-0.533966	0.118639	1
17	32.4658	25.6658	0.254733	0.385859	1
17	27.4546	31.2112	1.32934	-0.701996	1
17	34.8394	28.88	1.27587	-0.600171	1
17	34.1889	34.7488	1.33471	-0.664554	1
17	0.678102	30.3628	-0.196524	-0.553752	1
17	34.6253	33.1408	0.981294	-0.251623	1
17	36.3991	32.1253	0.707886	-0.345803	1
17	6.30838	32.1129	-0.0569078	0.353363	1
17	9.63464	34.4689	1.68433	0.0598504	1
17	6.31303	36.4564	0.667263	1.40088	1
17	1.8343	21.3232	0.956444	0.492362	1
17	16.1153	35.0953	1.07508	-0.314554	1
17	7.98509	36.2122	1.38821	0.501019	1
17	15.7308	36.2126	-1.799	1.26454	1
17	3.49179	28.4525	1.06426	-0.0308386	1
17	6.87503	23.8886	-1.07141	0.3579	1
17	6.97968	35.2943	-0.715061	0.838532	1
17	10.506	33.1678	-1.28135	2.24785	1
17	3.91137	4.76214	-0.247825	0.604897	1
17	17.8207	2.44134	0.0914325	-0.474349	1
17	20.2218	27.883	0.165445	-1.49211	1
17	19.0708	33.4502	0.985979	-0.812494	1
17	22.198	7.45578	0.414655	0.630843	1
17	30.546	31.068	-0.80449	0.731595	1
17	21.6061	34.2082	0.671366	-0.20703	1
17	11.1435	21.8054	-1.92685	0.731937	1
17	33.5917	33.7844	0.153802	0.298326	1
17	27.5784	32.4276	-0.804448	0.0848845	1
17	25.9095	30.5605	-1.52661	0.0243424	1
17	19.3332	25.4165	-0.10974	0.89301	1
17	4.50162	0.731324	-0.114708	0.11392	1
17	15.8506	27.2611	-0.428744	0.101337	1
17	38.8586	35.4195	-1.06169	-0.0466869	1
17	29.0114	37.4858	-0.76012	0.831584	1
17	29.5335	25.7777	0.508133	0.635872	1
17	34.1608	30.1772	1.46189	0.246345	1
17	35.1829	30.1079	0.600188	1.05783	1
17	36.6627	20.3403	0.960467	0.852383	1
17	31.0951	36.3312	-0.7034	-0.0622341	1
17	1.28128	27.7993	-0.549534	-0.763842	1
17	35.0447	1.74904	0.595352	0.586297	1
17	36.7097	36.6501	-0.09951	0.340625	1
17	7.71867	31.7718	0.987653	-0.935606	1
17	5.44933	37.4885	-0.7408	0.63362	1
17	2.17802	27.1744	0.385776	-1.7627	1
17	8.09156	32.9673	0.435429	0.751402	1
17	15.1995	33.1036	-1.17691	1.37224	1
17	11.6662	0.0738365	0.0460363	0.621204	1
17	9.13817	33.1446	0.645995	-0.811091	1
17	13.2031	37.9739	0.0162194	0.956816	1
17	7.25217	30.5282	-0.0295422	-0.920864	1
17	20.4741	33.0597	-0.812587	-0.201885	1
17	15.7834	28.3899	-0.316886	-0.89495	1
17	11.442	30.0205	0.0480697	0.329398	1
17	6.3124	30.8987	-0.280723	-0.901935	1
17	16.4266	32.6979	-1.03319	-1.28439	1
17	18.877	31.4691	-0.607938	-0.0431167	1
17	24.7657	35.1583	-0.610695	-0.45559	1
17	21.8563	30.1952	-1.68646	0.038896	1
17	19.7977	35.5716	-0.77603	-0.797309	1
17	27.7196	21.616	-1.13408	-1.95168	1
17	21.2219	39.973	-1.78963	1.0134	1
17	26.6025	32.0388	-1.31022	-0.869568	1
17	32.4526	24.5949	-2.02008	-0.199046	1
17	29.9299	27.7278	0.866589	-0.801313	1
17	27.1449	36.3469	0.05062	1.74733	1
17	32.785	36.8404	1.48257	-0.162945	1
17	3.26184	38.3845	1.69513	-0.506009	1
17	38.9274	39.7721	1.37401	-1.73107	1
17	5.31348	31.8234	-0.43119	0.40365	1
17	3.18904	0.894908	0.0236814	0.821712	1
17	27.8703	1.88948	-0.907488	0.931441	1
17	33.3326	31.3861	3.08117	0.0157764	1
17	2.23828	36.9035	0.378203	0.532615	1
17	29.0854	36.0416	-0.517669	1.66717	1
17	35.7052	0.195525	-1.16737	-0.210824	1
17	8.03936	0.449169	-1.17951	0.254828	1
17	8.10928	37.2396	-0.934765	0.689261	1
17	8.67354	38.3984	-0.505813	-0.397296	1
17	10.1196	5.80272	-0.786384	-1.01228	1
17	12.4656	6.30826	-0.123132	-1.0289	1
17	9.3726	28.2617	0.396099	1.03636	1
17	15.6358	24.1993	-0.719933	-0.341664	1
17	9.06548	25.5716	-0.796392	-0.208515	1
17	14.7299	31.2644	1.08013	1.68357	1
17	18.3395	35.087	-0.144946	-0.23217	1
17	19.0051	6.01814	-0.963313	-0.0719104	1
17	18.5051	23.0896	-1.09865	-0.719828	1
17	27.1331	34.9521	-0.256002	-0.232666	1
17	21.1439	37.0583	-0.245173	-0.626377	1
17	24.2044	1.91862	-0.660854	-1.5934	1
17	23.4609	39.8052	0.0225913	-0.986875	1
17	18.996	0.0347328	0.49122	-0.497018	1
17	28.1578	26.8004	-0.325499	0.474089	1
17	29.5443	38.3195	0.265783	0.85094	1
17	28.6783	32.2093	0.681351	1.28134	1
17	19.1335	2.8539	-2.95608	1.50206	1
17	31.3634	37.3203	-0.115874	1.84416	1
17	34.2742	17.6584	1.63419	0.334768	1
17	28.5699	33.1915	0.290139	0.195917	1
17	33.4992	37.6529	1.20893	0.0990762	1
17	34.6158	0.595473	0.357511	1.10858	1
17	35.7225	32.985	-0.048791	1.71069	1
17	6.27393	5.58646	0.493243	0.35613	1
17	6.62233	2.41015	-0.624995	0.351904	1
17	2.03916	35.8707	0.239229	-1.07108	1
17	36.9679	38.5165	1.54075	0.975888	1
17	39.8206	0.290403	0.544467	-0.104659	1
17	39.1084	33.9158	1.04391	-0.469161	1
17	6.62921	6.68707	0.116196	-0.258208	1
17	9.4634	36.7406	-0.0408559	-0.565693	1
17	6.31746	33.303	0.629258	-0.479685	1
17	19.509	30.3385	-0.363847	-1.75873	1
17	12.482	35.2899	-0.616056	0.435401	1
17	18.3066	11.9154	-0.330827	0.72665	1
17	16.4898	26.1141	0.535721	0.916821	1
17	16.9481	28.1372	-0.320213	-0.0723568	1
17	11.0092	2.12568	0.744289	0.666728	1
17	39.6114	28.592	-0.0440449	0.109289	1
17	13.2025	8.64376	-0.523985	-1.01718	1
17	5.77466	4.69734	1.0877	-0.56663	1
17	23.7261	32.6938	-0.234978	-0.660788	1
17	20.6795	3.47387	-0.237573	1.15025	1
17	21.8436	2.23377	0.555451	-2.32985	1
17	24.1726	26.143	0.557398	0.269646	1
17	16.1644	31.0143	-2.14212	-0.889776	1
17	0.138756	36.0094	-0.897051	1.02339	1
17	24.8992	28.5648	0.839803	-0.279421	1
17	24.3312	33.82	0.271107	-0.0136451	1
17	30.5935	2.6979	-0.0144993	0.820476	1
17	0.294955	37.3335	-1.38124	0.333049	1
17	30.6819	38.2007	-0.347057	1.34026	1
17	26.6874	25.0705	-0.637011	1.81347	1
17	35.4177	4.11684	2.37796	-0.586883	1
17	32.601	35.491	-0.490622	1.40048	1
17	30.3004	39.3139	-1.0747	0.1568	1
17	3.30635	34.3064	-1.72276	-1.58235	1
17	36.1268	27.6224	-1.12323	0.726302	1
17	4.92129	5.8799	0.793019	0.00907511	1
17	29.0657	1.70045	-0.111042	1.39576	1
17	5.30098	33.0073	-0.90029	-0.286382	1
17	36.4819	11.8806	-0.678031	-0.478679	1
17	1.34833	9.87702	0.311959	-0.189803	1
17	7.23739	5.77904	-0.358921	0.479064	1
17	9.75338	2.68432	-0.709433	1.29021	1
17	5.64355	10.4202	-1.02667	0.302066	1
17	36.5402	4.33046	1.91182	-0.609697	1
17	8.47792	34.2327	0.57569	-0.247871	1
17	19.6749	38.1277	-0.535483	0.821304	1
17	5.20511	6.95418	0.208868	-0.173009	1
17	4.17909	37.6707	-0.852406	0.607044	1
17	20.0463	0.117483	-1.55431	-0.296672	1
17	7.66417	3.84155	-0.690662	0.197025	1
17	14.3326	32.3658	-0.621939	1.13546	1
17	17.6273	30.7843	1.00795	-0.0317827	1
17	28.1045	36.9054	-1.65149	0.839468	1
17	37.9696	38.8662	0.232046	-1.08287	1
17	13.3194	24.006	-0.645045	0.814637	1
17	36.7974	3.10344	-0.658543	-0.512121	1
17	23.6099	34.6396	-1.41218	-0.896729	1
17	30.4713	0.513631	-0.549608	-0.374971	1
17	29.1612	34.8896	0.892129	0.695347	1
17	25.8748	0.846661	-0.689948	-0.0198226	1
17	31.7147	38.5411	-0.916672	0.538263	1
17	34.4874	11.8598	-1.43812	-0.153445	1
17	30.2486	32.0762	-0.566323	-1.05082	1
17	35.8817	38.8663	-0.837623	0.633593	1
17	37.2989	2.03543	0.0346515	-1.38649	1
17	19.6176	29.0206	-0.0454941	-0.883454	1
17	33.9934	8.48365	1.98883	0.0789099	1
17	39.3312	1.2553	-1.15876	-0.148594	1
17	4.35977	33.6342	1.33729	0.128835	1
17	0.504272	4.11553	0.319815	0.588777	1
17	9.58356	39.2281	0.929539	-0.247666	1
17	5.10871	1.69599	0.207847	2.45769	1
17	11.8728	33.4492	1.24111	-0.593428	1
17	4.26347	32.5033	-0.464158	0.752153	1
17	7.7641	9.63381	0.23508	0.767125	1
17	36.2515	35.5669	-0.805949	-0.0989485	1
17	22.3268	32.8564	-0.601388	1.15919	1
17	10.5754	3.46902	1.95624	0.129935	1
17	2.62948	4.68027	0.436716	0.127013	1
17	38.9256	3.76494	1.19203	0.886253	1
17	12.968	39.9479	-0.773532	0.259568	1
17	20.7405	31.9491	-1.09188	0.366078	1
17	18.1478	38.4322	0.903225	-0.793968	1
17	10.048	26.7549	-2.38421	-2.25652	1
17	17.3592	1.27819	0.453178	-0.042384	1
17	22.2807	39.5599	0.372284	1.92112	1
17	39.2669	38.6346	0.024012	0.618616	1
17	20.8036	2.3438	-1.57642	0.197405	1
17	25.3037	38.5711	-0.538913	-2.65759	1
17	20.923	23.3532	0.849116	-1.24422	1
17	26.8013	39.821	1.88039	0.529791	1
17	26.952	28.3716	-0.567851	0.0215594	1
17	28.5055	25.7174	-0.608905	-0.978793	1
17	35.4821	5.30328	-0.2512	-0.321401	1
17	34.3329	2.56766	0.0257978	-0.472779	1
17	36.8583	39.7409	0.689535	0.445662	1
17	37.9113	0.270458	-0.299423	1.14018	1
17	20.392	30.9334	0.719217	0.329907	1
17	32.4968	1.7912	1.16054	-0.481229	1
17	32.767	0.71611	-0.0897238	1.5451	1
17	1.96143	1.81615	1.46795	0.219739	1
17	3.3145	36.7274	-0.0100782	0.491848	1
17	5.72895	35.2085	-0.52608	0.713737	1
17	38.9583	5.32423	1.75653	0.69227	1
