30	2.58977	37.7005	-1.11893	1.0428	1
30	10.1714	1.14661	0.193922	0.695525	1
30	2.60076	35.6264	-0.704075	0.830038	1
30	19.0734	30.9916	-1.17618	0.687366	1
30	11.6663	35.0292	-0.0872692	2.04867	1
30	8.6527	6.45755	-0.179168	1.05012	1
30	4.92094	2.42319	0.262006	0.187397	1
30	0.308601	6.26103	0.0790725	-0.745423	1
30	16.7529	2.33683	-0.31076	2.3856	1
30	16.4715	7.27489	0.159218	-0.835076	1
30	16.8746	30.0031	-1.03699	0.177208	1
30	13.7383	4.709	0.169976	0.539296	1
30	11.3224	2.07746	2.15597	-0.324736	1
30	11.6485	30.9307	-0.159136	-0.0208453	1
30	28.0468	3.33632	0.87436	-0.519004	1
30	15.8067	5.03682	1.0427	2.57485	1
30	20.2042	1.4311	-0.98327	-0.384938	1
30	28.4615	1.3424	1.51321	-0.708141	1
30	30.512	2.40447	0.104466	0.430928	1
30	21.2409	1.59618	-1.36066	0.457291	1
30	19.9933	30.3892	-0.394004	-1.01731	1
30	20.5176	6.29459	-0.146234	-0.158275	1
30	32.9674	0.41661	0.231041	-1.26411	1
30	31.1852	4.49124	2.00504	-0.184179	1
30	27.8374	2.22745	0.269743	0.385883	1
30	36.7443	4.83619	-0.929414	0.306725	1
30	39.5847	3.77565	0.217496	0.710582	1
30	3.64955	38.4555	2.48826	0.033051	1
30	23.4179	1.57411	1.00051	0.27128	1
30	31.5879	21.5275	-0.565054	1.03494	1
30	3.63248	5.72148	0.393884	0.446449	1
30	7.68357	9.43729	-0.211882	1.16335	1
30	3.75103	1.8579	1.04145	2.16125	1
30	38.7922	8.89354	-1.05681	-0.755311	1
30	38.632	38.4771	-0.758847	-0.535872	1
30	3.55124	0.769742	0.631796	-0.462858	1
30	39.5377	12.2719	-0.766493	0.786121	1
30	4.79143	1.23953	-1.10428	-0.843386	1
30	14.7349	3.52628	0.356354	-0.724188	1
30	4.50294	11.1821	0.260115	-0.268085	1
30	8.65929	27.3249	-0.452688	-0.858734	1
30	6.68175	12.6278	1.64905	-0.603758	1
30	12.0113	2.94788	-0.264919	0.198512	1
30	10.913	38.7524	-1.89749	0.823242	1
30	13.6539	0.405378	-0.306719	0.289194	1
30	14.1062	37.0039	-0.313882	1.26643	1
30	30.9262	35.7647	-0.0370816	-1.1407	1
30	12.5224	5.26068	-0.698817	0.221216	1
30	13.7097	29.4273	0.146374	0.213038	1
30	26.4326	34.4514	-0.935919	-0.451724	1
30	15.7441	2.56242	0.269815	-0.920876	1
30	17.9334	27.5852	-0.219964	-0.420261	1
30	20.7887	5.24011	0.171736	1.22538	1
30	25.8815	36.6657	0.427688	-0.595429	1
30	29.9532	10.8962	1.82958	0.0704004	1
30	35.4698	6.39856	0.341885	-0.221914	1
30	25.8955	39.3408	-0.0343757	-0.483004	1
30	26.2259	12.3824	0.788903	-1.71783	1
30	32.0739	0.824824	2.06831	-0.139216	1
30	29.5193	4.56294	1.51364	1.40875	1
30	39.6494	37.9175	0.240152	-0.148528	1
30	24.9522	39.9301	-0.653021	-0.833437	1
30	25.6916	35.549	-0.50585	-1.82839	1
30	2.93304	10.7827	1.3593	-0.943633	1
30	35.6408	35.2153	-0.40976	-0.794057	1
30	37.7141	8.61906	-0.65943	-0.139793	1
30	38.8229	6.58049	1.39984	-1.71428	1
30	10.2381	12.0027	-0.308445	-1.20132	1
30	6.72812	7.41301	-0.258247	1.75614	1
30	0.871976	14.3769	-0.556884	0.663665	1
30	38.0279	1.75268	2.08769	-1.10249	1
30	20.4493	13.4406	-0.686068	-0.489066	1
30	38.2124	17.6891	-0.84487	0.180893	1
30	39.4917	7.53515	0.452224	0.92444	1
30	13.4546	10.604	0.55853	0.721117	1
30	15.9994	0.115036	-0.901871	0.642298	1
30	18.0908	6.64949	0.406742	-0.800373	1
30	18.3763	36.8562	-0.758601	-2.40397	1
30	9.35537	39.3466	-0.218496	0.528637	1
30	13.2706	8.90419	-0.575613	-2.065	1
30	20.3723	36.835	0.253996	-0.07324	1
30	25.2311	34.5572	-0.751305	1.30308	1
30	27.0486	36.1407	-0.628029	-0.214954	1
30	22.429	39.7097	-0.114068	-0.607567	1
30	8.83022	1.59892	0.904409	-0.3144	1
30	28.1676	38.2515	0.185713	-1.02166	1
30	23.0042	12.3635	-1.25025	-0.947316	1
30	25.9594	4.68605	-0.674211	-0.991664	1
30	35.7817	4.29994	-0.298927	0.33531	1
30	24.0273	38.0873	-1.22027	0.165071	1
30	36.0098	17.9393	-0.577725	1.00724	1
30	19.3327	6.58748	-0.596071	1.3048	1
30	2.60302	39.3685	-1.4713	0.747288	1
30	38.2002	7.56685	0.501994	0.407916	1
30	34.5556	6.80761	-0.876261	-0.707227	1
30	31.9094	8.5456	0.00218179	-0.941121	1
30	30.2489	37.5074	0.71671	-1.6657	1
30	38.7832	36.7516	0.543341	-0.685764	1
30	19.0612	11.57	0.562015	-0.351624	1
30	34.8145	20.7748	-1.40548	0.616266	1
30	36.7862	20.8197	1.0288	-1.20466	1
30	8.83704	3.01682	0.178827	-0.660757	1
30	3.95379	10.2556	-0.875692	-1.22286	1
30	8.25448	8.40332	-1.07111	0.0164151	1
30	4.55754	37.8144	0.953837	-0.0552027	1
30	7.85063	7.42444	0.280708	-0.345163	1
30	15.7426	11.5131	0.986751	-0.04938	1
30	8.26306	39.9945	-0.464768	0.772353	1
30	11.4785	5.20993	-0.31127	-0.448536	1
30	20.7839	11.8771	-0.820081	0.112179	1
30	5.02037	10.1327	0.622175	-2.07159	1
30	17.0219	5.22636	0.185068	0.65018	1
30	14.7034	35.1609	0.0674575	0.370224	1
30	26.5502	1.59023	-0.971084	1.33206	1
30	26.6626	6.83733	-0.136114	-0.876397	1
30	17.1187	1.26392	0.166792	0.804485	1
30	21.134	30.0721	-1.1129	-0.028092	1
30	24.251	4.85629	2.44007	0.637329	1
30	21.5175	2.81969	-0.353692	0.385887	1
30	36.695	1.62367	-0.861807	0.175388	1
30	21.8882	5.61469	1.11219	-0.57049	1
30	26.9909	2.94445	-1.26583	-1.25374	1
30	29.5809	9.618	-0.0841777	-0.279551	1
30	27.1811	39.415	-1.37053	0.734787	1
30	25.5145	0.937546	-2.60648	-0.837797	1
30	37.3802	38.2365	0.163543	-2.82974	1
30	7.21614	36.8263	-0.699458	-0.0538004	1
30	33.1487	8.8966	1.44113	-0.219941	1
30	0.96042	13.3435	0.622063	-1.54621	1
30	33.661	10.7973	-1.36682	1.2989	1
30	31.4659	5.62823	-0.277244	-0.0737161	1
30	6.42162	38.9234	0.500001	-1.34108	1
30	32.4344	16.4875	1.83436	-1.20235	1
30	39.2579	14.5704	0.909704	1.53602	1
30	1.81418	9.70825	0.0498535	0.309818	1
30	37.7953	9.69032	1.80614	0.302296	1
30	3.86272	11.9704	-0.449339	0.647511	1
30	39.4766	17.3858	0.241034	0.566322	1
30	6.30905	3.17933	-0.110027	-1.94425	1
30	8.55068	4.37671	0.277213	-0.842399	1
30	4.7312	29.8744	-0.663168	0.263974	1
30	18.3894	37.9469	-0.627365	-1.48726	1
30	18.1366	5.60005	0.246158	0.784779	1
30	15.1504	37.8323	-0.0249364	1.41	1
30	9.59898	30.7008	-0.521692	0.0849228	1
30	10.4825	7.1426	-0.805723	0.202386	1
30	18.0561	39.1622	0.184639	-0.272022	1
30	14.9516	0.918943	1.95849	-1.08192	1
30	22.361	2.24178	-0.291197	0.0214359	1
30	22.7933	34.3538	0.185512	0.144332	1
30	22.1982	1.03656	-1.48852	0.0865278	1
30	27.7434	7.28389	0.433822	-0.902933	1
30	31.2055	6.69664	1.40583	-0.401715	1
30	20.5486	15.7727	-0.669603	-0.245939	1
30	18.7927	13.4542	-1.22678	3.16465	1
30	13.5215	3.57553	1.31936	-0.390506	1
30	19.6901	12.5216	0.456076	0.74321	1
30	38.5541	4.3372	-0.387773	0.117912	1
30	23.9475	34.3807	0.174401	-0.874572	1
30	35.1492	3.22662	-1.28649	0.319117	1
30	1.27455	2.67216	0.776273	0.00111671	1
30	21.3219	37.2393	-1.26716	-3.4539	1
30	11.5507	32.4218	1.62971	0.375339	1
30	34.2005	14.0692	-0.709641	0.630475	1
30	2.42135	5.15304	-0.991988	0.847831	1
30	31.075	16.0243	-0.399308	-0.588025	1
30	36.3113	3.43462	0.615684	-0.294257	1
30	2.67641	6.23109	-0.0985326	1.63427	1
30	35.6911	11.97	-0.929262	-0.768964	1
30	5.08774	3.841	1.21047	-0.598211	1
30	2.19918	4.16633	1.80049	0.5125	1
30	1.45239	6.74496	-0.946467	-0.859037	1
30	2.38099	11.9791	0.249353	0.110923	1
30	10.0615	5.66488	-0.273468	-0.372661	1
30	17.2941	36.2306	-0.505683	1.5891	1
30	12.9144	6.71731	1.72017	1.0169	1
30	16.1466	38.156	0.353425	0.188456	1
30	14.452	32.8845	-0.937152	0.00259387	1
30	17.9379	11.5219	0.869152	-1.03832	1
30	17.8109	1.95907	-0.663125	0.507628	1
30	21.1586	7.38272	-0.72286	0.544823	1
30	22.4885	36.5335	-0.127209	-0.342026	1
30	23.2619	10.3149	-0.634913	2.16938	1
30	24.8384	6.13137	0.616891	-0.420375	1
30	27.3779	20.892	0.28506	-0.154641	1
30	31.9195	17.7227	0.0649206	0.776891	1
30	21.3061	4.03425	0.310408	0.0889631	1
30	26.5924	8.96795	-0.332286	-0.764391	1
30	31.185	19.7415	-0.754725	-0.425558	1
30	33.8338	5.52823	0.258738	0.0610408	1
30	26.0871	38.3019	0.841397	-0.850373	1
30	24.6799	3.77313	-0.848413	2.05031	1
30	39.6967	4.87905	0.465446	-0.30738	1
30	36.8975	5.8879	-0.058589	-0.444089	1
30	0.0444033	8.35532	0.838695	0.641728	1
30	38.2684	39.505	-0.711899	-0.0806468	1
30	38.3094	12.6915	0.320775	-0.110364	1
30	33.1552	18.6267	-1.8682	-1.13867	1
30	38.6366	16.678	0.131598	0.0915688	1
30	2.46821	13.9143	-0.542498	1.58691	1
30	5.51075	14.5942	1.1134	0.160185	1
30	6.44693	6.34746	-0.00418707	0.287795	1
30	13.4783	7.87251	-0.452777	-0.832345	1
30	25.4544	16.6031	0.76535	1.06414	1
30	15.6936	6.23073	-0.556667	-0.415718	1
30	22.9348	14.006	1.82121	0.918411	1
30	14.5881	11.2136	-2.37408	-2.18395	1
30	23.3627	35.9249	-0.913498	0.952918	1
30	14.7499	39.7271	0.883541	-0.169658	1
30	23.5599	33.3735	0.931511	-0.727741	1
30	22.108	7.94046	0.558831	-0.216625	1
30	20.1186	7.80466	-0.757158	0.218863	1
30	11.8089	7.05667	-0.257256	1.19102	1
30	21.0092	0.423056	0.0514254	0.731263	1
30	17.0074	0.13321	0.463139	-0.116497	1
30	21.0439	35.9218	-0.182222	-0.715724	1
30	29.7519	19.2038	1.15508	0.70621	1
30	23.3371	37.0227	0.552783	0.0780658	1
30	37.2742	2.84429	0.440986	0.86765	1
30	20.6561	17.8414	1.0379	0.626777	1
30	32.5763	6.16102	1.30378	1.55636	1
30	25.2885	18.5577	-1.81682	1.04289	1
30	33.5931	16.4484	1.24767	-0.463083	1
30	33.1148	7.09393	-1.78661	-0.713389	1
30	33.6033	12.0024	-0.982188	0.565165	1
30	38.8931	11.3791	1.09599	-1.15077	1
30	35.7147	10.6987	0.57993	1.44425	1
30	34.4858	2.17593	-0.517655	0.158319	1
30	30.1391	15.3263	0.533888	0.355175	1
30	32.7316	10.1085	-0.433947	0.519086	1
30	36.8944	7.98345	2.39878	1.17268	1
30	33.0811	24.5132	-0.422039	0.85823	1
30	37.6287	16.0333	0.187031	0.416923	1
30	3.02371	12.9204	0.86054	0.41403	1
30	3.38226	9.38931	1.60252	0.895668	1
30	37.9867	10.8406	-0.255781	-1.12308	1
30	36.6498	19.1189	-0.678751	0.805705	1
30	22.2881	19.7325	-0.170393	0.509485	1
30	1.69773	15.4003	-1.33731	-0.895179	1
30	9.5176	4.77032	1.32606	1.21585	1
30	8.06248	12.4115	-0.330993	0.652496	1
30	8.76104	9.28104	-1.69882	1.64553	1
30	19.5751	37.4485	0.28347	0.587355	1
30	15.898	1.38668	0.197477	-1.75763	1
30	16.8621	34.8675	1.3536	0.380191	1
30	14.6927	5.31127	0.818876	0.538352	1
30	25.8118	3.51054	-0.00137093	1.01481	1
30	18.8602	1.14327	-0.061368	-0.35672	1
30	12.1106	10.6366	0.131543	-0.530079	1
30	22.7805	38.1015	0.552643	-0.228429	1
30	25.8304	2.44476	-0.357499	1.29541	1
30	28.3311	8.41849	1.22818	0.573306	1
30	25.3262	8.26436	0.886567	0.609485	1
30	31.6513	9.53936	-0.431619	-0.272915	1
30	27.554	12.0637	-2.10875	0.471882	1
30	26.7682	10.299	-0.842746	0.795981	1
30	36.4972	16.4378	0.883083	1.59996	1
30	33.2563	38.0475	-0.635002	0.0772296	1
30	36.5817	12.5058	-1.89932	0.92295	1
30	24.5402	1.64975	0.784984	-1.45798	1
30	32.6579	14.2737	-0.906491	0.357367	1
30	30.421	5.38835	-0.811558	-1.10989	1
30	35.7878	38.5405	0.930702	-1.37532	1
30	24.1741	0.744932	-1.06811	1.56291	1
30	32.7047	25.4871	-1.83568	-0.73726	1
30	5.53777	16.1107	0.817686	-0.465885	1
30	3.43288	4.25976	-0.513073	-0.833654	1
30	3.43044	15.9869	0.00848009	-0.83973	1
30	6.56384	16.4389	-0.607901	-0.524882	1
30	39.2688	13.4757	0.642271	0.412376	1
30	19.2719	35.937	-0.585825	2.31545	1
30	21.5365	18.9198	-1.79776	0.10272	1
30	1.96136	10.9029	-0.126115	-0.216719	1
30	11.0065	12.7277	1.75278	-0.944676	1
30	21.3614	8.92617	-0.784269	-0.212428	1
30	14.2986	38.4117	0.974509	-0.136474	1
30	17.1051	9.44749	-0.11043	-0.883439	1
30	12.3654	19.296	-1.17798	-0.561797	1
30	19.1055	9.08908	-0.42032	-1.21437	1
30	29.0785	5.56661	1.13094	1.74931	1
30	19.3526	3.23569	-0.76564	0.754549	1
30	30.4438	7.42247	1.36996	-0.570674	1
30	23.1655	8.18477	0.315605	0.232741	1
30	27.0835	8.07641	-0.400849	1.65824	1
30	35.5524	9.09803	-0.449971	1.2939	1
30	21.557	14.7247	-1.36075	-0.0214325	1
30	26.993	17.9397	-0.349215	0.480566	1
30	17.6268	10.4373	0.471658	0.259895	1
30	30.968	13.4662	0.64616	-0.00439689	1
30	22.9948	7.05762	-0.61789	-0.392057	1
30	37.9488	5.5872	0.772347	0.784289	1
30	30.727	10.2029	-0.169251	-1.54728	1
30	26.49	14.6403	-0.54291	-0.439534	1
30	31.1608	25.0166	0.519906	-0.279864	1
30	7.66291	14.9484	0.714082	0.000150026	1
30	1.79382	16.5398	1.24539	-0.0993183	1
30	37.3864	26.2165	-0.783707	0.00655793	1
30	11.4737	15.9026	-1.30622	-0.463525	1
30	5.14576	12.2186	0.923949	-0.374414	1
30	37.1736	7.00196	-0.612165	-0.0682386	1
30	13.7027	39.2609	-0.0880577	-0.89657	1
30	9.78964	9.51438	0.142229	1.12928	1
30	8.6396	13.179	0.692258	-1.23519	1
30	1.07482	8.6191	-0.114457	1.32222	1
30	11.1868	6.23211	0.14263	-0.350827	1
30	39.8784	10.6538	-2.24813	-0.118388	1
30	4.3717	21.4228	-0.457268	0.580064	1
30	18.6656	10.1466	1.83409	0.4334	1
30	10.7434	8.29773	-0.706906	1.90482	1
30	11.579	9.72383	-0.878036	1.46771	1
30	24.0247	16.7407	1.52979	0.229184	1
30	11.5245	4.04835	-0.159659	-0.405193	1
30	31.3632	11.6131	-0.245255	-1.24414	1
30	12.6259	1.33005	-0.139479	-0.79553	1
30	24.5899	2.69565	1.84025	0.343651	1
30	14.2666	6.53022	1.8438	-0.206249	1
30	16.8771	6.24743	0.0169788	1.05732	1
30	23.8825	11.4623	-0.373496	0.440769	1
30	24.2868	8.23121	-0.931451	0.444311	1
30	18.6106	16.4441	-0.24231	-0.947356	1
30	27.8554	15.5772	-1.23336	0.911859	1
30	21.605	9.96943	-1.15706	-1.39872	1
30	29.7546	18.0517	0.325045	-0.584711	1
30	30.6931	23.5609	-0.785843	-0.678283	1
30	34.7154	11.1639	-0.244187	0.0498853	1
30	24.0761	12.7604	0.24304	0.158763	1
30	32.957	15.3548	-0.487329	0.205807	1
30	32.6649	11.3622	-0.616214	-1.64207	1
30	34.2524	19.7199	2.44145	-0.704853	1
30	2.78734	19.1388	1.25228	-0.449732	1
30	35.7378	22.5237	-0.785752	-0.488519	1
30	35.7461	20.2822	-0.191251	0.933617	1
30	7.363	3.20517	1.34916	1.93098	1
30	0.62825	11.7166	0.894178	-0.904569	1
30	37.5283	11.9201	-0.737558	0.0487712	1
30	10.5163	14.3552	-0.543564	0.209197	1
30	18.1008	8.68731	0.734396	-0.683025	1
30	7.47039	17.0632	-0.342527	0.220203	1
30	14.5889	8.21944	-2.32351	-1.76691	1
30	12.242	8.0495	1.78453	-1.70578	1
30	11.65	14.5624	-0.332733	0.197992	1
30	18.1488	3.37311	-0.29321	0.600986	1
30	18.882	15.1582	1.99388	-0.657253	1
30	23.7115	14.7944	-0.19753	-0.700202	1
30	22.4311	3.83245	0.741892	-0.770913	1
30	26.5529	11.2953	1.26828	0.138916	1
30	24.1713	6.95076	0.835781	1.0416	1
30	31.8998	7.42695	-1.04796	0.60162	1
30	28.4252	4.6311	1.29327	-0.583553	1
30	22.6315	11.3643	-0.855856	-0.507646	1
30	29.8916	6.43095	-0.0543009	-0.819089	1
30	30.2122	26.228	-0.567763	1.42093	1
30	28.7914	16.1396	-0.584942	-0.556682	1
30	25.1135	13.405	-0.122195	1.31703	1
30	24.6474	10.5244	-0.637475	-1.74408	1
30	34.7278	23.1371	0.172867	-1.09514	1
30	36.2799	15.3782	-1.05205	0.319971	1
30	23.5648	3.84957	0.803566	2.13259	1
30	34.723	16.1252	-0.672531	-0.92715	1
30	28.8367	14.9182	0.306404	-0.229866	1
30	0.0577053	2.85917	-0.438689	-0.282948	1
30	28.8708	10.4797	-0.302261	-0.261551	1
30	0.136385	15.1919	-0.569655	-0.504767	1
30	34.2635	30.841	-0.501005	0.500407	1
30	0.4399	21.5177	-0.309454	1.24853	1
30	16.984	38.9554	-0.186248	-0.86837	1
30	1.77494	17.6076	-2.09957	0.239015	1
30	13.0622	17.2467	-0.209413	0.228455	1
30	38.2725	18.8242	1.14566	2.02001	1
30	8.29343	17.7973	-0.321369	-0.876288	1
30	14.4507	9.29775	-0.606723	0.983073	1
30	12.354	12.5718	-0.314591	-1.50013	1
30	15.8826	16.6359	1.714	-1.06041	1
30	19.5971	16.1985	1.05873	-1.45707	1
30	8.27176	14.1954	-0.253286	-0.607392	1
30	6.63827	15.0944	-0.710265	0.743166	1
30	8.97629	18.8014	1.4349	-0.832719	1
30	11.4447	11.6858	-0.125639	-1.99454	1
30	14.0434	15.0327	0.971481	-1.65123	1
30	9.58849	10.558	1.19867	-1.56288	1
30	18.7178	18.803	0.994879	-0.212222	1
30	22.1042	17.8838	0.0638258	-0.122242	1
30	26.1924	5.7686	-0.0779478	0.161329	1
30	20.3546	10.5234	0.619606	-0.187931	1
30	28.0093	13.4685	0.249198	0.772341	1
30	28.4269	6.49921	-0.849667	0.897031	1
30	37.2922	14.9671	0.27274	-0.160775	1
30	29.3007	7.45962	-0.237777	-1.19122	1
30	33.8519	28.1981	0.408431	0.672941	1
30	34.28	8.3958	0.70888	1.35543	1
30	38.7459	26.4422	1.57255	0.897722	1
30	31.8037	23.6714	-0.920209	1.45786	1
30	37.594	19.5631	-0.966477	0.370319	1
30	16.7954	3.96756	-0.271456	1.6007	1
30	6.12247	18.1901	0.297111	0.5666	1
30	16.7583	23.9641	2.16317	1.5656	1
30	30.1221	27.6376	-0.85933	0.970206	1
30	0.832127	16.0868	0.696989	0.000973669	1
30	38.8211	10.1832	-0.295426	-0.844296	1
30	5.49626	25.6045	-1.5129	0.0635755	1
30	11.4358	18.8859	0.848654	0.128965	1
30	6.50485	13.6906	1.61143	1.15913	1
30	13.3562	12.884	-0.966024	-0.252735	1
30	0.297705	24.139	1.15122	-0.40989	1
30	38.301	14.3412	-0.397901	-0.154833	1
30	27.7502	9.3132	0.702345	2.14227	1
30	0.689724	19.2477	-0.430021	-0.0811223	1
30	13.0317	11.6993	-0.170894	-2.18954	1
30	17.4824	7.73863	0.714644	0.957791	1
30	14.1985	17.4822	-1.06833	1.42197	1
30	23.5881	39.3689	0.395826	-1.94755	1
30	2.2657	8.55403	0.294636	0.222036	1
30	6.86741	28.5859	0.0440601	1.02526	1
30	16.2483	8.52249	-0.742737	-0.35586	1
30	23.033	24.8855	-0.440303	-1.31869	1
30	10.3925	22.2038	-0.931364	-0.140445	1
30	27.3518	19.1723	-0.474695	1.12813	1
30	25.8453	17.6268	0.320539	1.80832	1
30	36.8655	28.0449	-1.148	1.32944	1
30	33.9889	17.5011	0.00496499	0.194211	1
30	31.9801	20.4149	-0.198237	0.738325	1
30	30.9638	8.4688	-0.466956	-0.772622	1
30	25.6729	10.3232	-2.87264	0.7714	1
30	24.7481	26.4353	0.848467	-0.0806717	1
30	32.9064	17.4612	1.08577	0.426103	1
30	37.0576	17.6358	0.460631	-0.214785	1
30	28.6079	23.9272	-0.177162	-0.742851	1
30	29.9705	22.3289	0.432098	-1.47461	1
30	34.338	21.7637	0.455978	-2.34864	1
30	14.1957	14.018	1.72139	1.48249	1
30	4.62113	14.0749	-0.184906	0.0273444	1
30	4.25666	15.1879	0.387165	0.617882	1
30	15.3363	12.981	-0.203096	0.86879	1
30	0.566528	25.9965	0.338322	0.265886	1
30	2.82802	18.133	-0.583287	-0.431506	1
30	35.8455	21.2864	0.0350151	1.29158	1
30	39.3935	22.0212	1.32358	-0.128587	1
30	5.37065	13.2888	0.752309	-0.329851	1
30	2.91677	15.1299	-0.401532	1.27662	1
30	13.3143	18.3397	-1.12255	-0.757577	1
30	4.32256	16.4831	1.20361	-0.014829	1
30	13.7656	21.5941	0.244124	-0.207989	1
30	17.1154	19.5421	-1.09455	2.5116	1
30	10.836	19.9208	-0.333518	0.190606	1
30	18.9292	7.51163	-0.175336	-0.239938	1
30	16.8838	11.6561	-0.417538	0.140207	1
30	22.8399	9.20608	-0.327852	-1.34726	1
30	29.1346	13.723	0.797299	-0.304417	1
30	25.4668	7.1574	-0.619927	0.459239	1
30	18.5017	17.8278	-0.158864	0.481852	1
30	20.5306	23.9244	-1.58052	-0.369376	1
30	27.1696	24.662	2.0562	-0.92287	1
30	21.6579	24.058	-0.519054	-0.779069	1
30	28.4516	18.9936	0.594357	-0.99619	1
30	32.9184	1.62607	-0.310101	-0.490465	1
30	26.2445	28.7464	-1.53472	0.41247	1
30	32.5372	22.263	-0.74482	0.322599	1
30	1.21179	5.29042	-1.98258	0.291163	1
30	27.5105	14.5319	-0.378795	1.05261	1
30	35.5412	16.8128	0.570189	2.74825	1
30	33.2051	19.784	0.99849	-0.449541	1
30	3.98408	23.9973	2.34718	0.150827	1
30	6.81858	19.8256	-1.23093	-1.04136	1
30	4.97414	18.3354	0.197583	1.67072	1
30	9.91771	19.3591	0.146464	-0.972353	1
30	3.07964	17.0217	-0.0160258	0.101712	1
30	3.51576	14.0061	-0.0444085	0.618293	1
30	3.66801	29.9018	0.452591	-0.0880175	1
30	39.371	18.4944	0.352702	0.30183	1
30	3.70629	18.6893	1.81517	0.759057	1
30	4.24856	13.2009	0.534323	-0.349502	1
30	15.2164	17.5447	1.71752	0.428941	1
30	8.32918	22.2188	-0.400684	0.253015	1
30	11.4383	25.3199	0.671788	1.17285	1
30	15.1123	14.4108	0.0385115	-0.0162188	1
30	18.3302	12.5072	-1.60537	2.12887	1
30	14.7224	22.1101	-0.483713	0.508215	1
30	4.25637	17.568	0.871463	1.56535	1
30	6.60536	29.7695	0.208734	0.790674	1
30	35.3507	14.5045	-0.254889	-0.484482	1
30	16.3893	18.376	0.0435752	-0.663055	1
30	23.0436	15.8507	-0.266514	-1.3651	1
30	35.2233	7.7881	0.434054	-0.993859	1
30	24.0126	9.31351	0.945659	0.62636	1
30	19.7486	18.5343	-0.951131	-0.268836	1
30	19.0427	27.8185	-0.810182	-0.655845	1
30	34.4512	9.84927	-0.0888871	0.456308	1
30	26.3511	18.7567	-0.532666	-0.408761	1
30	30.5015	21.1082	-0.286484	-0.0810646	1
30	39.8326	34.1888	-0.564539	0.257991	1
30	4.68219	20.3961	0.518442	-1.87699	1
30	29.8151	25.0369	0.618258	-0.0714171	1
30	28.2396	20.0978	0.585556	0.0632034	1
30	2.5521	20.063	2.02872	2.17866	1
30	38.9773	15.6114	0.0895105	0.211144	1
30	27.6998	16.8402	-0.964499	2.73935	1
30	38.6352	19.8339	-0.642063	0.636165	1
30	1.93147	12.9475	2.24896	-0.662594	1
30	4.84624	24.5846	0.907167	-0.496835	1
30	7.54936	31.1262	0.73785	-0.267378	1
30	3.12907	24.4721	-0.429565	-0.225049	1
30	14.2871	2.49347	0.562399	2.55448	1
30	15.67	9.41874	0.917726	-1.03462	1
30	10.5126	10.9942	-1.79653	0.769063	1
30	6.32704	11.7552	-0.211902	0.830427	1
30	16.5598	10.3577	0.0609927	-0.703069	1
30	21.8194	15.8916	0.0463285	-3.07664	1
30	23.2248	17.4169	-1.01083	0.042866	1
30	12.2317	18.0319	-0.913234	-0.535931	1
30	21.0191	16.7747	0.463607	-0.746252	1
30	3.46812	20.5408	-1.22108	0.419037	1
30	22.4282	21.1869	-0.00482196	-1.54616	1
30	24.4022	20.4126	-0.388598	0.475934	1
30	24.8817	25.1659	0.578539	-2.41854	1
30	27.8965	10.6354	2.04782	-1.48832	1
30	20.2227	20.7162	0.735782	-1.23529	1
30	22.1648	26.8831	0.802401	0.0719366	1
30	16.1871	14.1768	1.20096	-0.309853	1
30	26.5753	20.0433	1.00612	-0.538333	1
30	35.8127	27.8392	0.23026	-2.12833	1
30	39.8129	16.3238	-0.707343	0.045764	1
30	31.386	22.4533	-0.671181	-0.514252	1
30	33.9767	34.626	1.23993	0.656481	1
30	30.1229	14.1996	0.760961	0.35941	1
30	35.421	19.2573	0.516192	-0.919589	1
30	30.1132	28.8081	-0.374765	0.156349	1
30	39.1885	27.7788	1.08301	-0.300103	1
30	31.9202	10.6891	-0.743937	-2.11346	1
30	0.142065	23.084	1.28528	-0.320208	1
30	7.60671	23.2207	1.16944	-1.07598	1
30	35.4407	25.6014	-1.44172	-0.796906	1
30	34.8123	28.8392	-0.854089	-1.40981	1
30	34.6421	18.2515	-0.573825	0.859563	1
30	12.3037	13.6076	1.62364	1.36856	1
30	1.83486	18.6167	-0.0821543	-1.97792	1
30	1.38708	22.8481	-0.188856	-0.857331	1
30	6.51663	10.5452	-0.382459	-0.730443	1
30	10.1317	15.4074	0.0200761	-1.3192	1
30	13.6349	16.0976	-1.03753	-0.264127	1
30	24.804	22.9681	-0.475888	0.931324	1
30	21.3478	20.4716	-0.311018	-0.288709	1
30	17.1751	12.8243	-1.1835	0.572138	1
30	26.9649	4.1793	1.89333	0.727345	1
30	20.6833	19.5822	1.65069	-0.455579	1
30	15.8461	21.9083	-0.128534	-0.179291	1
30	15.4855	27.9403	0.556082	0.321107	1
30	29.7943	8.39882	0.606735	-1.65173	1
30	29.6762	12.689	2.00059	-0.855428	1
30	32.9294	32.8616	-0.651122	0.994931	1
30	30.131	20.0993	0.420156	-0.444474	1
30	31.9444	34.9999	0.237786	0.727677	1
30	24.1221	31.2418	-1.2406	-0.26975	1
30	25.2165	21.4926	0.689705	-0.0050706	1
30	34.2356	25.5773	-0.444951	1.50273	1
30	23.0942	19.0663	1.13029	0.495427	1
30	38.1329	22.0297	-0.31891	-0.838613	1
30	26.4478	23.3017	1.26884	1.32107	1
30	34.193	29.7835	0.927588	0.215833	1
30	39.4603	20.8507	0.279718	-0.494721	1
30	3.7507	22.4715	-1.68456	0.734208	1
30	0.988189	24.9575	-1.53158	-0.741454	1
30	0.560664	9.75134	-2.67922	2.02178	1
30	29.0502	11.8209	-0.68424	0.0602367	1
30	0.397577	20.3771	-0.60583	1.50321	1
30	33.2138	13.3099	-0.966377	-1.68786	1
30	6.68223	21.3221	-0.903991	1.19114	1
30	8.01358	26.4903	-1.19662	-1.98267	1
30	20.2018	8.95254	0.0314965	0.287452	1
30	0.924181	18.162	-0.411707	0.921057	1
30	37.8385	20.5405	-0.104932	0.130934	1
30	39.6455	25.5108	-0.686776	0.512238	1
30	0.664213	17.134	0.250062	0.626447	1
30	18.7062	20.4062	0.880545	-0.632546	1
30	9.40263	22.4745	-0.319901	-1.32239	1
30	28.515	26.32	-1.84212	-0.546404	1
30	13.4834	22.6483	-1.04073	-0.0852532	1
30	25.1974	15.4602	0.772163	-0.443759	1
30	18.3895	22.5474	0.395048	-0.922637	1
30	20.5302	26.0952	0.899821	0.17731	1
30	16.4993	21.0849	-0.0702104	-1.22435	1
30	19.4981	28.9029	-0.649801	-0.884238	1
30	23.114	23.7608	-0.400914	-0.30815	1
30	12.3686	25.8248	0.605355	2.17523	1
30	28.0943	17.9216	-0.594508	1.40791	1
30	24.0826	24.409	-1.48547	2.13022	1
30	23.3526	20.606	-0.255051	-0.448177	1
30	32.7314	3.76312	-0.845609	1.2753	1
30	26.2533	13.5757	1.33947	0.887946	1
30	35.4324	31.7497	-0.499933	-1.15411	1
30	33.153	31.5352	0.0891493	0.11092	1
30	31.2844	26.2448	-0.473119	-0.904546	1
30	0.295329	27.875	0.121322	0.176771	1
30	5.81994	34.4605	-0.0770484	-0.0436689	1
30	8.88624	19.9723	1.77182	-1.24198	1
30	6.55902	23.5184	-1.04308	0.321086	1
30	30.7062	31.9336	-1.73086	0.823038	1
30	36.7683	23.0332	-1.42345	1.98478	1
30	9.53604	16.4263	-0.944624	-1.19907	1
30	1.3618	28.1354	-1.27194	0.229798	1
30	8.48046	21.1057	0.206752	-0.0442851	1
30	15.27	15.4598	0.495824	-0.747478	1
30	5.43785	19.4571	-0.124054	1.03995	1
30	13.7249	25.2246	-0.303871	0.194986	1
30	11.807	22.0089	0.207403	-0.932372	1
30	3.03083	21.4589	0.423929	1.23293	1
30	12.7601	30.2687	0.982433	1.4376	1
30	10.5126	16.79	0.264795	-1.41469	1
30	32.091	13.15	0.952466	0.0445409	1
30	29.0326	17.2682	0.995582	-0.882213	1
30	17.8192	21.3618	-1.11055	0.541663	1
30	21.8516	25.625	1.40065	-0.133802	1
30	18.0125	25.8171	1.30952	0.960382	1
30	17.9279	14.022	0.339187	-1.17877	1
30	31.1959	18.4996	-0.592032	1.49752	1
30	29.804	16.3856	-0.686655	-0.207234	1
30	21.5188	21.7257	0.380972	-0.965196	1
30	28.0129	30.0704	0.675184	-0.289509	1
30	29.1893	38.6808	0.534388	0.397437	1
30	15.9731	24.6786	-2.20961	0.621614	1
30	1.9041	33.6807	0.64722	0.997854	1
30	23.1496	21.9108	-0.826756	0.282666	1
30	2.98613	33.3753	-0.657359	1.10436	1
30	23.6379	22.868	-0.542679	-2.13249	1
30	29.3535	21.1778	-0.69188	-0.627712	1
30	38.1122	33.5363	0.731063	0.861842	1
30	35.3831	24.4811	0.256987	0.174705	1
30	31.9893	28.2994	0.0100089	0.10904	1
30	36.1579	23.7971	0.175085	1.43783	1
30	4.34653	33.0319	-0.651451	0.165337	1
30	11.0202	17.7651	-1.3314	1.39464	1
30	38.2536	35.7093	-0.932303	-0.0618204	1
30	4.44208	27.5962	1.97446	1.29341	1
30	14.1267	20.4061	-0.262137	0.227051	1
30	7.08921	24.5347	-0.21654	0.38008	1
30	24.4503	19.2802	0.752575	-0.449076	1
30	5.53766	27.4629	0.441939	0.473661	1
30	7.29379	18.5484	0.670433	-1.76885	1
30	15.2945	18.807	-0.71998	0.121435	1
30	10.1107	25.6975	-1.5492	1.00713	1
30	22.3726	16.8056	0.928814	0.789526	1
30	7.91167	19.5431	-0.147917	-0.313625	1
30	25.0305	9.35351	-2.32801	-0.879722	1
30	6.78033	27.2178	-0.691577	0.0692391	1
30	9.71039	37.1512	-1.14602	-1.20461	1
30	24.1767	18.2319	2.28445	2.17784	1
30	25.6039	19.5505	0.601188	-1.11244	1
30	26.4019	21.3424	0.713115	-0.0452115	1
30	22.43	22.89	1.19693	1.11688	1
30	21.8495	29.0097	1.39577	0.78137	1
30	17.7642	23.3287	0.548831	0.293192	1
30	24.1749	21.621	0.976515	-0.228639	1
30	26.4603	26.1865	1.40316	-0.260076	1
30	24.9546	32.1831	0.477219	-1.6056	1
30	37.9387	31.8191	1.46712	-0.513956	1
30	3.67376	37.1725	0.358336	-1.05411	1
30	35.9341	28.983	2.07149	-0.456059	1
30	5.39607	17.2311	-1.5431	0.922561	1
30	1.92311	34.7308	-0.673006	-0.626056	1
30	37.2168	29.3615	-1.08589	-0.294494	1
30	28.2426	36.078	0.2469	-0.647936	1
30	8.97411	14.9448	1.52862	-0.460966	1
30	5.85762	20.5683	0.396221	-0.0848927	1
30	36.4211	29.9034	-1.68762	1.1121	1
30	0.508668	35.4617	0.969818	-1.13644	1
30	9.45868	33.0164	-0.308147	-1.76969	1
30	10.3625	23.418	-1.18932	-0.0897863	1
30	4.34542	31.2213	0.832504	0.108042	1
30	9.12668	26.1813	-0.527835	-0.684597	1
30	14.3636	12.3316	0.767917	0.596886	1
30	19.5753	19.6759	0.214689	-0.557679	1
30	20.7198	22.6689	0.153104	0.494455	1
30	11.2423	22.9597	0.771779	-1.40801	1
30	14.564	31.7771	-0.99316	1.12055	1
30	25.9306	22.4289	-2.1972	1.05576	1
30	17.0694	24.9481	0.585433	-0.21939	1
30	5.39943	21.8215	-1.37946	0.032036	1
30	25.3411	11.596	-0.689313	-0.286267	1
30	20.5943	28.1482	1.28365	0.735643	1
30	26.536	16.6415	0.273956	-0.633507	1
30	19.516	23.2806	-0.798158	-0.387313	1
30	25.2263	28.6165	-0.183676	0.0303063	1
30	31.1416	1.33306	0.908623	-1.2567	1
30	1.42828	29.3799	1.15248	-1.50133	1
30	37.3584	30.7574	-0.0252846	-0.394724	1
30	28.349	21.3468	2.71193	-1.27163	1
30	3.41028	34.486	-0.356131	-0.679529	1
30	28.7086	22.3029	-0.0438508	-0.986655	1
30	34.5367	27.2268	0.181612	0.212754	1
30	34.1612	36.4819	-0.699817	-1.20841	1
30	35.4294	26.7094	0.441845	1.4004	1
30	0.543797	33.3525	0.703158	-0.0357161	1
30	32.1745	19.1938	1.15182	-0.740512	1
30	5.57703	32.0351	-0.664357	-0.227546	1
30	27.5992	25.5997	-2.19162	-0.935592	1
30	0.302081	29.5914	-0.0607576	-0.588643	1
30	7.42114	4.31486	0.395299	2.00327	1
30	39.3371	35.7339	0.762489	-0.933929	1
30	4.79614	22.8943	-0.619134	-1.21878	1
30	10.8457	2.93172	-0.0909492	0.249653	1
30	7.88104	1.25594	-0.6664	-0.447839	1
30	39.7731	26.7476	1.30481	-0.339627	1
30	8.22513	5.50726	0.443373	-0.479628	1
30	12.9252	20.7491	-0.973751	0.14211	1
30	8.90118	24.9184	-0.13767	-0.372991	1
30	7.6182	29.2095	-0.750113	-2.62562	1
30	8.12094	31.9924	-0.0183898	-0.5846	1
30	23.3769	26.6651	1.69375	0.453152	1
30	14.6685	34.0388	-1.49735	2.30357	1
30	11.4946	24.0961	1.09375	0.223591	1
30	25.1722	24.1478	0.786737	1.24212	1
30	10.7215	29.2154	-1.61636	0.715605	1
30	14.3901	27.2856	-0.92728	0.0742866	1
30	23.7853	25.5985	0.185716	-0.644755	1
30	11.8149	28.8439	-0.485674	2.5344	1
30	32.5444	30.1917	-0.242496	1.56802	1
30	25.8087	29.8096	1.20322	0.0331796	1
30	34.4366	32.0045	-0.954249	-0.335347	1
30	24.7478	37.2429	1.13518	1.77376	1
30	25.8811	33.4081	-1.72551	0.779426	1
30	19.1244	25.5712	-0.154283	0.573463	1
30	33.8879	33.4357	0.457122	-0.359339	1
30	28.7987	25.1718	2.18685	0.853034	1
30	29.2507	33.6607	0.0769319	0.0303888	1
30	0.873663	30.5475	1.97448	2.03921	1
30	7.00009	22.4174	1.07546	1.67284	1
30	2.45136	30.0534	-0.729989	-1.00502	1
30	39.6639	28.803	-1.20139	0.37694	1
30	30.9849	36.8025	-0.931089	-1.34598	1
30	2.67829	25.5757	-0.4914	0.183064	1
30	36.5466	25.2848	0.206162	-0.419366	1
30	2.65306	23.1563	-0.127297	-0.371036	1
30	8.51539	38.8049	0.977708	-1.06186	1
30	3.82486	25.5062	-0.34351	-0.864665	1
30	25.7016	20.5007	-1.05655	-0.695821	1
30	11.8692	16.8773	1.88025	1.70026	1
30	8.81273	28.4018	0.826381	0.508515	1
30	13.0609	26.6137	-0.569641	0.145601	1
30	17.2106	17.5036	-0.402211	-0.143114	1
30	18.0515	0.267328	-1.49476	0.0473138	1
30	9.9521	20.7295	0.0473445	-1.39688	1
30	11.3139	33.7466	1.1453	-0.681688	1
30	19.1491	32.9795	-0.770591	-0.545958	1
30	15.5029	26.6652	1.02521	1.01535	1
30	19.3547	21.2397	0.257185	0.871534	1
30	17.6735	18.5324	1.12121	0.411665	1
30	14.8283	24.5498	-0.817968	-1.82226	1
30	21.5421	31.1714	2.03063	1.30873	1
30	15.5005	32.3847	-0.601892	1.3523	1
30	19.5098	17.4284	0.524283	1.08929	1
30	37.2139	35.6202	1.43399	0.926289	1
30	30.8298	17.4512	0.462688	0.287114	1
30	37.089	32.5567	0.987733	-1.27556	1
30	29.06	28.2787	-0.861253	-1.30844	1
30	29.1674	27.1279	-0.038948	-0.230714	1
30	18.9783	26.6741	0.322175	0.341753	1
30	32.0858	36.252	0.481282	0.761088	1
30	36.5611	26.9895	-0.937248	0.734066	1
30	5.12873	28.569	-1.05687	-1.84185	1
30	7.64981	35.7525	-0.0215952	-0.557722	1
30	33.5862	26.464	0.090829	1.21133	1
30	6.44892	33.703	1.24603	0.343364	1
30	2.9903	27.7483	-0.459035	-1.2948	1
30	5.75444	38.1108	0.289516	0.692818	1
30	9.74566	38.3434	-1.69572	-0.833715	1
30	29.487	2.04896	-0.574966	-0.4313	1
30	6.87003	37.8487	-0.789688	0.422584	1
30	2.00743	24.2893	-1.88903	1.1016	1
30	7.67908	27.9125	-0.672078	0.262577	1
30	38.912	29.5768	0.229157	0.989208	1
30	20.7936	33.6858	-0.695322	1.0548	1
30	16.3119	25.6736	-0.777567	1.16093	1
30	10.241	28.2817	0.527438	-0.489658	1
30	19.7409	22.1621	-0.67244	-0.0248712	1
30	20.057	27.1748	1.1318	0.950189	1
30	22.3868	35.4915	1.27492	0.875312	1
30	20.2714	31.4617	0.815207	0.527242	1
30	12.5274	24.5403	-0.552195	-0.769587	1
30	15.9501	23.0205	0.108394	-1.03232	1
30	27.9242	28.8907	0.35646	-0.927817	1
30	22.2974	29.9559	-0.920435	-0.597038	1
30	26.2873	32.0273	-2.5846	-0.687369	1
30	29.6386	32.0894	0.219144	0.753695	1
30	29.0947	29.549	-1.30782	-0.557425	1
30	25.1127	27.5933	-2.14222	1.39794	1
30	30.5415	33.2214	-0.0940714	0.542017	1
30	5.00147	36.555	0.870463	0.350886	1
30	33.1284	35.7493	-0.915775	-1.82362	1
30	38.4661	30.6303	0.110274	-0.805986	1
30	4.59288	35.2297	0.0663821	1.26695	1
30	37.6434	34.4488	0.482966	-0.272341	1
30	37.2489	24.4017	1.42549	-1.22667	1
30	7.33416	34.4219	-0.549728	0.912845	1
30	11.7601	39.3839	-0.577679	-0.613545	1
30	30.378	30.1346	0.621032	0.648479	1
30	3.44356	32.3742	-0.420573	-1.05677	1
30	2.47397	28.7787	-0.252295	0.0283542	1
30	9.28171	29.6649	1.52359	0.201589	1
30	13.5485	19.5472	-0.179505	0.209924	1
30	11.917	20.3748	-1.46888	0.467087	1
30	0.598057	7.41861	-0.80817	0.730403	1
30	9.95466	18.1822	-0.55724	-0.193678	1
30	7.54945	13.2869	-1.29553	-0.233969	1
30	17.6751	15.8921	1.94386	0.280301	1
30	16.3635	15.6027	0.0296526	0.539734	1
30	23.3734	29.9522	1.56943	0.454273	1
30	3.91239	28.6576	-0.90683	-0.757181	1
30	2.14606	36.6758	0.652588	-0.650893	1
30	12.5067	36.2962	0.435215	0.742226	1
30	22.0424	6.77057	-1.23134	-1.02789	1
30	8.48817	34.6822	0.147449	0.330067	1
30	17.5883	28.6458	0.0589748	-0.862137	1
30	23.6277	32.2842	0.0878701	-0.381955	1
30	39.9422	31.5521	-1.59341	1.33017	1
30	26.2193	15.6844	-0.443519	-0.525053	1
30	30.7494	34.7312	-0.0893973	1.00423	1
30	27.498	22.0814	0.873047	-1.20197	1
30	29.3714	36.4195	0.859754	-0.196393	1
30	32.8261	28.9066	0.520814	-0.958833	1
30	29.1823	30.8025	0.319633	1.97814	1
30	31.9429	33.5975	0.0572846	-0.607572	1
30	34.4905	35.4687	-1.16908	-0.908267	1
30	4.84395	33.9958	0.842887	-0.712301	1
30	35.3376	34.0776	0.88238	1.23189	1
30	39.6395	32.729	0.192061	-0.13839	1
30	7.48455	33.2056	0.317311	1.65502	1
30	9.46619	34.9115	-0.322332	0.409719	1
30	10.4207	39.7562	-0.521891	1.76949	1
30	1.94531	21.8489	1.07157	1.65294	1
30	17.4278	37.5092	-0.110567	1.93905	1
30	10.3269	36.1881	-0.780932	0.76227	1
30	12.6158	33.1422	-0.218127	-0.159062	1
30	1.3316	32.5147	-1.6557	-0.041503	1
30	8.37712	23.8817	1.23739	-0.458764	1
30	8.27644	36.9539	1.09368	0.527229	1
30	15.8484	37.1127	0.987747	0.310204	1
30	3.36947	7.14155	1.01242	1.31857	1
30	15.8379	3.58187	-0.15594	1.02541	1
30	19.857	24.701	1.46382	0.082263	1
30	16.4967	32.4768	-0.234403	0.938062	1
30	21.7606	12.5099	-0.891053	-0.648792	1
30	27.3777	32.2861	-1.31378	-0.127642	1
30	20.1304	32.5681	-2.08748	-1.51344	1
30	12.5181	23.0656	-2.8061	1.20388	1
30	35.2517	36.5772	-0.484016	1.10392	1
30	28.5391	31.6535	-0.169553	0.0572542	1
30	25.9801	30.9254	0.0192225	-0.424062	1
30	15.1125	25.6506	-0.485833	-1.03039	1
30	4.25897	3.29884	-1.63329	-0.195442	1
30	17.0918	26.5455	0.808402	0.0259699	1
30	37.5104	36.5962	-0.172048	-0.522171	1
30	28.281	39.2677	1.92583	0.117902	1
30	27.4591	26.7391	-0.901548	1.05743	1
30	31.9322	32.4509	1.76957	0.59802	1
30	36.1458	30.9673	-0.567612	-0.226398	1
30	33.6351	23.1103	0.622099	1.00483	1
30	30.2314	38.7417	0.364215	1.03829	1
30	37.7807	27.4003	0.0936574	-0.877287	1
30	31.7505	3.19558	-0.301432	-0.465803	1
30	36.457	34.4933	-0.102362	-0.365175	1
30	5.24033	30.8384	-0.0908099	0.687022	1
30	7.98044	2.25444	1.06041	0.246724	1
30	2.99847	31.0638	-1.04546	2.41177	1
30	10.5626	32.7668	0.405461	-1.92092	1
30	13.5637	31.0927	-1.27173	2.1246	1
30	12.4895	0.279797	0.715933	0.956594	1
30	6.58516	32.2682	-0.809383	1.38355	1
30	12.6749	38.8752	-1.54679	-2.18262	1
30	3.49545	26.509	-1.51431	0.633405	1
30	18.4282	34.0676	0.936798	0.0460642	1
30	14.864	29.199	0.266731	-0.0141268	1
30	11.2568	28.0131	-0.283774	-1.9625	1
30	4.83604	26.5282	-0.630386	-0.0182497	1
30	16.2915	29.0758	0.102482	-0.802956	1
30	16.8244	33.5164	-1.46803	1.55679	1
30	22.2966	31.9185	-0.266827	1.85871	1
30	23.5321	28.9197	1.45058	-0.813144	1
30	20.0448	34.9558	-0.927112	-0.505054	1
30	27.7107	23.0646	1.06505	-0.651163	1
30	19.8803	0.435993	0.544837	-0.531686	1
30	27.1122	31.1324	1.72487	1.24347	1
30	29.2283	23.1785	0.377529	-1.13536	1
30	31.621	29.3355	-0.108992	-0.820948	1
30	26.7307	37.3507	0.321363	-0.520549	1
30	34.671	38.8123	-0.78051	0.414077	1
30	4.68575	39.0316	1.92898	0.306789	1
30	1.91774	38.4655	1.5746	0.960146	1
30	8.37421	30.2867	-0.208519	0.578607	1
30	2.89353	2.53847	-0.041726	0.403775	1
30	26.4241	0.551864	-0.940311	-0.168452	1
30	34.851	33.0522	0.612501	1.31419	1
30	5.85965	0.822473	0.309026	-0.876157	1
30	29.9	39.6255	0.825601	1.29867	1
30	34.869	37.6741	-0.176239	-0.506088	1
30	6.9295	0.540586	0.00539335	0.750819	1
30	9.18369	0.441848	-1.02931	0.180419	1
30	10.9185	37.5786	-0.836392	0.164139	1
30	8.2576	10.3469	-1.81174	-0.0707495	1
30	13.5626	5.8096	0.8947	1.41309	1
30	6.70738	26.0807	1.07528	3.21469	1
30	13.7565	23.957	-1.77076	-0.983769	1
30	7.93981	25.3323	-0.170077	-0.0551848	1
30	13.4203	34.3325	-2.21903	0.259379	1
30	18.655	35.0471	-0.747129	-0.88021	1
30	23.5097	5.61776	1.22703	-0.546412	1
30	15.1218	20.6737	0.781282	1.80698	1
30	27.1881	33.3494	0.973357	0.70013	1
30	21.2025	32.1749	-0.234418	-0.528674	1
30	21.8257	38.5268	0.687277	-0.35857	1
30	24.3003	36.2678	0.965151	0.348739	1
30	20.7345	38.383	-0.44394	0.266625	1
30	26.2186	27.3122	-0.220908	0.0975518	1
30	33.028	36.8778	2.5935	-1.12315	1
30	29.0738	35.0566	0.502318	-0.304929	1
30	17.7479	4.43911	-0.590806	-1.18571	1
30	33.4987	39.2518	0.255594	-0.275376	1
30	33.696	20.7141	2.36607	0.829782	1
30	29.1153	37.6853	-0.0640997	0.0948271	1
30	31.0107	0.16285	-0.1249	-0.0807623	1
30	32.333	39.6377	1.20259	-0.486512	1
30	35.8228	32.8992	0.408376	0.605218	1
30	7.2301	8.39594	0.61455	0.223414	1
30	7.04447	5.48452	0.10946	0.584572	1
30	3.49637	36.1628	1.28863	-0.123137	1
30	37.4683	3.86439	-0.832346	1.15939	1
30	1.3282	0.594098	-1.25816	1.12609	1
30	38.7465	34.5302	-0.465828	-0.752041	1
30	6.0269	8.84906	-0.0335	-0.468501	1
30	8.89487	35.8069	0.16086	0.065869	1
30	9.4133	31.9414	0.206716	-0.673539	1
30	14.5411	30.2411	-0.543554	-1.36337	1
30	15.781	35.237	-0.598579	0.740504	1
30	19.684	14.3355	-0.795058	0.946338	1
30	14.2313	26.2046	-1.04282	1.32045	1
30	16.9144	27.6696	-0.767913	-0.663983	1
30	10.5898	4.62729	0.0475241	2.19455	1
30	38.4055	28.6576	1.44769	0.152841	1
30	15.1705	7.31859	0.898848	1.35433	1
30	5.02962	5.97274	-0.537391	-1.36256	1
30	22.8658	31.0291	0.22847	-0.285952	1
30	20.2754	3.78134	-0.146314	0.783278	1
30	18.8925	4.82736	-0.388951	0.426135	1
30	26.0285	24.8674	0.797455	0.975411	1
30	10.6204	30.4303	0.438134	-1.1894	1
30	36.3286	36.1964	1.80988	0.344528	1
30	24.3411	30.318	0.445046	1.34409	1
30	21.7453	33.1707	0.992999	0.381333	1
30	27.458	6.14978	-1.00729	0.127161	1
30	39.8468	36.7649	0.47589	2.01038	1
30	32.0502	37.538	-0.270664	-1.59932	1
30	26.964	30.0958	-0.328032	0.327234	1
30	33.7928	3.5688	-1.29421	0.131213	1
30	31.1475	38.0138	-0.00786857	0.394522	1
30	28.9926	0.510368	-0.404155	-0.0587226	1
30	6.05136	36.9054	1.63948	0.612183	1
30	35.1745	30.078	-1.32218	0.0264982	1
30	5.44346	7.13628	0.786231	-0.754038	1
30	23.2132	2.7974	-1.20972	0.57306	1
30	6.00338	35.9111	1.66644	-0.505049	1
30	36.7465	14.122	0.689406	2.40156	1
30	36.6582	11.3264	-1.83895	0.306889	1
30	9.75854	7.90305	-0.533893	0.130457	1
30	12.6479	4.09824	1.54061	1.33027	1
30	7.50788	11.413	-0.804526	0.128794	1
30	39.3223	2.07513	-1.52782	-1.37661	1
30	12.7635	35.0824	1.21145	0.502639	1
30	19.7242	38.5208	-1.29693	-0.464466	1
30	4.84213	9.06665	1.02488	0.508144	1
30	5.71326	39.8424	-0.684752	0.0184937	1
30	19.1435	39.478	0.514149	0.957017	1
30	7.49074	6.40156	0.0517088	-0.494957	1
30	12.6461	31.3915	-0.489894	-0.128927	1
30	15.691	33.4718	1.45604	0.420929	1
30	28.1374	34.7785	0.909777	-1.34042	1
30	2.45482	0.889607	-0.785043	-1.70201	1
30	11.0302	26.823	0.519132	0.50547	1
30	38.62	0.954591	1.68999	-0.31284	1
30	17.5873	32.2685	-0.0451562	-1.08185	1
30	29.2965	3.13817	-1.29415	0.836839	1
30	31.2686	39.1819	-0.709093	0.489981	1
30	24.7502	38.8046	-0.610706	1.16756	1
30	33.116	2.70253	0.444845	0.656202	1
30	34.6031	12.775	0.732616	-1.73759	1
30	32.9003	34.3117	0.0151392	-2.04414	1
30	36.1618	37.3964	-0.344361	1.15952	1
30	2.03778	1.85172	-0.547866	-0.0797708	1
30	18.6551	29.762	1.76801	-0.620417	1
30	36.5764	9.25716	0.720581	-1.03684	1
30	0.686671	1.6487	-1.48057	0.264625	1
30	7.8913	37.9197	0.0420378	0.875245	1
30	39.6753	9.35217	0.27454	-1.20326	1
30	12.0625	38.0165	1.14187	-1.31291	1
30	6.98712	1.83551	1.75417	0.702511	1
30	10.4101	34.3877	1.32692	-0.421514	1
30	6.35131	30.9587	2.1917	-0.425593	1
30	8.56957	11.3805	1.23779	1.31148	1
30	36.9564	33.5656	1.15338	0.546336	1
30	18.0685	30.7049	-0.961348	0.714621	1
30	11.1903	0.424276	0.382663	1.73615	1
30	4.57473	7.92841	0.607792	-0.646774	1
30	4.4828	4.66827	-1.78143	-1.30379	1
30	13.1894	37.908	0.386151	0.0149385	1
30	17.1163	31.2967	-1.10063	-0.601659	1
30	19.4935	34.0322	-0.315489	-1.31556	1
30	10.4847	24.55	0.130297	-1.2794	1
30	18.9814	2.1582	0.259002	1.06523	1
30	20.3345	39.3903	-0.328813	-0.444774	1
30	0.169149	39.5319	-0.213433	-0.479728	1
30	20.5716	2.39634	0.0475257	-1.49996	1
30	24.7656	33.4672	0.433741	-0.327484	1
30	16.782	22.2521	-1.49466	-0.135496	1
30	27.4693	0.451664	-1.82051	0.147301	1
30	28.3112	33.2009	-1.06738	-0.365712	1
30	27.3169	27.7909	-0.409539	0.29693	1
30	37.3426	0.25139	-2.07059	-0.482243	1
30	34.104	1.23321	-0.0610343	-0.425475	1
30	35.5534	39.9212	0.169163	-0.198594	1
30	39.9255	0.801727	1.52087	0.199156	1
30	15.6276	30.5	-0.933845	0.696111	1
30	33.314	4.63817	0.566545	0.708103	1
30	31.966	2.20262	-1.15837	1.33519	1
30	5.52652	4.92528	-0.810443	-0.924806	1
30	4.42361	0.239895	-0.0510663	-0.0837308	1
30	7.2694	39.4793	-0.483289	1.45812	1
30	0.648983	4.39244	-0.931929	1.089	1
