27	33.1062	28	-1.10677	-1.32941	1.05287
27	32.0697	29.8944	1.05781	-0.453431	0.947479
27	36.2257	34.8674	0.188603	0.869291	0.939138
27	35.1117	0.187024	-1.62398	-0.366149	1.25706
27	7.42894	36.2366	-0.21168	-0.103313	1.07633
27	37.0293	34.31	-0.931209	-0.725631	0.97114
27	10.9443	2.67523	0.270666	1.31115	1.05532
27	17.3869	10.6147	0.508471	-1.0863	1.07242
27	15.6544	5.12858	0.0483821	1.01518	1.026
27	10.0296	6.04858	1.42666	0.355094	0.976391
27	13.0839	37.7588	0.370108	1.1134	1.01192
27	6.93076	4.13081	-0.179894	-0.210801	1.18542
27	17.83	35.7851	-1.17748	-1.53815	0.975637
27	22.1921	35.6141	0.0857157	1.19884	0.92656
27	14.7263	29.6953	0.232938	0.624013	0.976662
27	16.0241	2.95462	0.230289	0.151467	0.975364
27	3.09375	30.5959	-0.958037	-0.0923486	0.997112
27	8.02821	31.8268	1.14085	-2.60041	1.02598
27	28.4601	5.44509	-0.54682	-1.07773	1.24916
27	35.2552	5.14934	-0.553457	-2.47094	1.11083
27	20.8618	35.0356	-0.59546	-0.974495	1.16011
27	34.7769	8.66331	0.116591	-1.32201	1.15204
27	22.9999	32.0764	1.23742	0.948899	1.04785
27	36.1859	2.50142	1.18911	0.144143	0.902038
27	35.5715	37.4715	0.374883	-1.22989	0.795111
27	26.139	0.418408	-2.44628	-0.423907	0.931817
27	2.98413	3.24314	-0.112132	-0.374083	1.01436
27	39.5268	18.1575	-0.553916	1.00024	0.94092
27	34.2064	0.979343	-1.61744	0.743548	1.06321
27	1.52707	14.1256	1.59145	-1.18718	1.05918
27	9.81529	13.6321	-1.14736	-1.07105	0.809015
27	6.12865	13.0211	-0.451217	-0.881188	1.01917
27	1.69059	10.534	-2.02297	0.644332	1.03724
27	6.05842	6.85635	1.62257	2.4179	1.06177
27	5.78395	39.2041	0.0410226	-0.607783	0.885971
27	2.00185	1.06393	-1.19406	-0.0577484	1.01255
27	4.44016	13.3256	-0.702955	0.887263	0.843364
27	5.75693	36.4338	-0.472113	0.170344	0.977559
27	4.79059	1.89297	0.320551	-0.123368	0.965938
27	14.2574	6.88295	-1.06223	-0.0975759	1.04249
27	7.09816	11.042	0.438487	-0.538711	1.05394
27	5.61587	34.2981	-1.26332	0.210042	1.04389
27	39.5105	30.4419	0.561807	-0.909353	0.849696
27	12.4133	7.91285	-0.607655	0.519292	1.15581
27	17.018	2.44268	-0.325055	-0.981534	0.909238
27	17.9765	6.00863	0.627896	1.06206	0.895328
27	7.80354	33.008	2.20967	0.415266	0.92336
27	25.5218	8.98151	-0.305004	-0.133582	0.976647
27	34.8709	6.24998	0.859411	0.407626	0.960469
27	34.0703	5.4085	-1.84021	0.18461	1.01579
27	18.9128	5.71698	1.05545	-0.597558	0.904588
27	11.4326	33.0871	-1.09429	-1.04658	0.905845
27	27.3352	8.66534	1.55919	0.957316	1.16905
27	36.9076	3.32431	0.566247	-1.96965	1.07773
27	31.5258	37.5014	-1.83264	0.684743	1.05068
27	28.2728	6.7786	0.28122	-1.37535	1.07555
27	33.6319	37.3242	-0.457177	1.39349	0.854925
27	23.3438	1.23398	-0.396748	-0.373438	0.992584
27	34.2859	2.23174	-0.59474	-0.738668	0.978369
27	39.2627	7.81251	0.411505	-0.825439	1.16716
27	3.00868	0.519591	0.724481	-0.6145	1.06387
27	32.8248	38.0082	-0.725801	-0.928615	0.994022
27	36.4265	12.9941	0.242402	-0.809006	0.952121
27	5.46049	11.4625	-1.49522	-0.024557	1.02988
27	12.2243	5.3877	1.94391	-0.356966	0.834598
27	38.3926	32.5212	-2.27656	-0.319788	1.14275
27	0.872289	39.5638	-0.970759	0.360176	1.06822
27	39.4721	39.2271	-0.0280566	-0.442077	1.14714
27	24.3157	11.2938	0.289582	-0.0609284	0.808892
27	35.4369	35.7645	-0.358305	0.208158	1.09979
27	0.463719	7.97114	0.0586048	0.728427	0.957236
27	14.4157	11.0491	0.301007	1.18604	0.945794
27	2.65476	33.3882	-0.79085	0.588497	1.13334
27	11.4766	12.074	0.115131	1.22152	0.96705
27	8.11577	3.445	-0.208486	-0.521403	1.02799
27	4.16051	15.872	-0.375886	-0.476047	1.00098
27	8.49615	5.22111	-0.261864	1.23542	0.924032
27	16.9657	39.9282	0.325934	0.495094	1.12374
27	21.725	4.48726	0.615196	-0.457373	1.04784
27	21.937	11.2283	-1.47141	0.941869	0.899323
27	4.97333	6.70123	-1.15245	0.361729	0.926327
27	37.4891	0.902226	0.889142	-0.813076	0.998632
27	25.0498	2.80677	-1.03685	1.34404	1.00461
27	24.7306	3.98253	-1.7327	1.79189	1.19149
27	32.5164	0.918514	-0.997187	-0.882593	0.889748
27	25.2488	1.2243	0.073784	-1.62375	1.10798
27	32.9737	9.49213	-0.828598	0.784981	0.926953
27	38.005	15.3392	0.186397	1.45093	0.987513
27	24.5743	8.35256	-0.693708	-0.0955121	1.03163
27	31.3677	35.394	-0.286905	-1.25853	1.12402
27	38.3432	4.35667	-0.806842	-0.358078	0.951236
27	39.816	2.83375	0.248961	-0.137725	0.953273
27	19.7626	35.8657	0.750546	-0.213287	0.989545
27	4.42481	10.6295	1.00707	0.362919	1.13406
27	11.5194	1.53972	0.989908	0.760356	1.00139
27	38.0547	10.2246	-1.00201	-0.265422	0.877926
27	5.41927	2.84475	0.583458	-0.400776	0.937331
27	32.0874	33.4529	0.866998	-0.650161	1.15401
27	22.9902	7.00477	-0.0173323	0.205325	1.05234
27	9.19824	9.60968	-0.371884	-1.80053	0.83217
27	2.88962	5.53727	2.65655	1.12317	1.11106
27	4.07004	8.54285	2.01821	-0.363245	1.07911
27	3.37354	11.36	-0.308398	0.538214	0.980132
27	3.86363	1.28962	-1.19269	-0.513396	1.17847
27	3.57153	39.6231	0.599514	0.0754336	0.968647
27	2.45014	13.721	-0.124668	0.823183	0.910589
27	4.98535	37.349	0.810648	-1.05617	1.2101
27	9.96363	10.3008	-1.85946	0.00598185	1.02193
27	10.0849	7.61655	0.636217	-1.13395	0.908248
27	18.2275	7.08562	0.642983	-0.712979	0.982876
27	13.1307	6.81562	-1.04558	-0.43288	0.797761
27	15.1053	1.25841	-0.567267	-0.768909	1.06506
27	13.4205	34.4613	-2.17945	0.446732	0.772408
27	24.6198	6.56813	-0.399865	0.236042	0.948526
27	19.6894	34.5524	-0.761837	0.906671	0.954032
27	14.0514	39.8355	-0.909884	0.602389	1.0871
27	37.9023	3.51766	0.548451	-0.570355	0.828045
27	25.1856	5.33059	-1.78803	2.00322	0.966907
27	29.4904	8.92869	-1.33685	0.330339	1.04529
27	22.4212	3.18568	1.57241	0.404316	1.161
27	32.0749	39.9041	0.427325	-1.48118	1.06128
27	26.7137	10.5611	-1.33306	-0.89448	0.928709
27	36.7699	13.954	0.123202	1.26671	0.966148
27	32.3501	4.68192	1.24266	-0.700407	1.11228
27	34.0749	36.0853	0.173501	-1.77364	1.09961
27	29.9259	3.78479	0.0780601	0.378529	1.00023
27	39.0058	1.84569	-0.0628386	-1.03195	0.939589
27	39.3664	4.284	-0.513098	-0.723211	1.00976
27	4.52217	3.0176	-0.370575	1.30677	0.861294
27	38.9567	14.6686	0.251913	-0.72307	1.0142
27	37.2524	16.202	0.140532	0.24836	1.03877
27	14.4089	8.51907	-1.13527	0.27593	1.10492
27	6.22414	32.0495	0.66919	-0.501585	0.890209
27	1.80302	6.14765	0.270297	-0.23477	1.05727
27	3.37096	17.4252	0.5023	2.13548	1.03069
27	15.4049	7.93852	-0.550305	0.989369	0.950758
27	12.8894	10.1327	-0.866831	-1.32325	1.03849
27	12.1082	6.75252	1.22568	0.132097	0.983774
27	9.36883	1.86376	0.0754601	1.06414	0.904413
27	8.13234	27.5666	0.940678	1.51141	0.875078
27	13.5637	9.27299	1.05083	-0.33721	1.04267
27	25.4129	34.4936	0.225707	0.661806	0.934138
27	8.27089	6.19971	0.294614	-1.54408	1.05154
27	6.68382	33.7515	-0.386915	0.495951	1.08291
27	12.1276	2.55814	0.28829	-0.668777	1.14691
27	35.1034	2.81107	-0.579461	-1.85649	1.05957
27	9.82179	38.769	-0.168933	-0.168326	0.937754
27	26.7896	3.91	-1.9276	-0.136136	0.956706
27	21.1749	1.36764	-0.873769	-0.022605	1.03943
27	35.9781	4.08337	-0.057933	0.22739	1.03425
27	17.5798	3.53811	-0.979503	0.91504	0.968696
27	26.3837	36.8046	0.0301297	-0.48632	0.976431
27	28.9848	39.6067	-0.454206	0.297605	0.969879
27	25.9939	2.24338	-0.18282	0.557188	1.0033
27	16.6418	1.12632	-0.909622	-1.03379	0.988273
27	30.7219	3.10911	0.805357	-0.0939797	0.90043
27	27.1148	38.3449	-1.51844	-0.223232	1.08115
27	38.0483	8.34016	-1.30654	-0.757421	1.10996
27	38.4134	9.28188	0.41131	-0.616989	0.921734
27	26.1773	37.8527	-1.82858	0.547517	1.00798
27	24.5754	29.3016	1.0248	0.0917983	0.862318
27	23.676	6.06132	0.0359029	0.26702	0.970769
27	38.931	6.59143	-1.06539	2.18699	0.891255
27	7.23664	1.46768	-1.30312	-0.826849	1.10178
27	38.7046	11.4592	-1.1481	0.273311	0.849497
27	0.668483	10.1946	0.717694	0.346406	0.964389
27	1.44602	12.7489	0.0334136	-0.350075	1.10296
27	9.15998	11.538	-0.336048	-0.598033	1.24608
27	7.03251	6.28506	1.0971	1.61222	0.894324
27	5.45367	5.44489	-0.254882	0.111544	1.04002
27	0.830701	11.498	1.56399	-0.395911	1.05541
27	2.70181	2.11336	0.319063	0.000521036	1.00049
27	16.7664	5.14395	0.216419	1.16663	1.04691
27	19.3478	6.64695	1.6453	0.460509	1.02162
27	23.5199	7.81201	1.26679	0.560655	0.944313
27	3.42313	7.57675	-0.726173	-0.688561	0.894753
27	14.5185	15.3408	0.428508	-1.97319	1.00366
27	22.5546	12.0533	-0.566393	1.82424	0.999687
27	15.0047	13.604	0.396787	0.214573	1.02454
27	7.528	5.25367	0.651701	1.01359	0.92108
27	25.251	10.2396	0.681763	-0.361732	0.986509
27	18.923	3.72813	-0.827714	-0.759339	0.912131
27	27.1929	7.53857	-0.351495	-0.524899	0.968554
27	33.8222	6.68797	-0.0554743	0.0788668	1.0591
27	18.1419	1.85033	-1.51192	-0.398976	1.07249
27	30.7525	21.5727	1.40323	-0.170284	0.926529
27	39.9708	14.7326	0.116403	0.538275	0.868034
27	35.8257	6.64937	0.927971	-0.41013	0.960466
27	24.041	13.2153	-0.00345464	0.0937077	1.13284
27	37.1315	9.44256	0.951778	0.914781	1.16335
27	29.0725	9.85051	0.644208	0.988845	0.833039
27	36.3601	15.5841	0.67418	0.399504	0.759895
27	35.9005	33.7155	0.951678	0.240061	1.16971
27	32.9641	39.134	-1.54875	-1.01095	1.12323
27	30.4367	6.79158	0.741388	-0.0761491	1.02474
27	0.863613	5.79021	-2.02308	2.01998	1.02669
27	39.4151	10.4017	-0.764575	-0.278771	1.14343
27	2.45864	4.22554	0.814884	-0.567259	1.08101
27	0.464406	18.2607	0.948237	-1.12513	0.800965
27	0.193492	12.5491	0.05112	-0.125133	1.10481
27	30.4899	15.5165	-0.989636	-0.220424	1.05833
27	7.96456	16.2401	0.94564	2.16654	0.922586
27	21.4139	10.3114	-1.63253	0.0617275	1.08892
27	7.29946	12.8807	0.0982955	0.295678	1.0121
27	6.41262	5.55718	-0.172428	0.480245	0.92865
27	10.2308	37.2155	0.683443	-0.336957	0.94102
27	4.38882	16.8599	-0.143978	-0.662246	1.15832
27	10.4147	1.39903	-0.940162	-0.435876	1.08352
27	6.46939	8.44753	-0.9223	-0.659221	0.819986
27	9.98277	4.91609	-0.814672	2.09309	1.10243
27	27.6362	4.50766	1.3732	-0.974384	0.916297
27	22.2991	5.99524	-1.05507	-1.10778	0.998895
27	18.1427	8.24234	1.55096	1.00472	1.06713
27	23.5192	3.90435	0.783073	0.347398	1.14424
27	20.0836	8.03475	1.47432	-1.65499	1.15085
27	25.7629	7.81234	-1.32041	0.316925	1.09502
27	26.6955	13.1089	0.171032	-0.276576	0.959073
27	25.4639	11.3407	0.0168925	2.93305	1.03552
27	29.0563	1.59513	1.83695	-0.166935	1.1048
27	21.3429	2.4943	-0.543156	-0.691862	1.02167
27	20.2764	9.34968	1.51257	-0.100454	1.02129
27	28.4149	2.58472	0.90791	0.722809	1.0764
27	38.6634	2.76607	0.510364	-0.0560475	1.06753
27	39.8972	21.0958	-0.537839	-0.173253	0.819467
27	34.7674	14.3865	0.982795	0.609961	0.909768
27	6.35515	9.92837	0.803968	0.869656	0.946268
27	35.879	1.50116	-0.180706	-1.36538	1.04509
27	32.5545	15.0795	0.725067	0.0420801	1.06482
27	30.016	9.79455	1.05222	0.0679402	0.954411
27	39.7012	11.5279	-1.04369	0.5182	0.909098
27	36.4269	5.58478	-1.77365	-1.48265	1.10945
27	38.0143	13.8487	0.0542932	0.059798	1.04822
27	34.0067	12.4017	1.36191	-0.481161	0.787519
27	1.99535	8.24597	-0.49977	-1.90282	1.18516
27	1.86318	15.4484	0.547091	-1.29621	0.835288
27	9.32993	6.87431	0.0589635	0.656879	0.925506
27	2.86054	8.98732	-1.12483	-1.05449	1.01144
27	15.8581	14.8542	0.070282	0.0299329	0.673106
27	10.0539	8.59145	-1.03257	-0.410997	0.954705
27	24.4211	0.537851	0.681715	0.0249134	0.911092
27	17.1299	6.75066	1.56996	0.0691739	0.912556
27	23.503	9.54187	0.568813	1.8954	1.11182
27	7.45222	7.22685	1.26636	-1.10261	1.03823
27	7.80736	37.4085	0.02526	-0.753048	1.06344
27	22.5058	9.01446	0.662992	0.331302	1.02967
27	22.5213	1.9041	0.284711	1.25876	0.98664
27	18.7278	0.441992	0.751801	1.76087	1.01285
27	22.3617	38.9239	-2.50671	0.779714	1.14892
27	22.8036	4.95499	-0.321862	-2.06209	1.04911
27	19.8067	16.5924	0.441688	0.0220011	1.0118
27	34.042	9.78116	-1.61426	1.07331	0.868632
27	20.6506	15.8603	1.39783	-0.05351	1.11363
27	36.0993	8.7851	-0.347273	0.821174	1.00124
27	37.8434	5.52668	-0.591283	0.956561	0.903026
27	32.5415	6.7284	0.216668	0.00394778	0.92553
27	38.1829	16.6484	-0.0362617	0.577576	0.903086
27	5.70678	9.0553	1.61537	1.04089	1.00988
27	3.7581	36.5995	-0.118953	0.448145	1.08114
27	39.9937	17.3674	-1.19214	0.937257	0.922249
27	36.3514	11.4964	-0.0166523	-1.35959	1.03284
27	37.9002	7.29044	0.917073	2.85211	0.762293
27	36.1903	17.959	0.868616	0.136658	0.985325
27	38.3769	37.6767	-1.0494	0.418121	1.14603
27	8.9225	32.5165	1.12172	0.696581	0.998413
27	8.33134	23.1338	0.830998	0.393456	0.760413
27	30.7404	20.0069	-1.02047	1.2635	1.01886
27	11.2649	5.7759	0.383636	0.446085	1.03306
27	3.65125	14.0054	-0.469219	-0.705868	1.19345
27	6.76617	15.2272	-0.0522679	-0.985692	0.845594
27	15.4995	10.4947	0.92196	0.606558	1.15656
27	13.9967	5.1055	-0.274378	-0.378235	1.02494
27	16.1175	6.33804	1.52436	-0.673611	0.919059
27	10.2964	11.4681	0.447369	-0.270316	0.997357
27	8.37612	10.4472	1.45699	0.317988	1.11297
27	11.5049	15.8663	0.175755	1.51335	0.997899
27	18.7691	9.34267	1.06682	0.606794	1.16777
27	21.1064	6.08597	0.183112	-0.407912	1.12769
27	24.2609	10.4055	0.330208	-0.945557	0.946353
27	17.8235	4.94941	-0.197469	-0.288571	0.795489
27	14.9981	2.6773	0.977922	0.778777	1.07558
27	19.6482	37.0063	-1.04239	0.279345	1.01272
27	26.2406	4.80539	-1.65308	0.812362	1.04431
27	28.4731	9.12541	0.97982	0.925533	0.956197
27	23.6808	12.1045	1.11834	0.0735865	0.887342
27	37.1819	4.64465	-1.34021	0.744483	1.03889
27	32.0382	7.8424	0.37604	-1.61009	0.941107
27	24.0569	18.0655	-0.628335	0.354609	1.01289
27	37.4877	11.4064	-0.144538	-0.544274	1.05199
27	33.8322	17.7342	0.478028	0.869946	1.01602
27	30.4147	5.55944	1.77075	-0.711087	0.948893
27	20.9381	17.4517	-0.537262	-0.956736	1.02732
27	33.3379	8.42895	-1.69547	0.661132	1.10272
27	35.8232	14.4539	0.956105	-0.135606	1.07192
27	36.1284	16.6848	-0.667724	1.15305	1.04503
27	0.75345	20.5019	-0.537541	0.803123	1.08444
27	39.9919	9.03087	0.68751	-0.088855	1.14986
27	38.5242	17.8672	-0.547559	-0.460661	1.04132
27	4.5987	24.1277	-1.46133	0.471926	0.88976
27	8.03145	2.48452	0.700353	1.23964	0.871631
27	3.52836	22.5742	-0.0663819	0.970295	0.886968
27	37.4133	17.8329	-0.487215	-0.695038	1.14447
27	38.1177	21.7798	-0.0511864	-0.770145	0.881165
27	5.28627	17.7584	0.362982	1.09311	1.05497
27	11.9121	14.1209	0.455354	0.925403	1.05417
27	39.3975	15.8216	-1.89923	-1.26177	1.23637
27	17.0076	8.10053	0.18257	-0.0664973	1.05645
27	14.0976	38.495	-1.77858	-0.687388	1.00559
27	17.0475	17.1946	-0.0563106	0.455866	1.00416
27	21.4278	12.4822	0.569674	0.899268	1.03635
27	13.6928	7.70295	-0.106939	-1.99911	0.900822
27	19.5358	13.3654	-0.231765	-0.751873	0.851813
27	16.0343	13.4322	-1.39875	-0.439871	0.941289
27	35.6975	7.77746	2.40205	0.238548	0.988242
27	22.7401	14.3566	0.483961	-0.624524	0.929338
27	27.5251	9.75292	0.741775	-0.130077	0.825775
27	23.4377	2.55984	-0.25012	-0.429586	1.06464
27	19.328	19.9944	1.37392	-0.120642	0.849349
27	17.388	12.8684	0.338927	0.851609	1.02638
27	27.4238	11.7066	-0.0399864	-0.403811	0.931546
27	29.6107	6.15582	-0.721948	-0.148662	0.966834
27	35.3337	13.1632	-0.675418	1.46428	0.967442
27	12.0907	21.2999	0.872018	-0.326299	1.02745
27	38.5831	12.6746	0.348629	0.614656	1.09178
27	28.8605	14.0615	-0.298364	0.948709	0.931271
27	30.9806	4.48464	1.09387	0.380355	1.01681
27	38.6745	20.8357	0.708512	-0.107148	1.02293
27	33.0514	18.7891	0.216809	0.599043	1.06715
27	33.009	13.8558	0.654918	1.16438	1.14209
27	31.7846	14.3274	0.397345	2.42857	1.09635
27	34.4691	11.0774	1.96703	-0.647954	0.962484
27	0.584727	13.5606	0.134275	-0.463707	1.04991
27	10.8409	9.61409	0.216113	0.260892	0.962727
27	1.07052	18.9968	-0.167856	0.447122	0.92501
27	3.13646	15.8882	-0.171135	0.673402	0.918988
27	6.47405	12.0285	1.63781	-0.785804	1.03274
27	11.5655	16.8487	1.31996	1.28891	1.00286
27	1.52246	23.3738	-0.552166	-1.21398	0.740997
27	18.7336	11.0116	-0.626375	0.351834	1.08731
27	16.5795	9.18296	0.829582	0.00246427	0.975299
27	9.6253	14.8693	-0.182427	0.302753	0.958491
27	27.2268	5.65465	-0.0996524	-2.24564	0.973967
27	20.4295	6.98538	-0.458787	1.48054	1.03814
27	19.7974	4.3113	1.16353	1.16089	1.06302
27	14.3156	9.87737	0.169658	0.415843	0.97514
27	26.4504	11.6187	0.111824	0.179134	0.868623
27	26.1594	9.85205	-0.528666	0.669016	0.801815
27	31.0629	8.46549	-0.117084	0.192861	1.12179
27	32.0977	9.13289	-1.46061	-0.292154	1.01218
27	18.9368	17.2202	-1.50297	-0.570228	0.91505
27	27.0065	2.82008	1.06242	-0.74875	1.16069
27	30.4157	11.0583	2.19713	1.50349	1.06095
27	23.1235	26.1138	-0.331809	-0.795121	1.00343
27	34.1026	15.2092	0.638366	-0.5554	0.857313
27	29.3611	11.3382	0.0375904	0.622603	0.944168
27	35.6979	26.6686	0.555943	-0.497674	0.847043
27	1.37444	7.16827	0.844771	0.111658	1.05344
27	17.1992	21.1622	0.340572	-2.41296	1.03559
27	29.3746	7.3504	-0.213209	-0.156616	1.01471
27	15.9754	20.9478	-0.445342	-0.475204	1.09554
27	37.4668	12.5344	0.356098	-0.394663	0.984209
27	35.1223	11.9205	0.328723	-1.09135	1.13311
27	31.9153	11.5928	0.136116	-0.897051	1.04724
27	2.70908	10.6057	0.274357	0.0521122	0.89063
27	31.7625	12.8076	0.126545	-1.0067	1.02345
27	39.2683	13.6748	-0.05852	1.91244	0.944736
27	4.82847	14.0645	-0.0567803	3.04499	0.868835
27	0.107258	28.2409	0.802462	0.762968	1.02386
27	3.01086	12.8126	-0.519989	1.32942	0.937678
27	7.83515	14.9708	-0.174867	-0.826129	1.05503
27	18.8969	12.1022	1.35348	0.588773	1.10561
27	4.02559	12.2598	-0.0514207	-0.0365262	1.09762
27	18.7105	16.0937	-0.45431	1.46115	1.06175
27	15.4057	9.19904	0.138331	1.73459	1.19522
27	14.0089	3.51677	-0.120855	1.65187	1.03169
27	16.5633	14.3891	0.838747	-2.14597	1.04318
27	21.987	0.658416	-1.20604	-0.150233	0.918605
27	32.962	5.76871	-0.0436031	-0.788368	1.08889
27	22.2022	17.4626	-1.32561	-0.500162	1.07294
27	18.3984	13.4264	-0.0118188	-0.528931	1.13561
27	18.54	21.0951	1.4033	0.845502	1.09488
27	23.3351	11.1028	1.81338	-0.0227942	1.01055
27	24.6979	12.1254	0.793578	-0.533499	0.915896
27	18.355	14.7198	-0.98268	1.09001	0.929554
27	23.4987	15.1228	1.54596	1.07509	0.955324
27	20.4658	14.6829	0.339612	-0.524993	1.00405
27	17.5175	15.3227	-1.21672	0.271828	1.01627
27	33.3358	4.29252	1.04038	0.140902	1.04402
27	31.8204	3.57716	0.303126	0.348613	0.978351
27	22.8457	13.2862	0.432828	-0.315995	1.1435
27	34.6559	16.6817	1.16328	0.190285	0.902288
27	32.7843	12.6136	-0.107458	0.288216	0.94688
27	31.829	31.5039	-0.304795	-0.401381	0.956562
27	37.0277	20.0646	-0.948521	-0.471969	1.01331
27	1.17017	9.3325	-0.229039	-1.89391	0.838978
27	2.13776	19.0184	1.06588	-0.190615	0.986992
27	16.3236	12.0964	0.173193	-0.402537	1.08988
27	35.4562	23.1235	-0.622212	-0.295719	1.0452
27	36.1469	38.9524	-0.411761	-0.619231	1.03366
27	7.3065	17.1387	0.411499	0.0157416	0.978294
27	0.215083	6.83289	1.02528	-0.162769	0.855219
27	11.0409	29.7225	-0.497577	-1.09205	0.977043
27	10.836	14.2474	0.316188	1.20338	0.90702
27	6.29121	18.3933	1.06041	-0.488835	0.940533
27	12.5403	16.447	0.99318	-0.242592	0.926766
27	33.9992	22.1679	-1.36539	-2.35553	1.03652
27	12.9533	13.4755	0.718633	-0.801548	0.894836
27	13.3911	23.7307	0.858274	-0.328313	1.05904
27	20.7	20.3671	-0.638778	0.748068	0.935742
27	13.2856	14.9249	0.560894	-0.500623	1.13504
27	9.53015	17.4863	0.0859948	-0.404348	1.1254
27	22.5194	10.3584	-0.133119	0.072731	0.99045
27	12.9645	11.4873	-0.320986	-0.268248	1.08772
27	11.968	9.65214	0.371087	-0.252702	1.02303
27	23.137	23.5873	-1.57633	-0.164195	1.0591
27	18.1474	19.8609	-0.103982	-0.667916	1.03903
27	20.8352	26.504	1.19149	1.02269	0.900031
27	25.364	15.8344	0.350927	-1.23734	0.813238
27	31.3666	6.00974	0.0802975	1.09384	1.16658
27	35.7082	9.72952	1.35987	-0.87651	1.00623
27	25.9065	18.7051	-2.40248	-1.19281	1.06807
27	32.7404	17.6362	-0.0816461	0.671633	1.11145
27	28.0535	0.334516	0.631144	-0.476191	1.24022
27	25.2229	20.9896	-0.571941	1.2221	0.938252
27	32.7716	19.7989	1.02391	-0.900161	0.85336
27	35.9996	20.2665	-0.0805886	0.821002	0.969076
27	33.3651	10.5929	0.757807	-0.703961	0.990007
27	35.421	10.7083	0.394322	2.02561	0.941548
27	36.7199	25.3019	-1.97796	-0.22521	1.05686
27	35.013	17.5838	0.931883	-1.05971	0.982775
27	4.32599	14.9134	-0.346524	-0.653748	0.933066
27	2.27763	17.1346	-0.34825	-0.720182	0.929152
27	13.0153	26.4443	-0.0385139	0.151018	1.01498
27	17.4454	16.2924	0.171037	-0.512555	0.955528
27	0.886708	15.0572	0.222203	-0.944095	0.960927
27	10.2273	22.8037	0.30392	0.975175	0.934051
27	7.42819	24.9575	-0.543918	0.0523045	1.20842
27	2.29573	11.9382	-1.27382	0.646821	1.1588
27	19.7658	26.4609	0.26691	-2.23511	1.08392
27	11.559	10.7071	0.694601	-0.637707	1.18565
27	14.7695	21.0709	0.484403	-1.05879	0.940922
27	7.78739	11.8593	-1.02465	1.19969	1.11355
27	19.9773	10.4595	0.105563	1.05032	0.965002
27	20.3894	12.7386	-0.383569	0.4081	0.8697
27	13.9995	14.0598	2.43072	1.99684	1.04
27	8.65414	13.8485	-1.99974	0.931405	1.00709
27	14.1765	12.9565	-0.174523	0.489971	0.998425
27	12.1987	12.8886	-0.696812	-0.457597	0.841373
27	25.7875	12.4334	-0.0834389	-0.119233	1.20383
27	15.2554	22.1601	0.537052	-1.04548	1.14444
27	29.2581	15.2136	-0.519761	-0.509981	1.08821
27	24.4242	15.8997	0.594345	0.964149	0.995824
27	29.8541	14.2589	-0.298787	1.47119	0.991229
27	29.2821	29.9579	1.84558	1.39566	0.94135
27	27.2263	16.5355	1.21304	1.12553	0.847731
27	21.8404	20.6073	1.87253	0.0835666	1.0312
27	25.9315	16.7007	0.0591863	0.521819	1.05868
27	24.1578	21.3618	0.829143	-0.572956	1.05182
27	37.3991	21.2084	-0.194115	0.317897	1.02989
27	36.4404	10.3776	-0.651383	0.270952	0.846784
27	26.1644	21.1138	-0.113875	-0.416865	0.841041
27	28.4155	20.7434	-0.998636	1.77265	0.971308
27	6.23797	16.717	1.11742	1.52248	1.06054
27	2.70686	20.0056	-0.581174	0.363628	1.12303
27	5.57392	15.1658	0.338646	0.593891	0.804941
27	2.75541	27.637	-1.35505	1.77145	1.13072
27	3.45016	9.86049	0.264973	1.85194	0.918083
27	3.40342	26.5222	-1.23684	-0.695706	1.08595
27	38.5143	23.166	1.11464	1.46211	1.08921
27	14.0456	22.071	0.746686	0.355927	0.936757
27	15.9333	18.8451	-0.225642	1.02537	1.04198
27	5.31066	16.1621	0.445978	-0.168261	0.93557
27	0.592483	24.1504	1.04223	-0.712593	0.915052
27	14.4377	23.8847	0.471531	0.571823	1.06008
27	10.6602	17.5193	0.670123	-0.834019	1.02637
27	18.8542	18.6301	-0.362625	-0.750829	1.03045
27	13.6006	18.7374	0.363666	0.925427	0.77209
27	16.7667	23.8532	-1.01519	-0.108621	1.0087
27	19.6597	23.477	-0.230437	-0.452499	0.85614
27	16.0152	33.6638	0.392513	-1.10682	0.922624
27	10.1519	3.74977	0.539565	-0.132453	1.19487
27	27.8255	15.4162	0.435121	-0.672986	0.9413
27	26.4529	15.7422	0.325274	1.15435	1.02689
27	15.4768	24.684	-1.97374	0.526796	0.993518
27	21.6732	14.8373	0.15415	-0.477721	0.978877
27	28.0779	10.5702	0.106088	-1.06454	1.11033
27	28.7971	23.1128	0.163524	-1.40712	0.892199
27	28.9444	18.3839	-0.335258	0.149201	0.969363
27	35.4377	18.8103	0.0723108	0.812737	0.895891
27	31.7024	15.6816	-1.23723	0.786065	1.01983
27	16.4003	16.2429	-1.21186	0.594727	0.951229
27	23.9582	16.8243	0.00216322	1.28919	0.914439
27	30.3875	16.8684	-0.185434	-1.43562	1.06388
27	33.5671	16.6569	-0.196642	1.82128	1.09131
27	32.039	10.2712	1.50528	-0.771032	1.15311
27	35.4201	15.8078	0.697106	-0.684998	1.05816
27	7.51839	8.3915	-1.01702	1.299	1.20479
27	5.08903	12.4741	-0.332014	0.272025	1.01035
27	0.975495	17.3731	0.550966	1.70095	0.908373
27	39.2111	25.2532	0.476455	0.173634	1.04845
27	14.2882	26.437	-0.49376	0.0983762	0.996292
27	8.6189	19.574	-0.0489668	-0.0757888	1.02373
27	17.6238	11.707	-0.837342	0.428359	1.17466
27	8.37628	17.4481	-0.414779	0.966624	1.11695
27	9.87632	21.705	-0.419664	0.494478	1.10914
27	19.8437	18.1948	-1.27393	0.968025	0.863419
27	20.124	22.614	2.03269	-1.44212	0.843172
27	3.55174	23.8871	-1.82086	2.14293	1.10267
27	8.45048	7.31359	0.207011	1.51601	0.931626
27	12.7674	19.8661	1.94083	0.680207	0.934155
27	26.2639	14.7101	-0.901952	0.910776	0.893692
27	21.5593	16.6352	-0.729955	1.9203	0.973185
27	1.93799	21.0596	0.0445472	0.204467	0.999162
27	4.43531	30.4602	0.309553	0.0308866	1.03764
27	12.3337	18.9578	0.842948	1.33598	0.711965
27	24.4027	14.398	0.269466	-1.34641	1.14118
27	27.8867	28.2361	0.435572	-1.89888	1.05785
27	13.7049	17.8362	-1.80352	-1.2509	0.831106
27	28.473	8.12179	-1.61323	-1.20421	0.888759
27	38.1609	19.9241	-1.25428	-1.44657	1.00896
27	24.415	30.4203	0.408075	-0.703632	0.93635
27	28.7523	16.2998	0.744412	-0.0365281	0.968958
27	30.1939	22.5559	-0.825594	-0.75009	1.09966
27	29.9168	26.6126	-1.11382	-0.279226	0.890092
27	31.7959	20.073	-0.801731	-0.659572	0.901392
27	36.2888	19.3165	0.0490087	-0.210904	1.00766
27	31.7915	21.8251	1.48256	-1.46585	0.967808
27	31.5844	25.1959	-0.0660619	0.518968	0.977735
27	37.369	23.0137	0.724021	0.572768	0.994967
27	30.0531	27.9187	-1.14232	0.562438	0.995407
27	4.48479	18.4827	0.321383	0.542314	0.951372
27	35.0866	24.2523	0.159774	1.04901	1.15396
27	2.52856	14.8269	1.01922	-0.289564	0.933548
27	0.286065	22.034	-0.751118	-0.385798	1.12214
27	14.4595	16.5457	-1.3383	-0.800267	1.0442
27	9.28321	20.6733	0.932295	0.709538	1.02204
27	9.74163	25.6654	0.308658	-0.36875	1.10016
27	11.6542	27.2561	0.590169	-0.0311707	0.92516
27	37.8564	36.7741	0.279252	0.0934257	1.01689
27	20.5236	11.6242	0.335361	-0.955824	0.98146
27	30.4996	18.781	-0.720454	2.06352	1.14381
27	16.7768	19.7489	-0.16543	2.19083	1.1643
27	11.6955	24.6808	-0.958272	-0.665924	1.16649
27	22.834	21.778	-1.58118	0.6256	1.12889
27	18.4103	22.2317	-0.555537	-1.44311	1.02822
27	11.9735	18.1014	0.472997	0.434635	0.882712
27	20.241	21.3985	-0.444633	0.837429	1.12953
27	19.1939	15.2157	-0.906537	1.16385	0.881478
27	11.6529	19.5156	-0.609441	-0.802231	0.929907
27	16.9466	18.3826	2.08707	-1.75519	0.938823
27	25.848	6.19423	1.86084	-0.318102	1.12928
27	27.8218	13.2505	0.95419	-0.0667252	1.08029
27	33.4435	21.0077	1.5377	-0.342797	1.14049
27	25.2808	31.0759	-0.198061	-1.09795	1.09221
27	0.40513	25.2044	-1.64036	-0.237321	1.00816
27	29.7775	17.7968	0.576346	-2.823	0.884985
27	28.0222	17.3537	-1.01858	0.508386	1.04706
27	25.8171	17.7344	0.0652578	0.0262597	0.856262
27	22.8771	18.6708	0.692385	-0.78563	1.07152
27	34.5084	25.1793	-1.26006	0.00718598	1.08441
27	29.5159	19.9929	-0.169712	-1.20314	0.909356
27	36.1376	21.2892	0.409966	0.0692454	0.944952
27	38.8359	18.95	1.20285	-0.849289	1.0482
27	37.2234	24.3693	-0.180925	-1.23546	0.983681
27	5.53846	25.9388	1.03106	-0.189184	1.18314
27	4.04813	21.1145	0.543809	0.504057	1.06702
27	5.91755	19.9797	0.762987	0.89165	0.824006
27	10.9687	26.2367	1.42397	1.51182	1.15925
27	15.9225	29.3792	-0.134617	0.659419	0.983577
27	8.58135	21.8319	0.607449	-1.36053	1.06133
27	15.4294	23.4165	-0.619572	1.25884	0.917036
27	10.8009	20.882	1.14517	1.33144	1.135
27	11.4462	23.4517	-0.792983	-0.690092	1.104
27	12.7065	22.3874	1.06919	0.151931	1.09227
27	19.7003	25.2717	-0.121096	-0.0216333	0.882439
27	15.1843	19.6621	-1.00318	1.21696	1.0202
27	20.0599	30.0632	0.460229	-0.913199	1.12081
27	19.1316	24.4626	0.543377	1.40766	1.12655
27	29.5614	24.0167	1.76054	-0.320773	0.941696
27	21.4728	34.0643	-2.22526	0.12326	1.06539
27	13.5247	16.0401	1.46747	-0.263726	0.873462
27	18.1041	17.8301	-0.966805	-0.297404	0.929709
27	12.6362	36.8355	-0.74938	0.200697	0.93615
27	17.4035	25.7036	1.67877	1.23678	0.863807
27	16.4898	22.3181	-0.554547	-1.1546	1.125
27	25.8268	13.7704	-0.214289	0.297226	0.832753
27	25.3625	33.4439	-0.688392	0.742561	0.82884
27	26.8518	23.0322	0.208329	1.16441	1.00967
27	27.169	14.1858	-0.678637	-0.90515	0.912434
27	29.1136	12.6827	-0.603176	0.258849	0.897019
27	33.806	24.2337	-0.534517	-0.783652	1.12667
27	35.0924	21.8204	-1.41785	-0.0769552	1.08324
27	0.583346	16.3245	-0.519096	-1.79509	1.03485
27	7.49465	18.3314	0.576234	-0.746145	1.24276
27	39.1902	22.0562	-0.0465586	-0.540585	1.12299
27	1.77724	18.0552	0.0492027	0.811506	0.994894
27	37.4458	19.0691	0.632868	0.345195	0.933465
27	7.48894	21.6585	1.49483	0.179004	0.951556
27	34.9909	20.6651	-1.01429	-0.150812	0.841157
27	9.29044	22.7193	-0.392171	-0.420661	0.995835
27	11.3722	28.5971	-1.20917	0.357817	1.11281
27	10.1054	19.7506	0.292922	-0.036081	1.01335
27	6.81958	19.3893	0.506409	-0.261055	0.916288
27	2.104	31.3037	0.0148341	0.294838	1.09607
27	6.43444	20.7336	0.489159	-0.477639	1.07224
27	10.8009	18.7425	-0.384135	-0.177772	1.07308
27	10.0069	16.439	0.359129	-0.879762	0.958488
27	7.49914	20.5045	0.757904	-1.17092	1.12881
27	10.0864	12.4567	0.667147	1.14443	1.07562
27	17.5487	22.7872	-0.661524	0.781877	1.05157
27	12.853	28.8783	0.780965	-0.366712	1.06381
27	30.9197	9.65177	0.798809	-0.833284	1.00464
27	25.4569	25.2964	-0.525662	-0.454198	1.08725
27	20.469	28.776	-1.34162	0.292066	0.904988
27	24.7774	19.301	-0.670847	1.17511	0.985511
27	20.5519	24.0496	1.01655	-1.38185	1.10688
27	26.6445	28.3067	-0.815075	0.123865	0.951703
27	29.8525	21.078	1.00526	0.723909	0.877738
27	23.0209	36.7138	-0.254925	0.0380427	0.973233
27	29.7492	33.9516	-0.869364	1.13513	0.97848
27	31.3666	20.8823	1.6688	0.882954	0.922796
27	27.9154	23.9716	1.17082	-0.0237793	1.09906
27	27.8778	22.7926	0.51004	1.11517	1.05922
27	30.2361	12.6137	-0.571353	0.508133	0.989231
27	21.4118	13.5069	-0.305211	-1.2715	0.98957
27	32.0938	23.32	0.631198	0.142989	0.986011
27	5.66633	22.6731	0.814651	-0.240738	0.958946
27	27.552	25.089	-0.626132	-0.770527	0.952873
27	4.12197	19.6048	0.261011	-0.965371	1.01559
27	39.4615	24.1489	-0.960426	2.25737	1.02325
27	39.9368	19.2011	1.19014	0.769555	1.07003
27	5.1981	35.272	0.704599	0.914673	0.96405
27	8.8494	30.9015	-0.208303	0.0249043	0.994874
27	14.9131	18.5559	0.707225	-0.101804	0.940905
27	28.9659	28.2717	-0.176297	-1.73031	0.859218
27	4.03387	32.5075	1.52274	-0.337024	1.11675
27	13.936	19.932	0.440444	0.459006	1.06379
27	8.95839	26.7651	-0.871897	-0.54468	1.03547
27	4.23363	25.1264	0.223885	0.298176	0.904478
27	15.5382	26.713	-0.334894	-0.988609	1.03339
27	16.3216	25.6097	-0.188047	-0.360088	1.00348
27	8.47732	25.9634	-1.71358	0.0577337	0.85245
27	15.1007	25.7428	2.15767	-0.33007	0.981078
27	12.0024	35.7318	-0.00534238	0.33481	1.09934
27	18.4334	25.8949	-0.479136	1.09275	0.929835
27	19.0567	31.728	-0.975047	0.26873	0.973805
27	31.1224	29.5186	0.511826	0.1445	0.787326
27	18.4159	23.3764	-0.452847	1.48453	0.915032
27	5.80293	14.0244	-0.838527	0.862345	1.02309
27	33.2897	23.3164	-1.31237	-1.8578	0.985308
27	24.9241	17.4458	0.11548	-0.608744	0.882345
27	20.0843	19.2592	-0.237895	0.274585	1.06327
27	32.8852	22.1874	0.109132	-1.08131	1.12307
27	21.0792	32.2122	-0.703969	-1.25291	1.05406
27	21.6245	21.736	0.537537	0.524914	1.01469
27	29.1854	25.9698	-0.130931	0.135051	0.887268
27	30.6408	25.743	0.738507	1.02311	1.10091
27	37.454	33.3917	0.957447	0.217437	0.827478
27	21.389	29.815	0.757342	0.883277	1.05527
27	28.3984	19.5465	-0.455056	0.428269	1.17781
27	36.3973	22.2975	1.29061	2.12332	1.04039
27	0.517404	30.7745	0.892544	1.13043	1.02947
27	3.93698	31.4572	-0.600503	1.38635	0.839922
27	6.90402	22.9819	-0.0359122	-0.824381	1.06345
27	16.1482	28.0771	0.0251206	1.39926	0.998966
27	11.3977	22.2289	0.150536	-1.77071	1.11453
27	5.05294	21.7307	0.57415	-0.42594	1.07335
27	14.9071	17.5042	-0.409654	-0.4494	0.907825
27	5.72097	28.1593	-1.7585	0.360986	1.20963
27	14.3409	36.1594	-0.889715	1.56782	1.06437
27	38.9888	27.4986	-1.4208	-0.202467	1.07832
27	18.8121	28.7972	-1.79468	-0.89337	1.07419
27	13.3672	33.5368	-0.712334	0.623679	1.02344
27	16.8572	34.382	1.05908	-1.12248	1.07691
27	22.1777	24.6359	-0.671404	0.503807	1.01678
27	18.933	33.5261	1.22969	1.05726	0.657501
27	9.14558	27.9472	-1.92381	-2.49101	1.17889
27	16.8493	26.5512	0.415196	0.270529	1.09755
27	24.3346	20.3819	-0.0234723	-0.216926	0.987402
27	27.084	18.3436	0.406262	-0.746366	0.922283
27	16.9392	31.5167	1.87348	-0.262042	0.935093
27	16.764	35.5062	-1.30755	2.20384	1.01199
27	19.8037	27.487	-2.03842	1.36139	1.00627
27	22.1999	27.0764	-1.51755	-0.486916	0.956657
27	29.9766	35.9988	0.298497	-2.71374	1.01182
27	26.6138	25.4881	-2.35889	-0.476642	0.968304
27	32.0122	28.7525	1.2877	0.448902	1.00962
27	26.2354	24.0484	-0.184532	1.09161	1.17263
27	27.3517	21.327	-0.666389	-1.17347	1.21871
27	32.8077	24.7465	0.26646	-0.0213635	0.930227
27	8.43513	35.6099	1.86415	0.284119	0.991463
27	31.1408	26.771	0.537762	-0.447806	0.944261
27	39.8854	26.1515	0.571167	1.16398	1.01251
27	1.65238	28.0527	0.586102	-0.889816	1.04949
27	28.4292	29.1274	-1.72259	-0.137431	0.898944
27	27.3554	30.9193	-0.29925	2.1454	0.876482
27	26.5493	20.2071	0.195796	0.915513	0.887543
27	3.16851	19.027	1.39434	-0.436922	0.897621
27	35.9341	28.699	-2.09296	-1.47387	1.17575
27	6.23693	21.7675	0.705115	0.42866	0.856095
27	6.00884	1.51956	1.26389	0.137003	0.962523
27	4.70971	28.9364	0.756199	0.416408	0.906882
27	1.63293	35.8178	0.39098	-0.210345	1.04984
27	2.24355	29.4364	-0.57377	-1.19788	1.38703
27	1.00624	36.6096	-0.330671	-0.644737	0.875627
27	9.33697	29.788	0.169069	0.492642	0.970964
27	21.0998	27.5596	-0.80138	-0.853499	1.13538
27	5.8082	31.0168	-0.195977	1.67572	0.906234
27	8.85298	18.4657	-1.32834	1.02208	0.96867
27	25.6212	22.87	-0.483843	0.773172	1.05423
27	23.0407	34.594	-1.64444	0.512741	1.07609
27	14.7322	28.4131	0.965755	-0.870754	1.0294
27	21.6149	28.7476	-0.158307	1.6844	1.08023
27	15.7957	31.4638	-0.417956	0.69798	1.02093
27	21.4847	23.0939	-0.991972	0.544799	1.21767
27	21.2153	19.4523	0.151472	-1.42863	1.09072
27	26.5925	31.9758	-0.0507057	-1.03538	1.0895
27	27.9386	30.0768	-0.387187	0.145962	0.995604
27	38.5091	28.4416	0.749019	-1.65919	1.05881
27	15.974	17.6174	-0.000662725	0.439948	0.916603
27	26.8568	17.4373	-0.971121	-1.26192	0.970595
27	39.6112	23.0155	1.60828	1.67926	0.902984
27	34.9672	29.3061	1.54875	0.610115	0.988791
27	23.6434	33.0616	-1.11778	0.0360445	1.03647
27	38.5023	30.789	-0.901624	2.24389	1.05155
27	37.6871	26.5094	0.450342	1.39559	0.9909
27	28.7317	34.0006	-0.126638	-1.87468	0.949671
27	36.6823	29.4905	-0.224173	0.458879	0.954312
27	32.4531	20.9551	-1.15687	0.311281	0.946967
27	0.423756	38.1883	-0.430498	-0.590357	1.02262
27	7.14982	2.59332	0.124992	2.23051	0.90491
27	6.64372	37.0337	-0.709739	0.0848498	1.02804
27	35.3946	25.7259	-0.666948	2.06463	0.909534
27	10.4487	39.9808	0.0920758	0.460205	1.17336
27	14.1212	24.9475	-0.440719	1.12855	1.07297
27	8.76121	25.0514	-0.361705	1.4309	1.03892
27	19.7049	39.7855	0.479183	0.83663	1.02168
27	2.98804	21.8076	-0.180631	0.0406786	0.877559
27	14.7904	32.3628	-0.0873052	0.552093	1.10314
27	15.5021	30.4203	-0.0064316	-0.280538	0.953048
27	24.061	28.1312	-0.0661519	-1.72587	1.11905
27	20.1064	37.9804	-0.387438	-1.03173	0.948019
27	14.5857	33.4012	0.306318	0.190216	0.953359
27	25.4279	32.0855	-0.678974	0.240478	0.881806
27	17.3764	33.5298	-0.908791	-0.765838	0.958569
27	23.3018	35.6733	-0.300258	0.929346	0.868608
27	15.5214	34.7255	-0.186383	0.503025	1.03496
27	18.8085	26.7417	-0.63498	-1.1343	0.848648
27	26.4109	29.6768	-0.276104	0.124845	0.90867
27	20.9462	38.6844	-1.41213	-1.75738	0.978004
27	21.1448	37.5676	0.493054	0.261018	0.972369
27	29.4152	32.9448	0.734329	1.25809	1.04646
27	31.5234	27.6302	-0.22962	0.490253	1.03183
27	28.399	31.5202	1.9705	-1.27787	1.13415
27	4.54499	26.5167	-0.361304	-0.68849	0.967244
27	0.645542	23.033	1.12621	1.24078	0.95787
27	38.7314	31.6474	-1.04509	-0.0309996	0.683338
27	30.9011	28.4177	1.00156	-2.27894	0.917518
27	34.6617	26.425	-0.832539	-1.69484	1.07866
27	36.4279	30.3509	0.453296	0.571314	0.912687
27	38.4043	39.0744	-1.05156	0.349119	1.01274
27	32.9499	31.3094	0.0808442	-1.57691	1.23003
27	6.23559	35.403	1.00842	0.835384	0.984129
27	1.99132	26.8824	1.46838	2.71193	1.08388
27	39.7609	0.455194	-0.450922	1.46524	1.08099
27	2.81401	38.6804	-0.452018	0.547477	1.03715
27	38.7576	26.356	-1.00671	0.0430794	0.977865
27	13.6211	31.9482	-0.479676	-1.49472	0.939672
27	22.0388	25.9064	1.02686	1.37977	1.05864
27	2.99114	25.0308	2.35104	-1.43996	0.936801
27	11.5084	34.5806	-0.574224	-0.229256	1.00744
27	24.1474	25.6831	0.0148836	0.801005	1.14662
27	13.5888	27.3647	-0.277745	1.37675	1.0112
27	18.8678	35.3271	0.88427	3.1338	1.03869
27	11.0916	36.6015	0.497987	-0.29684	1.16802
27	20.8587	25.404	1.05531	-1.19258	0.935849
27	22.1046	7.96957	0.0572097	0.155886	1.0979
27	11.7303	38.1128	-0.267821	1.06217	0.957758
27	15.9422	1.88971	-0.047173	0.754175	0.754984
27	14.0651	37.2788	-0.324991	0.0295123	1.01529
27	17.5662	0.760074	-0.610613	-0.580089	0.954975
27	24.6833	22.3887	-2.04943	1.33527	0.92256
27	28.0742	34.9501	0.479446	-0.466873	1.07079
27	30.0575	30.8185	-1.1319	-0.204028	0.986661
27	23.8837	37.8605	-3.04129	0.0246994	1.00487
27	35.1018	38.8402	-0.359622	-0.281266	1.13105
27	36.3198	36.9379	0.320131	0.21415	0.897915
27	34.891	19.6596	-0.786128	-0.842172	0.970593
27	33.3686	25.845	-1.0624	-0.676198	1.13756
27	34.4017	23.174	0.51646	0.250572	0.978948
27	0.588567	26.8917	0.171348	-0.358243	0.812844
27	30.3042	29.7635	0.597681	0.505509	0.902719
27	27.3138	33.7986	-0.331145	-0.328746	0.852532
27	3.82921	29.5003	1.20859	1.08004	0.942445
27	1.72936	24.3769	-0.325332	0.282	1.06955
27	34.7116	33.0366	0.248214	1.66218	0.972498
27	8.98229	23.8419	-0.126673	-0.451745	1.04494
27	37.9937	34.0889	-0.132441	-0.713397	0.914691
27	37.7992	27.6919	1.84329	0.0815196	0.932613
27	10.4167	24.1526	0.149679	0.110168	1.05664
27	11.3272	39	-0.482144	0.440734	0.955718
27	4.47055	34.3076	1.80479	-0.224847	1.03439
27	6.63293	26.4889	1.53228	0.3832	1.10849
27	18.0556	29.5299	-0.0298522	0.442023	0.949986
27	17.0644	24.8465	0.762069	0.807842	0.890232
27	12.5893	34.8068	-0.30013	1.40622	0.867628
27	10.0986	26.987	0.461207	-0.859296	0.978675
27	20.1576	31.2795	-1.63585	0.993056	1.026
27	34.4861	4.28474	2.39642	1.03282	1.08337
27	24.3319	35.5477	-1.61956	1.2583	1.08619
27	19.6081	1.20035	-1.49909	1.41115	1.0097
27	16.5037	36.9879	-0.0856978	-0.920455	1.17454
27	25.9075	35.694	-0.468714	-0.102047	1.0171
27	13.8087	29.3754	1.37684	-0.642715	0.964068
27	23.745	22.4862	-0.15107	1.08615	0.898918
27	28.4456	33.1318	-1.48525	1.20758	0.918085
27	22.3921	29.5596	0.91031	-0.784824	0.946318
27	28.6718	27.206	-0.89613	0.132293	1.11065
27	33.9558	39.7233	0.272345	0.565691	1.05132
27	33.9045	19.9533	0.38762	0.590193	1.07754
27	34.2348	18.8134	-0.823062	-0.982121	1.0575
27	29.6526	28.9321	0.808926	-1.3256	1.03775
27	30.6764	33.5837	1.65387	1.38686	0.935274
27	23.3907	19.7743	0.0398335	-1.16939	1.14903
27	39.6804	29.2721	0.00590238	-1.22654	0.875744
27	26.2775	33.8026	-0.0344464	-0.432231	0.980216
27	11.5236	30.8889	-0.870643	0.338352	0.997946
27	38.885	35.2229	0.745177	0.0782641	0.956637
27	3.19536	28.6028	0.409017	-1.67632	0.85566
27	13.347	5.86224	1.01729	-0.802518	0.83691
27	8.64263	36.6592	-1.35645	1.16102	1.00107
27	5.71271	24.7703	1.4047	0.375308	1.0346
27	3.76489	4.10648	0.178711	0.67668	1.02166
27	8.52701	8.98995	-0.53329	0.969816	0.92723
27	13.3249	20.834	2.20541	1.02897	1.07261
27	17.7469	27.3439	0.0774733	-0.345822	1.13526
27	10.7755	35.4676	-1.05114	0.586464	1.02498
27	15.134	5.98273	0.312146	-0.866972	0.957029
27	8.01787	30.0532	0.350957	-0.47422	1.08983
27	9.98553	28.6875	0.998392	-0.800786	1.02311
27	14.9022	4.21414	0.317025	-0.555524	1.00183
27	12.8464	31.2726	1.23685	-0.850241	1.0354
27	12.2262	33.7077	-2.78741	2.09086	1.08902
27	29.5456	25.0268	-0.603964	0.707212	1.06525
27	20.9908	3.51089	0.682883	-1.19779	0.943208
27	19.0923	30.6402	-0.432328	-0.426225	0.856898
27	37.8949	29.4352	-0.75509	-0.0405401	0.861361
27	29.1099	22.158	-1.2483	-0.195274	1.00661
27	22.5956	28.2642	-0.821763	0.914886	0.949876
27	21.84	31.3487	-0.0485458	-0.716532	0.905565
27	33.8743	30.1636	0.883327	0.432728	0.974634
27	37.2469	2.2752	0.00780356	1.82874	1.06793
27	34.1516	34.8727	0.516239	0.633528	0.970194
27	34.6051	37.0952	0.0915624	-0.744872	0.986903
27	31.2989	24.1198	0.764546	0.925679	1.09479
27	27.4176	26.3072	0.366984	-0.75412	1.06057
27	37.7139	39.8501	3.29194	-0.373342	0.875089
27	38.9545	36.5219	0.0159527	0.234782	1.20433
27	25.0473	37.1257	0.0383304	0.902604	1.09896
27	4.62684	22.8782	-1.19639	-0.216384	0.971233
27	1.23358	25.9158	-1.50969	-1.59909	0.995458
27	6.75408	39.2436	0.887553	-0.207432	0.908455
27	6.37875	0.280256	0.29229	-0.555517	0.897644
27	7.6292	34.283	0.28781	0.40396	1.06273
27	10.2594	30.7174	0.0798162	-0.395738	1.18546
27	2.71617	35.7415	-0.244286	-1.21123	1.01109
27	5.85657	38.1171	-1.36081	0.200767	1.04744
27	25.4265	30.0405	-1.25308	0.817778	0.962787
27	34.8332	28.1051	-0.295271	0.583989	1.13878
27	13.2929	35.6403	0.483002	0.58748	1.0573
27	12.2373	30.0078	0.439545	1.00612	1.07618
27	17.9784	31.9669	1.00205	-0.700271	1.00509
27	12.661	32.4579	-1.04725	-0.328977	0.887721
27	19.8969	5.76815	1.08382	1.51749	0.920194
27	19.8904	2.91064	-0.881243	-1.56793	1.11929
27	23.5032	38.9362	0.0211906	0.626956	0.991367
27	17.6085	36.8603	-0.0289457	0.920118	1.092
27	28.924	36.1217	-0.467987	-0.688765	0.977985
27	33.1045	35.7414	0.929615	1.8247	1.00606
27	23.3528	24.7031	0.378637	-0.799905	1.18814
27	27.2272	29.167	0.761736	-0.0739985	1.0004
27	35.1591	30.5152	-0.0895908	-0.375999	1.07715
27	2.06609	36.8261	0.222103	-1.18721	0.943983
27	19.9954	32.4273	0.433944	-0.272276	1.11295
27	25.3234	28.2594	0.878399	0.553764	1.17036
27	26.6156	27.2115	0.100701	1.983	1.06997
27	30.7645	31.7047	0.519639	0.359647	0.951949
27	31.6613	17.2912	-1.76498	0.343486	1.16375
27	31.3579	32.5412	0.0308481	2.13532	0.973649
27	33.7976	33.7312	-0.639579	-1.33479	1.22913
27	1.93577	3.0359	0.318648	-0.851865	0.957514
27	36.4016	23.6824	0.946374	0.402573	0.831235
27	39.7539	31.5879	-2.34208	-0.664808	0.86062
27	3.86346	35.4354	0.243551	-0.0712637	1.09369
27	30.2983	34.9085	0.714107	-0.884422	1.02364
27	28.3615	37.1788	0.295759	0.912044	1.0726
27	3.0284	31.8854	-0.438085	-0.109074	0.988589
27	39.4614	34.1932	1.76158	1.22239	1.06477
27	9.9242	32.9126	0.711562	0.303797	0.771194
27	10.6991	38.1247	-0.487807	0.400679	0.981508
27	5.40676	29.7009	1.41113	0.132861	1.10792
27	24.0609	23.7375	1.75214	-2.28079	0.896306
27	12.7121	39.0317	-0.0868748	0.181063	1.12393
27	18.311	39.3758	1.62408	0.885909	0.996433
27	24.1903	31.9272	1.36831	0.758133	1.25186
27	8.12511	28.6126	-0.841904	-2.03837	0.946438
27	18.6544	4.73374	-1.24511	-0.0398205	1.00693
27	18.6374	32.7702	0.25702	-0.913641	0.867159
27	31.5387	2.53947	-0.0273228	0.918156	0.9394
27	26.0353	26.2785	0.921843	0.467889	1.00997
27	18.66	36.4614	-1.65862	-1.37726	1.04254
27	21.023	36.3023	0.723234	2.10695	0.924871
27	33.9156	3.18198	-0.628053	0.634324	1.01489
27	22.2872	30.4941	-0.0171097	-0.0685152	0.834544
27	29.1485	35.039	-0.337026	0.660591	0.920987
27	35.2578	34.6386	-2.61458	-0.828442	0.916462
27	17.9036	18.8831	-0.899854	-1.46172	0.999718
27	22.5857	33.4467	1.37743	-2.02412	0.962089
27	23.361	30.9021	1.26407	1.79794	1.07259
27	30.9607	39.6885	0.849344	0.853856	0.862297
27	25.0323	23.9114	-0.767516	0.998085	1.04291
27	28.0786	38.9352	-0.344516	-0.0111606	1.04689
27	33.2001	0.326184	-0.751654	2.15017	0.829545
27	37.434	30.4072	1.24289	-0.612141	0.964022
27	34.0915	32.222	-0.792594	-1.80386	1.0539
27	0.937392	28.9748	-5.85889e-005	-0.943646	1.10701
27	3.77505	2.32888	0.530574	0.618054	0.906435
27	39.4022	38.0984	1.22035	-0.53313	0.963527
27	4.2155	27.9862	-1.26957	-0.248005	1.04972
27	9.4619	34.8667	0.611656	-1.07706	0.976859
27	36.5239	26.3463	0.245536	0.512941	0.865485
27	11.5425	3.67322	-1.3994	0.424288	1.01793
27	9.35646	37.7342	-0.628457	-0.94076	1.09418
27	16.7452	38.7085	0.398666	-0.308614	1.01573
27	24.4035	1.94568	-0.998231	-0.858074	0.94182
27	11.6572	31.9235	0.334621	-0.715809	0.928245
27	16.2586	4.03896	-0.152397	2.59518	0.947174
27	20.6119	33.3763	0.0568219	0.0375378	0.970742
27	14.9416	37.9028	-0.311924	-0.988763	0.958173
27	14.512	34.9304	1.0092	-0.0631838	1.05787
27	15.5637	39.5661	-1.21127	0.675038	0.999357
27	21.7415	33.0109	0.915059	-0.673617	0.874998
27	24.2503	4.93603	0.446262	1.01931	0.90787
27	24.7348	39.5425	0.400942	-1.40299	0.810987
27	24.3535	34.2192	-0.72993	-0.294549	1.31115
27	23.4225	29.1371	0.091883	-0.278952	1.07389
27	29.4697	37.2244	0.607617	1.9695	0.984738
27	22.5609	0.0173245	-0.346336	0.393499	0.841995
27	27.4934	36.6044	-0.526593	0.0660195	1.07683
27	25.5654	21.8787	-1.08469	-2.12245	0.754633
27	26.3744	30.8016	-0.315217	0.202161	0.939505
27	30.8024	0.80508	1.61863	0.0993018	1.00663
27	29.5156	38.6784	-1.48648	0.00102601	1.06184
27	36.4637	0.255961	1.28732	0.196201	1.04467
27	0.715537	3.59248	0.158817	-0.310376	1.05081
27	0.111895	1.58079	0.609277	0.643965	1.03991
27	4.42221	38.8427	-0.736173	-0.809405	1.12965
27	0.794561	0.753005	-1.51764	0.337518	0.961272
27	5.09495	0.628135	-0.834086	-0.962582	1.07878
27	33.0337	32.6918	0.603743	0.0993253	0.992426
27	39.4511	32.5476	0.791047	0.435826	1.01433
27	35.8098	31.3499	-0.0776373	-2.08225	1.00942
27	5.67341	3.92152	0.291828	1.22116	1.01909
27	0.897621	33.8082	-1.19637	-0.982249	1.03301
27	7.73689	38.9823	-0.365383	0.0724445	0.95529
27	3.46962	34.0779	0.971367	-0.698278	0.869293
27	13.1475	0.808258	0.30732	-0.444128	0.989064
27	7.4841	0.166812	-0.900669	1.72797	1.11128
27	10.3774	34.3199	0.256879	0.552097	0.986113
27	18.772	37.6453	1.85036	1.1298	1.05817
27	12.2699	4.41299	0.47892	-1.57411	0.94755
27	31.602	1.55398	-0.150698	1.03253	1.06177
27	30.2229	1.84192	-0.553014	0.41071	1.06565
27	21.2723	39.5646	0.287999	-0.440248	0.871509
27	33.2788	1.65903	-1.49638	-1.04591	1.10119
27	26.6587	1.31085	2.90178	-1.54225	0.952636
27	36.5858	27.4682	-0.187086	-0.0409407	1.06296
27	24.0187	36.7754	-0.981899	0.69238	0.95659
27	26.4917	34.7738	1.34462	-0.62755	0.999888
27	5.56059	7.87488	-0.699702	1.2178	1.13493
27	30.4253	38.0347	0.743526	0.0822595	0.909899
27	23.4469	39.9139	-0.0841001	0.0586055	0.876859
27	1.60642	37.6767	1.59959	0.321356	0.965244
27	37.3788	28.6255	-0.0162998	1.474	0.91018
27	25.9525	39.269	-1.5681	1.13804	0.942904
27	31.6127	38.8162	1.12621	0.260663	0.94048
27	1.5683	32.9849	1.44047	-0.601711	1.03991
27	0.190964	37.2096	-1.22999	0.0742542	1.00405
27	4.70421	9.58155	-1.06878	-1.29948	0.930221
27	36.658	35.889	0.19001	-1.57609	1.11385
27	0.835741	2.44979	1.10062	0.183021	0.947616
27	9.07986	2.87412	-0.316348	-0.980174	1.04578
27	7.36929	9.54265	-0.381372	0.168539	0.954146
27	0.556289	32.2645	-0.763787	-0.744406	1.04381
27	7.05236	38.2115	0.98308	-0.987962	0.844592
27	12.8153	3.4256	-1.29786	-0.124526	1.05415
27	7.49818	35.3163	-1.80438	0.694425	0.792411
27	7.07636	30.7346	-0.46673	-1.56279	1.0835
27	8.46173	1.37632	0.699847	0.0675173	1.03714
27	38.0772	25.0779	-0.0383674	-1.17125	1.1377
27	14.6831	31.1367	-0.338522	-0.59894	1.02658
27	10.5566	32.0261	0.313359	0.720755	1.01609
27	11.1203	4.67955	-1.05089	-1.7994	1.01858
27	38.6056	0.573786	0.0545784	-0.79087	1.09509
27	5.04937	27.2278	1.27003	0.419203	0.782251
27	16.5825	30.181	1.69211	0.0290248	0.944361
27	12.1227	0.220573	0.346645	-1.99851	1.19502
27	32.8145	3.09419	-1.08446	-0.703919	1.00351
27	22.6381	37.8527	-0.278089	-0.324344	0.998294
27	34.4761	7.38941	-0.227147	-1.94455	0.844767
27	16.4995	32.585	-0.718933	-1.92452	1.06466
27	32.3445	36.8455	0.848737	1.12138	0.971931
27	19.2465	38.8298	-0.583909	1.83293	0.9658
27	17.727	38.0972	0.557902	0.39616	0.968445
27	36.508	32.4817	-0.606512	0.355362	1.25072
27	32.4103	34.4247	-1.11454	-2.02047	0.876619
27	34.0448	38.6921	0.608249	0.674071	0.933907
27	27.7538	1.6319	0.484532	-0.471252	1.19391
27	2.05706	0.00127445	0.970748	0.954201	0.978201
27	31.1137	30.6525	-1.75921	0.11374	1.01452
27	2.64004	23.0326	-0.326719	-1.32527	1.03803
27	24.584	38.7192	1.48894	0.000136171	0.84063
27	37.5415	31.5888	0.510765	0.464017	1.00818
27	33.936	29.1388	-0.999564	-0.962717	0.996256
27	3.64146	37.8086	1.41302	1.68742	1.09528
