6	36.9001	30.8203	0.0474326	0.861718	1.05287
6	34.9198	29.9316	-0.460895	-0.925395	0.947479
6	38.4062	38.3442	-0.805866	-0.516126	0.939138
6	34.5156	2.88718	-0.669919	0.93053	1.25706
6	8.26199	39.0746	-0.114476	0.993843	1.07633
6	39.0561	39.7184	0.754454	0.550667	0.97114
6	6.78858	2.13637	1.19267	0.337227	1.05532
6	15.0774	10.6068	-0.0163728	0.798125	1.07242
6	11.7709	2.53405	-0.465437	0.473538	1.026
6	6.70358	0.221617	1.36061	1.16578	0.976391
6	14.9085	37.0164	-0.273161	-0.186908	1.01192
6	7.02916	3.90891	-0.240524	0.633638	1.18542
6	21.6487	34.3778	-0.0898408	1.42935	0.975637
6	25.9473	33.7798	-1.60824	-0.0201499	0.92656
6	15.6643	30.3812	1.22107	-0.979104	0.976662
6	16.745	36.3937	-0.450775	-0.929923	0.975364
6	5.50944	28.4293	1.86201	0.378194	0.997112
6	14.0095	31.8407	0.588682	1.06651	1.02598
6	22.3288	4.58395	0.171508	2.00464	1.24916
6	32.0438	6.60041	0.362503	1.69603	1.11083
6	23.7599	37.2257	0.788661	0.720471	1.16011
6	28.901	5.28603	-0.100158	0.213969	1.15204
6	23.947	32.1947	0.818613	-0.306766	1.04785
6	31.334	4.59624	-1.55704	-0.315668	0.902038
6	32.2548	0.631296	-0.635868	-0.362588	0.795111
6	27.3657	39.4234	0.24134	0.929657	0.931817
6	1.52576	1.96741	0.654763	-0.315717	1.01436
6	38.2993	11.5077	0.62276	0.850052	0.94092
6	33.8447	39.476	-1.08705	0.378156	1.06321
6	3.32503	11.5735	-1.91414	-1.75449	1.05918
6	6.14467	12.597	-0.738595	0.544	0.809015
6	9.25993	15.7102	-1.00346	1.43099	1.01917
6	3.45481	5.03447	0.858807	-0.107808	1.03724
6	2.87273	39.6676	0.0306742	-1.60115	1.06177
6	4.78871	1.01033	0.973903	-1.04108	0.885971
6	35.6351	1.94926	-1.50674	0.193955	1.01255
6	4.86432	9.62128	0.376854	-1.36319	0.843364
6	3.45758	37.3515	2.01658	-1.5087	0.977559
6	4.42635	37.7516	1.47217	0.278528	0.965938
6	14.641	3.84431	0.0564322	-0.0817099	1.04249
6	10.1838	3.76737	0.367742	0.996533	1.05394
6	11.1885	34.9118	0.120897	1.58457	1.04389
6	0.122524	33.6886	0.339242	1.00172	0.849696
6	12.1562	3.87423	1.0254	-0.114176	1.15581
6	17.5209	38.9272	-1.95968	-1.06663	0.909238
6	10.7788	2.0124	0.525375	1.57845	0.895328
6	10.9612	37.0457	0.602542	-0.475498	0.92336
6	17.6451	4.24977	0.276025	-1.11829	0.976647
6	28.3087	6.4786	0.225927	0.0324222	0.960469
6	28.2851	4.23483	-0.0429552	1.20343	1.01579
6	17.6356	39.991	-0.893711	-0.714854	0.904588
6	13.4927	35.9713	-0.0859773	0.10686	0.905845
6	22.1078	9.30366	-0.739655	-0.148835	1.16905
6	28.2539	3.17641	0.601647	-0.0605738	1.07773
6	31.5493	35.5741	-0.093232	1.24548	1.05068
6	25.7073	11.5882	0.521782	0.609446	1.07555
6	29.3876	36.4342	1.00213	-0.631503	0.854925
6	25.7734	39.1905	0.0814738	-0.554262	0.992584
6	33.8551	0.512028	-0.036567	-1.87443	0.978369
6	34.7256	6.91886	1.92468	-0.397846	1.16716
6	0.0465053	1.36489	0.40381	1.24117	1.06387
6	34.9687	39.8428	-0.0872028	-0.378494	0.994022
6	36.4128	8.30543	0.56847	-1.41256	0.952121
6	3.87916	7.3828	0.104516	0.0241351	1.02988
6	7.76703	0.0132128	0.856701	0.794674	0.834598
6	35.8335	37.0662	-1.49345	-0.431022	1.14275
6	39.029	0.864124	-1.04587	0.124728	1.06822
6	36.0281	0.863622	-0.00488809	-1.26606	1.14714
6	12.157	7.74079	1.35867	-0.110487	0.808892
6	36.4391	38.4498	-0.596084	-0.342962	1.09979
6	35.9376	7.0279	2.38786	0.35599	0.957236
6	7.06159	7.19899	-0.75907	-0.0155973	0.945794
6	9.67142	34.4385	0.0391468	-0.37836	1.13334
6	7.8728	8.05895	-1.13373	0.529064	0.96705
6	2.60906	2.12027	-0.764963	0.048951	1.02799
6	6.33583	14.622	0.465462	0.055932	1.00098
6	9.82848	2.4695	-2.16914	1.62695	0.924032
6	18.174	36.3375	0.15778	0.720769	1.12374
6	15.5333	2.83198	-0.972174	0.774945	1.04784
6	17.1609	7.68232	0.2431	-0.00433117	0.899323
6	9.03175	4.5433	0.155822	-1.17979	0.926327
6	31.4254	5.64733	-0.225719	0.560893	0.998632
6	25.642	1.45188	-0.246196	-0.0708777	1.00461
6	25.6576	4.46333	1.74445	-0.504448	1.19149
6	30.2516	39.9234	-0.23652	-0.344286	0.889748
6	24.8844	0.637748	0.432424	0.289197	1.10798
6	30.4555	10.4995	-2.34123	-0.614658	0.926953
6	36.8059	11.9404	-0.105252	0.142212	0.987513
6	18.5695	5.30535	-0.376185	0.999792	1.03163
6	31.1869	36.6348	1.80954	-0.165403	1.12402
6	32.9123	7.45183	0.214762	-0.651023	0.951236
6	35.8818	4.32872	-0.0267722	0.518917	0.953273
6	27.7196	37.517	-0.195815	-0.187585	0.989545
6	3.19641	8.64789	0.469102	1.80737	1.13406
6	3.63016	1.46176	0.988142	-0.213223	1.00139
6	39.9277	8.29976	0.543978	0.133054	0.877926
6	3.47441	2.64191	-0.358516	0.872625	0.937331
6	35.302	35.8282	-0.705881	-0.0146071	1.15401
6	16.8364	3.39518	0.907886	1.11584	1.05234
6	7.05282	8.70704	-0.539971	-0.171282	0.83217
6	0.25857	2.52552	-0.0985362	-0.806032	1.11106
6	4.51009	8.2783	0.723418	-0.531549	1.07911
6	2.76763	6.5171	0.271289	-0.481077	0.980132
6	1.66374	0.542916	-2.66095	-0.376795	1.17847
6	4.80612	39.8113	-2.09408	-0.606446	0.968647
6	3.76038	12.4861	2.94777	-1.36729	0.910589
6	0.4242	0.146124	-1.53739	1.21897	1.2101
6	8.48182	5.72031	0.344616	1.64332	1.02193
6	9.11454	6.49566	0.758969	-0.316625	0.908248
6	12.4166	5.68813	-0.0653602	1.96033	0.982876
6	11.9093	4.85336	1.19699	0.722286	0.797761
6	13.761	37.2252	-0.193614	-1.02712	1.06506
6	16.4299	32.8624	-2.70596	0.715467	0.772408
6	20.8116	8.11783	0.729763	0.592575	0.948526
6	22.6097	38.3081	1.54822	1.08893	0.954032
6	13.919	0.463534	0.468268	0.589491	1.0871
6	29.0072	7.54437	0.744027	-0.0615304	0.828045
6	21.9949	7.50402	1.90994	0.457686	0.966907
6	23.5719	9.36366	1.32379	-1.23578	1.04529
6	20.5642	4.18418	0.157856	2.2388	1.161
6	31.5945	2.32852	0.00920546	1.12461	1.06128
6	24.9292	12.6567	0.165343	-0.0971006	0.928709
6	32.4166	11.3262	0.10949	-0.790513	0.966148
6	27.7459	7.62818	0.103678	-1.21809	1.11228
6	36.8298	2.38832	-1.77038	0.216959	1.09961
6	26.4083	8.06277	-0.352569	0.177777	1.00023
6	34.3724	5.67958	1.05845	-1.73702	0.939589
6	34.6692	1.23741	-1.16163	1.79818	1.00976
6	1.99982	4.20418	0.826305	-1.3241	0.861294
6	37.2102	9.38735	0.218678	1.74031	1.0142
6	33.9801	10.6921	-0.590476	0.577463	1.03877
6	8.88783	7.54866	-1.21343	-0.843946	1.10492
6	11.0175	31.6089	1.02194	0.238687	0.890209
6	37.0758	4.19161	-0.580781	0.395375	1.05727
6	0.210411	12.6355	0.634681	0.957249	1.03069
6	11.0882	5.72598	1.0113	0.859672	0.950758
6	7.39149	5.52811	1.79015	0.562502	1.03849
6	6.82395	9.58629	0.301721	0.691796	0.983774
6	4.4592	2.04243	-0.343688	-0.27241	0.904413
6	8.99411	30.607	-0.0382342	1.49261	0.875078
6	10.3456	6.41085	2.3409	-1.32101	1.04267
6	28.8264	34.2666	-1.43383	0.0246769	0.934138
6	11.5878	0.207384	-0.490192	0.518416	1.05154
6	5.66333	31.693	-0.741257	0.311997	1.08291
6	13.3208	39.3998	2.39807	-0.669019	1.14691
6	29.4215	4.20152	1.11175	0.615392	1.05957
6	5.6145	1.56305	0.00910898	1.57464	0.937754
6	22.9069	5.61109	0.058716	0.33766	0.956706
6	23.5498	0.11557	-0.677981	-0.259119	1.03943
6	30.2564	6.19706	-1.97058	1.69082	1.03425
6	18.3769	37.4296	0.0438901	-0.00111471	0.968696
6	28.9381	37.4491	-1.49697	0.0285447	0.976431
6	29.9138	1.45824	-1.01134	0.652877	0.969879
6	24.5938	39.1356	0.330512	-0.403584	1.0033
6	24.9977	3.5166	-1.79952	0.636964	0.988273
6	25.227	7.81949	0.16888	1.24436	0.90043
6	28.284	38.3862	-0.942224	-0.400425	1.08115
6	31.044	8.13296	1.14998	0.579087	1.10996
6	33.8089	9.54915	1.70048	-0.630756	0.921734
6	26.6796	37.2857	-0.0228006	1.37203	1.00798
6	24.1971	27.951	-0.890941	0.540353	0.862318
6	17.488	5.40026	1.30901	0.355939	0.970769
6	32.4382	5.42791	-0.569718	0.556715	0.891255
6	5.83585	39.3081	0.512954	-2.12672	1.10178
6	38.9522	9.12933	-0.0506064	0.857596	0.849497
6	39.9231	9.27378	2.1063	-0.742823	0.964389
6	0.877816	7.91965	1.79335	-0.33915	1.10296
6	8.15475	11.7053	-1.54934	-2.22712	1.24608
6	6.25365	4.62462	0.213031	2.09003	0.894324
6	7.90614	4.60397	-0.754445	-0.761997	1.04002
6	39.9974	7.02543	1.34592	0.991775	1.05541
6	2.55374	3.22378	1.0344	-0.363977	1.00049
6	16.0645	1.82149	-0.25387	1.39899	1.04691
6	15.5873	6.48581	-0.670382	-1.50746	1.02162
6	19.7896	4.86745	-0.634125	0.468314	0.944313
6	5.43587	5.04945	1.59911	0.558734	0.894753
6	12.1467	16.3267	0.27786	1.15449	1.00366
6	19.1805	13.5375	-0.24328	-0.751231	0.999687
6	16.2166	7.95434	0.439142	1.0286	1.02454
6	4.94524	38.6578	1.59492	-1.05058	0.92108
6	17.9858	6.3192	1.40779	-1.52879	0.986509
6	15.503	0.821467	1.28475	-1.03449	0.912131
6	24.4158	8.47357	-0.429857	0.172765	0.968554
6	27.2139	8.76074	-0.169346	-0.164523	1.0591
6	22.6474	2.35014	-0.926372	-1.93455	1.07249
6	30.3584	22.1899	-1.05222	-0.638185	0.926529
6	38.1923	12.8366	-0.00268431	0.905569	0.868034
6	33.8076	8.2006	-0.0361535	1.51129	0.960466
6	24.4276	11.5864	0.240051	0.450253	1.13284
6	33.2383	6.33237	-0.116199	-1.0527	1.16335
6	25.3914	13.4271	-1.07242	0.732214	0.833039
6	35.487	12.7181	1.41124	1.31291	0.759895
6	33.7403	38.3346	2.23885	0.69269	1.16971
6	28.3451	36.5207	0.124099	-0.44345	1.12323
6	30.2439	13.7836	0.869317	1.72522	1.02474
6	38.7503	6.26799	1.06947	2.62482	1.02669
6	34.9533	10.0226	-0.625493	0.0244813	1.14343
6	36.8259	5.34556	-1.10605	0.868195	1.08101
6	39.273	12.7392	-1.20361	0.896412	0.800965
6	0.401636	10.7334	-1.37344	-0.196656	1.10481
6	33.0271	17.6595	-1.57949	1.97698	1.05833
6	9.16854	11.0292	-1.73625	-1.89108	0.922586
6	16.3982	5.54709	-0.9218	-0.0826981	1.08892
6	11.5594	11.9188	0.733332	0.858123	1.0121
6	4.5137	4.27168	-0.866922	-0.207935	0.92865
6	12.5865	35.5291	-1.69497	0.521675	0.94102
6	2.83817	16.3138	-1.88576	-1.18564	1.15832
6	9.48983	0.0345356	0.0610594	-0.305801	1.08352
6	5.48751	3.76997	0.981355	-0.738525	0.819986
6	10.4924	0.617837	0.587489	-1.55452	1.10243
6	21.514	3.70608	0.245657	0.465001	0.916297
6	23.5128	4.07878	-0.0512159	1.04666	0.998895
6	13.1244	4.69831	-1.46314	-0.0419255	1.06713
6	24.9759	2.40255	-0.840905	0.296206	1.14424
6	14.0098	7.85786	-0.684688	-0.622483	1.15085
6	22.4051	11.0212	0.607662	-0.609905	1.09502
6	28.2373	13.7347	-0.520306	-0.450119	0.959073
6	20.1328	6.9673	-0.974327	-1.06829	1.03552
6	25.4092	6.512	-0.234039	0.28956	1.1048
6	23.6659	2.92855	0.42158	2.5376	1.02167
6	16.2301	10.4153	-0.242579	0.272259	1.02129
6	24.8808	5.43921	-0.0563516	0.244891	1.0764
6	29.8789	7.31451	0.835003	-1.257	1.06753
6	0.436054	16.3458	0.945241	-0.387652	0.819467
6	33.5834	13.6905	1.43489	0.55813	0.909768
6	4.03689	6.14262	0.403938	-0.323176	0.946268
6	31.8055	3.35618	0.354845	-0.416196	1.04509
6	36.5404	15.2182	-0.0729216	1.90304	1.06482
6	27.1333	13.7371	0.187155	-0.637867	0.954411
6	38.6334	10.5671	0.429289	0.139154	0.909098
6	38.1658	7.33785	0.457067	1.41592	1.10945
6	36.265	9.76364	-1.16572	0.0989151	1.04822
6	33.2782	11.7838	-0.584094	0.440487	0.787519
6	1.85641	7.14124	0.578897	1.1858	1.18516
6	4.28151	11.5257	-0.301162	0.868168	0.835288
6	10.4086	4.99441	0.302124	0.170675	0.925506
6	2.23111	9.67779	0.417068	-1.49545	1.01144
6	16.5668	14.0353	-0.972174	0.519411	0.673106
6	10.8162	2.94479	2.04964	-0.685093	0.954705
6	23.6379	1.15061	0.654233	0.494141	0.911092
6	11.9407	6.53576	-0.720639	-0.0949718	0.912556
6	16.6644	6.79834	1.41043	1.18833	1.11182
6	8.64267	2.47305	1.60312	1.17131	1.03823
6	8.90669	36.5806	0.260666	0.497492	1.06344
6	18.2934	3.42008	-1.11206	0.40719	1.02967
6	20.1936	2.88817	0.537618	0.512301	0.98664
6	16.2423	37.5512	2.73886	-0.0739473	1.01285
6	23.7057	38.4979	0.26427	-0.68476	1.14892
6	20.2774	5.92143	0.962547	-0.483773	1.04911
6	19.7485	17.0471	-0.5521	-1.49079	1.0118
6	31.5047	11.478	1.74641	0.362738	0.868632
6	20.556	13.9205	0.103814	-0.649887	1.11363
6	32.9362	8.82768	-0.209033	-0.632774	1.00124
6	33.6717	4.94766	-1.79151	1.03099	0.903026
6	28.2532	9.09113	2.4805	1.31928	0.92553
6	37.0544	13.2857	1.74349	-1.0156	0.903086
6	35.6738	5.94451	0.726819	1.09218	1.00988
6	2.69926	38.4744	-0.335585	-0.660148	1.08114
6	36.0067	13.5167	0.385527	0.913749	0.922249
6	32.4131	12.3893	1.11611	1.84512	1.03284
6	34.4686	8.92001	-0.347735	-0.132054	0.762293
6	35.3082	15.5533	-1.32809	-0.435602	0.985325
6	34.6116	4.09997	0.349922	-1.30094	1.14603
6	9.65156	38.8854	-0.923459	0.103159	0.998413
6	5.30979	24.1517	0.760136	0.531041	0.760413
6	33.0831	18.8674	-1.22114	0.675579	1.01886
6	6.1117	6.56483	1.13619	0.572558	1.03306
6	7.77862	16.034	0.806454	0.910995	1.19345
6	11.5454	15.449	0.61696	-0.722497	0.845594
6	11.2949	9.12727	-0.264268	0.241166	1.15656
6	13.2961	3.55328	-0.591943	-0.458364	1.02494
6	9.67974	9.26045	0.930577	0.704553	0.919059
6	8.29835	13.1019	1.36531	-0.226108	0.997357
6	5.76494	10.1079	-0.798333	1.80729	1.11297
6	12.9497	14.3174	-0.174775	-0.612033	0.997899
6	13.2075	6.82677	0.0655629	-0.719239	1.16777
6	15.9752	4.11438	1.47381	0.270279	1.12769
6	15.6949	9.57184	0.405749	-0.372358	0.946353
6	13.6845	5.70715	-0.00269527	0.55709	0.795489
6	16.1163	38.6378	1.7122	0.0657285	1.07558
6	22.6822	3.4895	1.71319	-0.847676	1.01272
6	23.8287	6.3327	0.155804	-0.607317	1.04431
6	23.3517	12.0153	0.0701877	-0.368052	0.956197
6	19.2245	7.6549	0.0959421	0.0620413	0.887342
6	29.6305	8.43342	0.505598	-0.472719	1.03889
6	31.1117	12.7864	-0.393884	-0.551461	0.941107
6	20.9066	17.4026	-1.32698	-1.25513	1.01289
6	35.0664	8.13474	-1.70422	0.935854	1.05199
6	33.3584	14.8768	0.495519	0.255511	1.01602
6	25.893	9.22847	1.29096	-0.365657	0.948893
6	18.151	15.3852	0.054236	-1.78695	1.02732
6	31.3561	13.9286	0.366212	0.196642	1.10272
6	35.8847	17.4937	-0.750662	-0.6172	1.07192
6	34.3222	11.9408	0.111753	0.362653	1.04503
6	1.59168	16.3898	-1.49013	-1.40997	1.08444
6	36.9522	7.31879	-0.330829	0.683867	1.14986
6	39.0812	13.888	-0.321364	-1.16313	1.04132
6	2.69384	18.7852	1.01788	0.847648	0.88976
6	3.8986	0.305167	1.36386	0.82384	0.871631
6	5.96336	17.8905	0.0677632	-2.76351	0.886968
6	38.4366	16.0546	1.66299	-0.318104	1.14447
6	37.3099	18.4215	0.774985	0.0457801	0.881165
6	10.012	12.6844	-1.4194	-0.526586	1.05497
6	10.8325	10.3201	0.309126	0.131027	1.05417
6	37.0943	10.696	-0.692065	0.836387	1.23637
6	12.8081	9.24575	-0.334272	-0.121218	1.05645
6	15.0219	1.89168	-1.79119	0.810511	1.00559
6	17.1697	11.4072	-0.632464	-0.130418	1.00416
6	18.1963	7.3055	-1.36481	-0.71021	1.03635
6	15.4774	5.07962	-0.741846	0.754673	0.900822
6	18.5638	11.0345	-0.546319	0.0479179	0.851813
6	17.6393	8.58569	-0.0809231	0.186779	0.941289
6	27.3121	4.047	0.247442	-0.0440561	0.988242
6	22.776	17.1577	0.231398	-0.291634	0.929338
6	20.4555	9.03058	1.41299	0.515009	0.825775
6	23.8035	5.07735	-2.22127	-0.792942	1.06464
6	14.9784	19.4579	-0.299362	-0.0253879	0.849349
6	18.2673	9.67275	0.399761	0.643587	1.02638
6	24.0578	13.2438	1.82807	-0.909511	0.931546
6	25.9091	10.3911	0.574176	-0.0415034	0.966834
6	35.4196	11.7783	1.50176	-1.13668	0.967442
6	13.1342	19.9319	-0.602905	0.732525	1.02745
6	37.9934	8.42976	1.28129	-2.02986	1.09178
6	28.3613	17.1211	-0.252178	-0.953052	0.931271
6	24.8903	9.56778	-0.711583	-0.657331	1.01681
6	0.984698	17.4204	-0.410796	2.52634	1.02293
6	33.9701	20.6853	0.16887	0.151216	1.06715
6	32.3067	16.4028	-1.14742	-0.423275	1.14209
6	29.0937	14.7036	-0.917136	-0.292748	1.09635
6	29.7979	12.5244	0.322048	0.0328956	0.962484
6	0.990516	11.7139	0.620166	-0.943891	1.04991
6	8.00537	6.70698	-0.412358	0.388925	0.962727
6	0.278801	13.9236	-0.41641	0.907029	0.92501
6	2.60754	12.6076	1.37844	0.196711	0.918988
6	3.86543	9.64525	-0.522212	1.13495	1.03274
6	12.4758	15.3155	-0.835388	0.114658	1.00286
6	1.99534	22.9052	-1.71767	0.598356	0.740997
6	11.0914	7.57802	0.989744	0.705644	1.08731
6	14.6611	5.97742	0.389759	0.549906	0.975299
6	8.4265	14.9547	-0.215714	0.977007	0.958491
6	23.0332	7.0535	0.713494	1.14929	0.973967
6	20.4068	1.70284	-0.126233	0.257004	1.03814
6	16.3687	39.9114	2.73311	1.2195	1.06302
6	8.7021	9.83245	1.61027	0.896232	0.97514
6	20.5907	12.9624	1.08889	0.392899	0.868623
6	21.3124	10.7839	0.0070322	-0.912245	0.801815
6	29.3095	9.99954	-1.52745	0.538619	1.12179
6	32.0476	9.49972	0.733566	-0.0116438	1.01218
6	20.5032	15.0955	0.251684	0.458929	0.91505
6	26.9329	11.3687	-0.144095	-0.499156	1.16069
6	29.6109	11.2746	0.248247	-0.0469704	1.06095
6	20.9778	23.9597	-1.29672	0.673018	1.00343
6	32.5683	13.6995	1.42251	-0.731672	0.857313
6	28.8148	12.0568	-0.824716	-1.17651	0.944168
6	33.2292	25.591	-0.83107	1.6908	0.847043
6	37.5042	6.31985	-0.129887	0.0991401	1.05344
6	20.3449	20.2464	0.373753	0.185573	1.03559
6	26.2651	12.4758	0.237445	-2.03881	1.01471
6	19.1476	21.1776	-0.33422	0.728658	1.09554
6	33.031	10.3417	0.145242	-1.79263	0.984209
6	31.5409	15.2476	0.727364	-0.795658	1.13311
6	34.1659	15.7879	0.243857	-0.36521	1.04724
6	39.3598	10.0346	0.186438	1.72298	0.89063
6	33.5802	12.6757	0.139469	-1.59094	1.02345
6	39.6959	11.7261	1.42943	0.058474	0.944736
6	9.20974	12.1215	-0.338947	0.598926	0.868835
6	1.82034	25.2516	0.0830851	0.284753	1.02386
6	5.22972	12.107	0.903333	-2.46505	0.937678
6	7.98499	14.0376	0.4649	0.726093	1.05503
6	15.0005	8.69685	-1.15421	-2.06401	1.10561
6	2.0109	8.37718	1.56686	0.249796	1.09762
6	20.188	15.9953	-0.145486	-1.6503	1.06175
6	12.7222	10.4805	0.648499	0.378499	1.19522
6	17.6923	2.23342	-1.17235	-1.00818	1.03169
6	15.8611	11.6181	-0.142771	-0.0869122	1.04318
6	19.1221	3.9767	1.25051	-0.158891	0.918605
6	24.3549	7.33024	-0.196233	-0.819246	1.08889
6	22.216	18.6585	-0.0882154	0.47589	1.07294
6	19.7135	12.2261	-0.794697	0.909373	1.13561
6	15.2856	20.5667	0.0844609	-1.01517	1.09488
6	15.2299	7.55407	0.201797	1.84808	1.01055
6	20.5792	11.4923	0.388373	-0.733349	0.915896
6	21.564	13.1509	-0.128777	-0.731835	0.929554
6	23.808	17.2451	-0.432079	-1.90458	0.955324
6	19.2947	10.3412	0.0495403	-1.88562	1.00405
6	18.3379	12.0802	-1.69475	0.666071	1.01627
6	27.5261	5.2996	-0.00155958	-0.208762	1.04402
6	31.2249	1.16559	0.94808	0.840362	0.978351
6	22.903	13.3936	-1.22318	-1.71026	1.1435
6	36.8313	19.5927	0.221546	0.244568	0.902288
6	34.602	13.2575	0.530688	-1.00485	0.94688
6	32.6603	28.0236	0.00563623	-0.124279	0.956562
6	37.994	13.8608	-1.05554	0.671509	1.01331
6	0.911381	9.50088	-1.39252	0.09509	0.838978
6	1.49771	13.0055	-1.14713	0.474405	0.986992
6	13.138	11.7463	1.33741	-0.604262	1.08988
6	0.784816	22.9973	2.32378	1.14894	1.0452
6	39.7531	4.40728	1.2757	-0.26505	1.03366
6	4.91271	14.33	0.176513	-2.30245	0.978294
6	1.60949	5.05053	-1.69551	1.25003	0.855219
6	9.92486	23.0984	0.765069	-1.13204	0.977043
6	10.9945	13.1581	-0.0428805	0.96777	0.90702
6	4.20823	16.2503	-0.0025078	0.103122	0.940533
6	15.1885	17.1861	-0.0721251	-0.848845	0.926766
6	39.5748	22.346	-1.02462	0.850853	1.03652
6	11.7391	10.8231	1.05137	-0.107851	0.894836
6	12.1952	21.4699	1.25192	1.02653	1.05904
6	18.1108	18.5651	-1.37898	1.60793	0.935742
6	15.0254	12.4378	-0.191987	-0.838217	1.13504
6	9.12558	18.076	-0.600869	1.16665	1.1254
6	19.2784	6.28628	1.8682	-0.295462	0.99045
6	13.9521	9.33469	1.93589	0.247918	1.08772
6	15.0273	13.6797	-1.49658	-0.0377102	1.02303
6	21.6988	16.4783	-0.133502	0.510285	1.0591
6	19.3165	22.4414	2.41524	-0.0426287	1.03903
6	21.9701	24.3299	-0.239641	0.751148	0.900031
6	26.5595	15.6645	-1.48452	0.437975	0.813238
6	27.3702	9.97774	-0.0260792	1.25952	1.16658
6	30.4626	9.16508	1.14138	0.781166	1.00623
6	30.118	18.4957	-0.271339	1.49521	1.06807
6	29.5123	17.4751	0.271868	-0.783581	1.11145
6	26.753	6.57217	0.889329	-2.52821	1.24022
6	28.9405	18.9167	-0.726017	2.01563	0.938252
6	35.2371	23.8793	-0.328035	-0.227114	0.85336
6	36.6309	21.5679	0.445368	0.227574	0.969076
6	30.4998	11.8155	0.614899	0.867741	0.990007
6	30.456	14.857	-1.4624	-1.32377	0.941548
6	39.3926	23.5805	-0.415389	-0.648038	1.05686
6	36.0006	16.3302	0.137825	-0.396222	0.982775
6	7.00133	13.7133	0.41118	-0.374665	0.933066
6	4.65005	13.3432	1.71803	0.222524	0.929152
6	10.1622	21.1859	-1.02201	0.691963	1.01498
6	17.4119	14.6493	-0.0241372	0.663262	0.955528
6	2.91583	10.4331	-0.475041	-1.26012	0.960927
6	2.89413	19.8238	-0.544927	0.952216	0.934051
6	7.52173	23.0417	0.0481005	-0.639466	1.20842
6	1.85791	10.701	0.00565143	-0.311841	1.1588
6	14.2706	27.6774	0.181274	-1.83437	1.08392
6	13.3879	13.0163	-0.800745	-0.124709	1.18565
6	12.3558	18.983	0.818543	-1.06053	0.940922
6	6.62272	11.5849	-0.14041	-2.15051	1.11355
6	16.087	13.2913	-0.21733	0.405748	0.965002
6	19.5094	15.1242	3.33161	-1.82295	0.8697
6	14.9021	15.1483	-0.337601	-0.155619	1.04
6	9.16833	13.956	-0.0428798	0.134396	1.00709
6	16.0403	15.0604	-0.807306	-0.180041	0.998425
6	15.8395	14.1784	-0.554633	0.786272	0.841373
6	26.2662	14.6073	1.45311	0.514605	1.20383
6	11.2925	18.7285	0.426057	-0.479803	1.14444
6	25.9953	17.8676	-0.393141	-0.416917	1.08821
6	23.4823	14.6912	-0.608969	0.884273	0.995824
6	30.2249	16.1425	0.920222	0.0290206	0.991229
6	29.5276	28.5714	0.654313	-0.69676	0.94135
6	26.6904	18.7062	-0.358374	1.55412	0.847731
6	21.4595	20.6696	-1.65873	0.311896	1.0312
6	25.6635	18.9342	0.773024	0.595021	1.05868
6	22.4086	22.3266	0.5737	0.768057	1.05182
6	37.674	15.0201	0.672074	0.846807	1.02989
6	32.3789	14.6002	-0.504629	-1.22863	0.846784
6	29.6105	20.0441	-0.891059	1.13574	0.841041
6	30.9927	17.835	0.94924	-1.13678	0.971308
6	7.72884	17.934	-0.913723	1.75598	1.06054
6	0.689089	15.1758	-0.468921	-0.418328	1.12303
6	7.49585	14.9787	2.84012	0.522526	0.804941
6	3.84846	26.7471	0.153101	0.0280875	1.13072
6	4.67265	10.5481	-0.0679385	0.0090135	0.918083
6	7.61095	27.1789	-1.50969	-0.634922	1.08595
6	38.1464	20.0284	0.32986	-0.435622	1.08921
6	8.10182	20.3028	1.18898	-0.459356	0.936757
6	18.1905	13.1552	-0.12718	0.149111	1.04198
6	10.2799	15.6373	-0.735789	0.307276	0.93557
6	2.78354	20.7954	-0.15356	0.283835	0.915052
6	16.0612	22.8955	1.39083	-0.402222	1.06008
6	8.28783	18.9379	0.371635	-1.01211	1.02637
6	18.8746	16.2791	0.747099	0.285833	1.03045
6	13.8471	16.5965	0.82102	1.01864	0.77209
6	18.746	19.9297	0.268824	-0.439109	1.0087
6	16.2176	21.0911	0.513595	0.968566	0.85614
6	18.461	28.5748	-0.0379463	0.545684	0.922624
6	13.5805	1.84109	0.460868	-0.829078	1.19487
6	27.6704	12.7744	0.919783	1.33601	0.9413
6	24.803	16.9846	-0.374964	-0.54024	1.02689
6	11.7541	22.6823	-0.216957	-0.610369	0.993518
6	19.5337	8.61714	0.986293	-0.264994	0.978877
6	27.728	15.0545	0.186907	0.0874609	1.11033
6	30.0107	21.2591	-0.632623	-0.665837	0.892199
6	34.2479	18.1392	-0.157502	0.495096	0.969363
6	35.7451	14.5698	-0.247595	-1.78112	0.895891
6	34.3742	16.7959	-0.156158	-0.191696	1.01983
6	18.3018	17.4784	-0.320288	1.12001	0.951229
6	27.6625	18.9238	1.08228	-1.29542	0.914439
6	32.0329	19.3014	-0.522544	0.0896618	1.06388
6	35.0229	20.0195	-0.0725049	1.13802	1.09131
6	29.0669	16.1782	-0.570783	0.309691	1.15311
6	34.0406	19.4496	-1.02346	1.24254	1.05816
6	5.87396	8.80074	1.50701	0.0996787	1.20479
6	5.89161	13.6875	0.903139	-0.496996	1.01035
6	38.6388	14.8483	-0.566428	-0.595591	0.908373
6	3.80167	18.9934	0.258197	-0.178886	1.04845
6	12.3262	25.8551	-0.161696	0.943763	0.996292
6	7.05239	19.1604	1.25957	1.44645	1.02373
6	13.9934	10.7037	1.66863	1.39489	1.17466
6	10.3879	11.4111	-0.00102037	-0.267941	1.11695
6	7.77512	21.4452	0.832826	-1.21248	1.10914
6	23.176	19.2393	0.974908	1.9109	0.863419
6	20.1481	21.4456	0.70669	0.893442	0.843172
6	5.24335	18.9605	0.274319	-0.718662	1.10267
6	8.02037	9.08501	-0.730661	-0.194804	0.931626
6	14.546	22.2536	-0.201563	0.896432	0.934155
6	25.6937	16.0543	0.51503	-0.642034	0.893692
6	23.2742	18.2313	0.595671	-0.135548	0.973185
6	3.25422	17.92	-0.689844	0.0035075	0.999162
6	9.81147	30.0388	0.961728	0.216836	1.03764
6	11.0064	19.7438	-0.628815	-1.39828	0.711965
6	21.4908	12.0525	-1.14069	0.974456	1.14118
6	29.4266	26.8156	-0.880477	-0.44208	1.05785
6	13.9375	14.6686	1.82534	0.680458	0.831106
6	29.1055	13.1681	0.417713	1.68173	0.888759
6	37.1707	16.1662	-1.64098	-0.685207	1.00896
6	23.6893	31.1039	-0.236207	1.34866	0.93635
6	27.3253	16.1295	0.217585	0.962992	0.968958
6	33.2153	24.3548	0.455533	-0.208525	1.09966
6	32.3328	25.5259	1.44717	-0.60442	0.890092
6	33.0424	21.2403	-1.09816	0.801692	0.901392
6	37.7501	17.3475	-1.73988	0.818803	1.00766
6	33.8794	21.7418	-1.54812	0.93642	0.967808
6	33.3425	22.9327	-0.354806	-0.813986	0.977735
6	0.702123	21.099	-0.24339	-0.855005	0.994967
6	34.5136	24.5783	-0.267559	0.537794	0.995407
6	1.93316	11.9406	0.159535	0.847833	0.951372
6	36.6062	26.1875	0.54732	0.4984	1.15396
6	3.41122	13.8011	-1.50292	0.101222	0.933548
6	2.04094	17.7933	-0.2066	0.444909	1.12214
6	14.9803	16.1919	-0.955128	-0.834944	1.0442
6	8.86578	21.3167	0.291441	-1.52054	1.02204
6	8.33777	24.4729	-0.171688	0.636027	1.10016
6	10.6804	26.4894	0.746952	0.714597	0.92516
6	1.57147	33.1303	0.00622831	0.311475	1.01689
6	16.724	8.98155	-1.52146	-1.42252	0.98146
6	35.9414	18.9394	-0.133264	0.0284775	1.14381
6	13.6027	17.9077	-0.362047	-0.917573	1.1643
6	10.5898	25.4235	0.730581	-1.61423	1.16649
6	21.2373	19.3545	-0.468788	-0.852154	1.12889
6	17.1702	23.0851	-0.729766	0.368186	1.02822
6	13.5415	15.628	0.514253	-0.860192	0.882712
6	17.4275	24.3203	1.07477	-0.418948	1.12953
6	22.2931	15.3819	-0.515104	-1.19252	0.881478
6	15.8806	17.9133	-0.164521	-0.809519	0.929907
6	17.0508	15.786	0.298098	1.75489	0.938823
6	21.7919	6.23664	-1.67909	-0.0562345	1.12928
6	23.4907	15.7805	-1.05043	-0.691536	1.08029
6	37.402	22.2745	-1.11658	-1.09389	1.14049
6	25.3358	27.3551	-0.660788	-0.322638	1.09221
6	36.9882	27.2264	-0.484068	-0.662981	1.00816
6	28.1951	18.1372	-0.0932357	0.169597	0.884985
6	27.0778	17.4549	1.00157	1.04211	1.04706
6	31.1138	18.8755	-2.45864	0.427217	0.856262
6	23.9951	22.6536	1.07424	-0.140141	1.07152
6	35.2831	25.6979	-0.388315	0.466604	1.08441
6	31.7842	20.3165	0.517763	-0.679404	0.909356
6	36.9067	14.2319	-0.815976	-0.310553	0.944952
6	38.4221	18.1981	0.392233	-1.03139	1.0482
6	1.78277	21.5798	-1.70607	1.24115	0.983681
6	2.88968	21.8718	-1.32145	0.64815	1.18314
6	5.65985	16.4965	-0.595077	0.159289	1.06702
6	3.79529	17.0666	1.23937	0.758584	0.824006
6	10.9083	21.985	0.268324	1.30816	1.15925
6	9.98702	24.3811	0.143536	-1.06447	0.983577
6	7.86707	25.4973	-2.20899	0.0758847	1.06133
6	12.9268	22.7521	0.109131	-1.05609	0.917036
6	12.2597	17.4806	-1.31328	-0.343997	1.135
6	9.50903	20.3406	0.884908	0.912475	1.104
6	11.1744	20.6301	1.2718	0.00953831	1.09227
6	15.9142	25.8554	0.860977	-0.572251	0.882439
6	17.5514	20.1889	-0.605598	-0.570237	1.0202
6	20.7096	28.4465	0.404396	0.0896386	1.12081
6	16.9148	21.9333	-1.16055	-1.18513	1.12655
6	27.9341	20.489	0.0292025	-0.0921124	0.941696
6	24.7994	35.4941	1.46024	0.812428	1.06539
6	16.5344	17.1517	-1.13674	-0.00724589	0.873462
6	18.7277	24.5295	-0.586069	-0.0483845	0.929709
6	18.3714	32.4642	-1.16741	2.07035	0.93615
6	15.6223	23.8316	-1.10921	-0.227759	0.863807
6	16.2144	19.3231	0.0142777	0.851351	1.125
6	24.3895	18.0825	0.38296	-0.872299	0.832753
6	30.3788	30.052	0.690405	-0.0901104	0.82884
6	26.932	19.6602	0.384545	-0.29006	1.00967
6	26.3388	16.6758	-0.0849773	-0.499199	0.912434
6	31.1353	16.8859	0.00376197	-0.109807	0.897019
6	35.8791	27.8402	0.355437	-1.67448	1.12667
6	38.4226	22.7968	0.320979	-0.870516	1.08324
6	1.53084	14.3691	-1.2309	0.0722176	1.03485
6	6.8607	17.079	1.09936	0.05519	1.24276
6	39.6281	16.8229	0.424186	-0.408021	1.12299
6	2.4132	13.8513	-1.73778	0.267262	0.994894
6	39.6674	15.5319	0.689903	-0.0900546	0.933465
6	3.83024	20.7397	-0.986859	0.119261	0.951556
6	37.2347	20.502	-1.12849	0.834107	0.841157
6	8.52421	22.3284	-0.490605	0.752383	0.995835
6	10.9074	23.7147	-0.264371	-0.205952	1.11281
6	9.59453	22.0631	-0.170974	0.930875	1.01335
6	6.20682	19.3871	-2.30176	-0.664517	0.916288
6	0.303145	32.5627	-1.34024	-1.77528	1.09607
6	5.53018	20.3778	-1.20284	-1.17906	1.07224
6	10.2264	18.1092	-0.214413	0.163207	1.07308
6	11.9395	14.0446	-1.01162	1.48282	0.958488
6	6.64225	20.7038	1.17704	-0.701017	1.12881
6	10.801	14.3669	1.07367	-1.84634	1.07562
6	20.245	22.8977	0.632189	0.670629	1.05157
6	13.5332	21.7753	-0.329817	1.73073	1.06381
6	23.5203	10.6305	-0.761753	-1.62151	1.00464
6	25.565	26.1751	-0.0619408	-0.248285	1.08725
6	20.8363	26.3585	0.911468	-0.361465	0.904988
6	22.1293	19.7973	0.966954	-1.73981	0.985511
6	19.7646	23.9282	0.454194	0.155273	1.10688
6	28.7983	27.7692	-0.866003	-0.0670687	0.951703
6	29.2563	22.143	-0.926346	-1.38898	0.877738
6	27.8816	32.456	-0.281302	0.696569	0.973233
6	28.5752	31.1889	0.033272	1.22125	0.97848
6	30.4589	23.2708	2.08547	-0.957755	0.922796
6	26.9781	26.0772	1.07263	-1.18233	1.09906
6	26.3327	25.2128	0.468541	-0.623548	1.05922
6	32.1428	18.3251	0.178183	0.598338	0.989231
6	21.7725	14.1507	-0.52843	0.421079	0.98957
6	0.448843	24.1211	-0.860927	0.725024	0.986011
6	4.76709	23.2909	-0.0140928	-0.675816	0.958946
6	28.7834	21.2854	-0.454064	-0.522721	0.952873
6	3.77412	14.8609	-0.695127	0.824564	1.01559
6	38.1965	27.1262	1.17887	-1.26591	1.02325
6	2.25991	15.2018	-0.301162	2.82825	1.07003
6	3.06064	30.1365	-1.36768	1.23599	0.96405
6	11.0075	33.3803	0.920867	1.81719	0.994874
6	14.2367	21.1058	-0.421477	-1.15261	0.940905
6	34.1293	25.5127	-0.360594	-0.320844	0.859218
6	6.30277	26.1417	0.0175426	0.451465	1.11675
6	11.076	17.033	0.427455	1.35905	1.06379
6	10.5497	27.6937	-0.915356	-1.14396	1.03547
6	4.40277	19.7885	0.283225	-0.51191	0.904478
6	14.6451	24.4089	-0.229867	-0.225785	1.03339
6	15.4928	26.8975	-0.880986	-0.761323	1.00348
6	7.32509	29.4353	-0.456312	-1.18221	0.85245
6	15.7609	24.8062	0.652624	-0.317435	0.981078
6	14.6884	34.8449	-1.27211	1.81821	1.09934
6	14.5481	23.1759	-0.211209	0.365068	0.929835
6	21.6109	29.1299	-0.808003	0.808527	0.973805
6	30.6332	25.2769	-0.271165	-1.39818	0.787326
6	16.3711	28.5602	0.455692	-0.128495	0.915032
6	9.83601	17.0091	-0.285164	-0.539676	1.02309
6	36.9351	23.4228	-1.54599	0.405529	0.985308
6	24.0264	19.4223	-0.0955586	-0.858916	0.882345
6	23.5214	21.6869	-0.685695	0.563055	1.06327
6	38.0698	21.3411	-0.270562	-0.271409	1.12307
6	23.0997	32.9115	-0.841441	-0.275994	1.05406
6	26.6575	20.8316	0.166626	-0.190657	1.01469
6	32.4665	23.4388	-0.780893	0.45804	0.887268
6	30.2161	24.3765	1.44506	1.81074	1.10091
6	37.1757	35.1142	0.0151839	0.848639	0.827478
6	22.0629	30.1908	-1.57749	0.131634	1.05527
6	32.9548	20.0044	2.40969	0.456384	1.17781
6	39.291	19.3621	-0.0749372	-0.147046	1.04039
6	8.10531	34.4278	-2.30843	1.56196	1.02947
6	5.73056	27.1948	-0.151909	-0.524239	0.839922
6	1.91147	20.2182	0.808522	1.14458	1.06345
6	12.9331	24.4645	1.36854	-0.937726	0.998966
6	6.29533	21.9798	0.965742	1.84048	1.11453
6	4.27545	22.3664	-0.178497	1.66358	1.07335
6	17.0552	12.7862	0.389038	0.234269	0.907825
6	7.08605	30.9997	-1.5206	0.571746	1.20963
6	18.0692	33.9692	0.961046	1.22772	1.06437
6	6.78531	27.9757	-0.600335	-1.22972	1.07832
6	13.3251	26.6904	-1.3479	0.866034	1.07419
6	13.408	30.9321	1.56313	0.555481	1.02344
6	18.3329	30.3699	-0.345692	-0.341712	1.07691
6	21.4069	23.095	0.416972	1.06679	1.01678
6	18.0067	31.3523	-0.959621	-0.382903	0.657501
6	8.93905	29.0846	0.221092	-0.826296	1.17889
6	11.6347	24.7032	-0.4872	0.0967673	1.09755
6	23.2242	20.2411	-1.41589	-1.18867	0.987402
6	24.9678	19.6493	0.783633	0.424868	0.922283
6	20.1461	29.4258	0.515992	-0.567473	0.935093
6	20.9724	30.2706	-0.189896	0.835928	1.01199
6	19.8973	27.6249	-0.0179207	0.544953	1.00627
6	24.4233	26.931	0.437133	0.188846	0.956657
6	33.5047	31.4797	0.788479	0.803374	1.01182
6	31.601	24.7691	-0.0283091	0.376347	0.968304
6	1.15187	29.0781	0.772712	2.03537	1.00962
6	23.1825	27.5617	-1.21333	-0.224564	1.17263
6	24.9457	20.9288	1.53438	0.205867	1.21871
6	32.3411	22.4692	0.762445	-0.0748994	0.930227
6	7.44088	36.9492	-1.52431	-0.116323	0.991463
6	38.0899	31.002	-1.70322	-1.28039	0.944261
6	1.55761	23.7095	1.4779	-0.523882	1.01251
6	2.88756	25.408	-0.174048	-0.605961	1.04949
6	30.4226	26.3218	-1.82887	0.378988	0.898944
6	31.4087	25.8582	0.949515	1.31498	0.876482
6	30.5925	19.5693	0.736393	-1.79567	0.887543
6	6.63804	15.707	-2.10956	-0.858353	0.897621
6	2.37846	26.8953	0.727585	0.00795224	1.17575
6	4.14668	17.917	2.21868	-1.61556	0.856095
6	2.22442	37.3431	-1.2154	1.8182	0.962523
6	8.26482	29.9761	-0.727627	0.307538	0.906882
6	2.56857	33.5732	-0.0363488	0.814647	1.04984
6	4.2151	32.274	0.709285	-0.353154	1.38703
6	2.94805	31.1557	1.42095	-0.895467	0.875627
6	6.28958	33.6676	0.218176	-0.138306	0.970964
6	20.8987	25.3437	0.174643	0.641627	1.13538
6	9.38994	31.6428	-0.534221	-1.09028	0.906234
6	8.76751	16.8798	-0.682663	0.530533	0.96867
6	23.1036	26.4135	-0.212511	-1.07955	1.05423
6	25.6902	32.5155	0.82463	0.665872	1.07609
6	13.2857	29.1033	-0.708819	-1.19065	1.0294
6	19.7507	26.1202	-0.132193	0.433882	1.08023
6	16.7186	31.116	-0.203575	-0.580425	1.02093
6	24.222	24.7579	0.928685	0.405328	1.21767
6	25.4106	24.2182	-1.85828	-1.72934	1.09072
6	25.1676	28.6111	-0.627765	-1.0804	1.0895
6	30.7541	27.8366	0.517421	-0.09535	0.995604
6	2.27677	28.3048	-0.569657	-0.659506	1.05881
6	15.9771	16.3155	-0.0361674	0.8599	0.916603
6	32.0591	21.347	0.10166	0.0580332	0.970595
6	0.854583	20.0839	-1.17402	0.265681	0.902984
6	0.712355	31.3178	2.24602	0.811199	0.988791
6	26.1571	29.4096	-0.66231	-0.705481	1.03647
6	39.0625	34.1141	-0.898445	-0.42696	1.05155
6	0.892337	25.9765	-1.84187	0.955795	0.9909
6	28.142	30.0617	-0.81956	0.677838	0.949671
6	4.6667	27.7103	-0.77035	0.181219	0.954312
6	35.3003	21.3586	-1.60553	-0.677572	0.946967
6	0.951295	35.7363	-0.170756	-0.237973	1.02262
6	2.76923	0.920147	1.40173	-1.33417	0.90491
6	8.9494	32.887	0.309009	-1.11578	1.02804
6	35.3779	29.1516	1.63087	1.8481	0.909534
6	11.9908	38.9871	-0.909866	-0.0573511	1.17336
6	12.0833	23.6931	0.236128	0.92749	1.07297
6	9.14252	27.7328	0.00722877	0.117537	1.03892
6	21.8417	35.9276	-2.43044	0.520134	1.02168
6	4.99092	17.7425	-0.533495	1.05216	0.877559
6	18.4862	25.8682	-0.840993	0.826852	1.10314
6	12.002	29.4093	2.90906	0.972425	0.953048
6	25.5383	30.4744	1.52348	2.40101	1.11905
6	21.3917	33.0996	-0.0488869	0.244756	0.948019
6	17.1438	32.1796	0.310951	0.312672	0.953359
6	26.7614	34.4657	-0.377865	1.83637	0.881806
6	22.2885	33.5631	-0.748764	0.383194	0.958569
6	24.7335	32.9515	-0.461914	1.83026	0.868608
6	16.0876	31.9844	-0.233901	1.38103	1.03496
6	17.7123	28.0264	-0.757091	-1.92494	0.848648
6	26.9915	30.6054	-0.016572	0.791532	0.90867
6	29.4361	32.1221	0.235184	1.42062	0.978004
6	27.7474	34.9181	-0.685976	0.476761	0.972369
6	30.3889	28.9891	-1.45887	1.1428	1.04646
6	34.8263	22.5846	-1.26706	-1.82893	1.03183
6	31.5889	28.4992	-0.284272	-0.637794	1.13415
6	3.9059	24.1107	0.919932	-1.85285	0.967244
6	39.6707	17.9316	0.225406	0.583248	0.95787
6	39.1432	29.2945	0.230766	0.190884	0.683338
6	34.3974	31.1823	1.29132	-0.784136	0.917518
6	38.1183	32.2379	-0.394697	0.0346666	1.07866
6	3.54755	27.9546	-0.427628	-0.773054	0.912687
6	38.2452	37.3799	-1.30527	-0.173942	1.01274
6	34.1473	27.1504	1.17074	1.19506	1.23003
6	7.64688	35.631	-0.45064	-0.183864	0.984129
6	1.10068	27.085	-1.16461	-0.135382	1.08388
6	37.6906	1.46985	-0.476141	-1.0146	1.08099
6	1.50403	38.1605	0.307842	-0.123309	1.03715
6	3.08124	28.9092	1.29436	0.924855	0.977865
6	14.454	28.6439	-1.4554	1.84472	0.939672
6	16.9862	25.5212	1.13535	-0.140342	1.05864
6	4.94734	26.5219	1.36311	0.467952	0.936801
6	15.1785	32.5704	0.294852	-2.08423	1.00744
6	22.1137	25.5998	0.288873	1.61637	1.14662
6	11.6043	26.7851	-1.43405	-0.152504	1.0112
6	19.164	35.2773	0.350893	-0.19389	1.03869
6	15.7831	35.9661	-0.871477	0.349441	1.16802
6	23.6074	28.8754	-2.51209	0.0341035	0.935849
6	21.1175	0.568229	-1.55712	-0.283508	1.0979
6	16.8084	33.8525	-0.996773	0.880008	0.957758
6	21.6871	37.2663	-0.215389	1.14301	0.754984
6	16.7013	35.297	1.81831	1.69432	1.01529
6	22.7435	39.3475	0.679013	0.655211	0.954975
6	22.5286	21.1623	0.350656	-0.45897	0.92256
6	26.8023	33.2112	-1.16164	-1.96813	1.07079
6	31.7936	27.3601	0.0453859	-0.261883	0.986661
6	32.4553	29.2588	-1.00976	0.349509	1.00487
6	37.2902	39.4239	-0.222679	0.936136	1.13105
6	39.7532	37.6245	-0.347356	-0.286202	0.897915
6	34.0917	23.6808	1.9028	1.75167	0.970593
6	36.1364	24.3088	1.39511	0.277303	1.13756
6	37.3272	24.58	-1.10855	-0.48392	0.978948
6	1.30545	30.3062	-0.673242	0.214912	0.812844
6	32.9254	26.4917	-0.280933	1.24953	0.902719
6	31.4277	29.8312	-0.768872	1.44015	0.852532
6	4.70621	29.0316	-0.576606	-1.2646	0.942445
6	2.38391	24.2785	0.192161	0.724523	1.06955
6	39.4808	31.7573	-0.410077	2.00519	0.972498
6	5.35848	25.1389	-0.112463	0.262872	1.04494
6	37.094	37.4716	-1.32286	-0.301159	0.914691
6	39.5279	25.7829	-0.106126	0.687797	0.932613
6	8.74529	23.3431	-0.22116	0.601836	1.05664
6	13.351	38.2617	-0.2188	0.571757	0.955718
6	12.4863	31.4957	0.00200396	1.17993	1.03439
6	9.94102	28.5821	0.163073	2.10616	1.10849
6	17.6205	26.944	0.395465	0.572362	0.949986
6	19.1721	18.7077	-0.752169	0.429342	0.890232
6	15.8775	33.5195	-1.4578	0.0893485	0.867628
6	9.29086	25.3047	1.50544	-0.514449	0.978675
6	19.7443	36.1395	1.75375	-0.0670864	1.026
6	27.9116	1.83328	-0.353392	0.468089	1.08337
6	25.6318	34.8053	0.710431	0.412517	1.08619
6	21.6593	38.3285	-0.346576	-0.0551006	1.0097
6	19.2875	31.3568	-2.02099	-0.0556046	1.17454
6	29.4867	30.7582	-0.612208	0.353305	1.0171
6	12.7384	30.1676	-0.536994	-0.545298	0.964068
6	23.0268	24.7886	-0.0430475	-0.298002	0.898918
6	26.2807	28.4482	0.461161	1.68875	0.918085
6	21.9794	32.2815	1.20408	0.777477	0.946318
6	31.4431	23.039	-0.340549	-0.297416	1.11065
6	33.6014	1.81795	-0.494431	-0.387998	1.05132
6	38.5686	24.759	-0.554728	-1.94372	1.07754
6	36.1578	22.6203	2.10456	-1.14965	1.0575
6	36.1623	29.9581	-0.175415	-0.272157	1.03775
6	35.4783	26.6982	-0.809254	-0.158266	0.935274
6	21.2564	21.8013	0.72473	-1.27491	1.14903
6	0.349299	29.6023	1.30547	1.33084	0.875744
6	34.5128	32.6824	0.659614	0.105183	0.980216
6	6.2361	29.3484	-0.23212	-0.158187	0.997946
6	3.40567	35.9833	-0.734261	0.343468	0.956637
6	3.84697	29.5424	-1.77931	1.26234	0.85566
6	9.11306	1.54263	-0.417675	0.247624	0.83691
6	9.95172	36.8628	-0.0343345	-0.222524	1.00107
6	5.75051	22.9893	0.354285	0.233626	1.0346
6	3.55891	3.81988	1.28266	0.706658	1.02166
6	8.97264	3.56349	-1.16531	-2.41149	0.92723
6	9.72696	19.2345	1.29038	0.730274	1.07261
6	17.3563	29.091	-1.12054	-0.549973	1.13526
6	11.5745	36.158	0.556857	-0.428545	1.02498
6	14.4496	2.78894	-0.204003	-2.23658	0.957029
6	14.5529	30.2286	1.93994	-0.317657	1.08983
6	11.8862	32.6502	-1.42626	-0.0227908	1.02311
6	15.2412	39.7475	-0.788918	-0.364465	1.00183
6	11.6926	28.0496	0.0997755	-0.489547	1.0354
6	14.835	33.5857	-0.599089	0.866558	1.08902
6	26.5106	27.1276	-2.60156	-0.336799	1.06525
6	19.3731	1.7806	-0.915973	0.05022	0.943208
6	18.5476	27.413	1.86718	0.768456	0.856898
6	0.162488	28.1814	0.697052	-0.757456	0.861361
6	26.6545	24.0373	1.18549	-0.875333	1.00661
6	24.5511	25.8895	0.0984077	-0.305415	0.949876
6	22.5291	37.3743	-2.36229	0.0372729	0.905565
6	36.0558	31.6247	1.22638	0.297818	0.974634
6	32.3398	4.37158	-0.332116	-0.80799	1.06793
6	35.0697	38.1115	0.978454	-0.970957	0.970194
6	38.0849	0.333767	-2.1419	-1.29218	0.986903
6	28.1609	26.1868	1.11824	0.237838	1.09479
6	29.3512	23.1661	1.43417	-0.511382	1.06057
6	36.0479	3.33751	0.698824	-0.652513	0.875089
6	39.6061	30.4245	0.968376	0.338704	1.20433
6	33.5453	30.2386	0.00116955	-0.147277	1.09896
6	4.77943	21.2059	0.29311	1.36418	0.971233
6	2.17147	29.5798	0.357669	0.860281	0.995458
6	3.97057	35.1523	-0.453346	0.194558	0.908455
6	3.94998	38.5427	1.11401	1.02164	0.897644
6	10.4607	35.6529	-0.630493	0.0972087	1.06273
6	12.6559	33.8259	-0.280794	-0.141796	1.18546
6	1.67087	39.1711	-0.407522	-0.60164	1.01109
6	6.77485	36.1163	0.0264822	-0.00387473	1.04744
6	21.6353	27.9265	1.82014	-1.46631	0.962787
6	39.2079	32.9584	-0.748507	-1.62069	1.13878
6	19.7811	33.2428	1.26781	0.91924	1.0573
6	12.7371	27.6564	-0.119247	-0.510672	1.07618
6	14.836	25.6241	-1.17832	-1.08632	1.00509
6	13.923	32.836	-1.25164	-0.649201	0.887721
6	18.5849	39.4246	-1.80215	-1.07624	0.920194
6	20.6371	37.4535	-0.291136	1.04336	1.11929
6	27.837	33.5668	-0.131457	1.69864	0.991367
6	20.46	38.5816	-1.15071	1.20649	1.092
6	32.4791	34.2526	-0.23254	-0.923703	0.977985
6	32.7019	35.5895	-1.5226	1.36759	1.00606
6	23.0991	23.4298	0.00278757	0.0133864	1.18814
6	29.2792	29.6347	0.0801764	0.450347	1.0004
6	33.7183	28.6375	-0.751496	1.21081	1.07715
6	1.60329	34.6959	1.10579	-1.55652	0.943983
6	21.4937	31.2081	-0.614822	0.139588	1.11295
6	24.5426	29.7658	-0.401484	-1.34411	1.17036
6	27.7366	27.2802	1.78948	1.14099	1.06997
6	33.9152	33.6077	0.00639107	-0.23418	0.951949
6	27.7655	23.5497	0.838838	0.595201	1.16375
6	33.1501	37.2077	0.555703	-1.57333	0.973649
6	31.8437	37.5738	-0.448113	1.24243	1.22913
6	1.42877	3.01287	1.60246	0.93581	0.957514
6	37.6212	26.0514	1.18777	-0.882973	0.831235
6	1.98443	30.9507	0.176965	-0.513855	0.86062
6	2.10266	36.0191	0.215459	-1.00287	1.09369
6	34.4908	35.0603	-0.720904	0.217468	1.02364
6	32.4116	32.8858	-0.515737	0.668615	1.0726
6	5.7868	35.8515	0.947413	0.3457	0.988589
6	6.66841	34.8967	1.38781	-0.680485	1.06477
6	11.7252	33.9539	1.10964	0.775016	0.771194
6	14.6309	35.9748	-0.0988804	0.785149	0.981508
6	10.7365	30.6602	-0.434578	0.404405	1.10792
6	21.9536	26.582	1.14924	0.171919	0.896306
6	17.8844	35.1136	-1.95706	1.43054	1.12393
6	20.9218	36.3911	1.11906	1.07702	0.996433
6	23.6709	34.5258	-0.00047695	0.398694	1.25186
6	11.7648	30.4124	-0.42391	-0.705512	0.946438
6	18.3029	1.36643	-0.461133	-0.0321177	1.00693
6	17.1161	30.13	-1.17725	1.73808	0.867159
6	26.1076	2.42194	-0.883818	0.922833	0.9394
6	27.5043	25.0574	0.393281	0.366941	1.00997
6	23.1047	36.039	-0.253462	-0.335192	1.04254
6	28.7504	33.0497	-0.116478	-0.895042	0.924871
6	29.6822	2.7705	0.949147	-0.311518	1.01489
6	22.5885	28.7891	-1.07527	-0.394415	0.834544
6	34.6874	36.8032	0.895863	0.340167	0.920987
6	35.5864	39.0139	0.605745	0.0368057	0.916462
6	20.1893	18.7027	-0.485227	0.050371	0.999718
6	25.1428	31.6181	0.0304463	0.875009	0.962089
6	24.8301	36.9824	1.57496	-0.549145	1.07259
6	29.3899	38.3872	0.207675	-1.17564	0.862297
6	28.6309	24.887	0.125235	0.482113	1.04291
6	28.6636	0.633598	0.737574	-0.386148	1.04689
6	30.4621	37.6656	0.156502	1.108	0.829545
6	38.1301	29.8801	-0.88565	-0.272184	0.964022
6	35.7895	33.1377	-0.710351	1.21017	1.0539
6	4.11445	30.8029	0.363917	0.561089	1.10701
6	4.59372	3.28566	-1.60451	0.715909	0.906435
6	0.155096	36.5848	-0.506791	0.953227	0.963527
6	8.05819	28.3988	0.524569	-0.549974	1.04972
6	12.2673	37.8583	-0.387367	-0.859569	0.976859
6	38.884	28.5184	0.0243346	0.136752	0.865485
6	7.88377	38.0875	0.208832	-0.418601	1.01793
6	12.6441	36.7439	0.328754	1.10189	1.09418
6	21.6359	1.721	-1.96867	-0.327201	1.01573
6	19.1962	2.82385	1.64615	0.220907	0.94182
6	13.0839	32.3795	-1.11345	-0.194451	0.928245
6	12.0727	1.57795	0.0171823	0.358763	0.947174
6	20.7077	34.7972	0.35445	-0.0380263	0.970742
6	21.4247	39.3044	1.62163	-0.62472	0.958173
6	15.7867	34.664	-0.106112	0.443032	1.05787
6	17.2922	37.4298	-0.463551	-0.502368	0.999357
6	26.1337	36.2577	-1.61657	-0.632688	0.874998
6	21.3204	5.13486	-1.53683	1.3013	0.90787
6	27.1746	38.2858	-2.75836	-2.0325	0.810987
6	30.5694	31.3338	-1.44134	-1.49223	1.31115
6	23.2415	30.0176	-0.615915	0.657394	1.07389
6	28.8906	39.3382	-0.623582	0.0386831	0.984738
6	26.245	38.1505	0.565305	1.36868	0.841995
6	31.4403	33.9219	-1.06901	-0.145402	1.07683
6	24.596	23.6539	0.966129	-1.43985	0.754633
6	27.8835	28.4552	0.750993	-0.892769	0.939505
6	26.6684	1.54088	1.06705	-0.271682	1.00663
6	30.1276	35.5452	0.541587	0.432936	1.06184
6	32.3764	1.50241	0.354961	-0.57151	1.04467
6	38.0092	2.92183	0.603529	0.416878	1.05081
6	33.3007	3.64913	0.233243	-0.482711	1.03991
6	0.320107	38.7966	0.517846	-1.52485	1.12965
6	39.1404	2.46699	0.803911	-0.843292	0.961272
6	5.64359	36.9377	1.36352	-0.821666	1.07878
6	33.8787	35.9754	0.575162	-0.000171617	0.992426
6	37.1829	33.5529	0.84879	-1.24992	1.01433
6	36.1445	34.4179	1.07662	-1.61188	1.00942
6	0.732777	3.70462	0.476415	0.147048	1.01909
6	2.82019	34.8424	-1.37928	0.0190394	1.03301
6	7.00435	39.1507	-0.0632649	-0.958031	0.95529
6	1.56467	32.1379	-0.301549	-0.715824	0.869293
6	10.2648	38.0099	-0.653442	-0.705253	0.989064
6	8.99964	35.4728	1.35881	-0.278358	1.11128
6	13.8341	34.0813	0.2002	0.499441	0.986113
6	22.4608	0.873327	-0.316581	-0.98696	1.05817
6	9.57369	5.45651	-0.158007	-1.70033	0.94755
6	27.2412	2.64612	0.484744	-0.786846	1.06177
6	26.3701	3.36574	0.920731	-0.985418	1.06565
6	26.9942	32.0657	-0.655819	0.640931	0.871509
6	31.2822	39.3319	0.927468	-1.2413	1.10119
6	24.9312	38.066	1.34337	-0.266283	0.952636
6	37.7012	28.288	-0.0665059	1.19577	1.06296
6	31.2397	32.5948	-1.01697	-0.0558773	0.95659
6	28.9164	35.2335	1.36994	1.56538	0.999888
6	38.0384	5.10952	1.28883	-0.242072	1.13493
6	32.6704	38.3353	0.331085	0.638754	0.909899
6	26.7959	35.4008	-1.39808	0.766967	0.876859
6	39.0806	36.4497	-0.851774	-0.208072	0.965244
6	36.3572	28.8896	1.48257	-0.497101	0.91018
6	30.1489	38.9348	0.0257129	-0.197951	0.942904
6	32.4889	39.6505	0.72888	-0.56826	0.94048
6	38.1123	36.0289	0.114898	-1.13955	1.03991
6	38.0977	34.7332	-0.584634	-0.595693	1.00405
6	2.85544	7.64836	-0.333242	-0.623215	0.930221
6	0.373957	34.7897	-0.523487	0.229818	1.11385
6	0.631871	5.43985	-0.157566	-0.939034	0.947616
6	5.41865	2.77345	0.169599	-0.202716	1.04578
6	8.70692	0.712302	0.599006	2.52958	0.954146
6	8.10488	32.0273	-0.645483	0.0892046	1.04381
6	4.26799	36.7799	0.29526	0.217159	0.844592
6	12.7645	0.641201	0.483766	0.579074	1.05415
6	5.65948	34.5539	-0.129109	-0.0666541	0.792411
6	6.95675	32.2939	-1.21044	-1.0705	1.0835
6	10.7293	39.1439	0.479292	2.50226	1.03714
6	39.3287	27.3986	1.33755	0.419872	1.1377
6	14.9712	31.4531	0.247629	-1.26643	1.02658
6	10.8656	29.1324	-0.416119	-0.384161	1.01609
6	7.72227	1.25941	0.787594	-1.25979	1.01858
6	30.5547	3.70096	-1.57934	-1.24445	1.09509
6	9.60217	26.6831	0.218203	-0.802464	0.782251
6	15.4038	29.2413	0.741856	0.000473495	0.944361
6	14.6582	38.1424	0.207534	1.08077	1.19502
6	26.4239	5.41729	0.921807	-0.818011	1.00351
6	26.3079	31.3038	-0.929963	-1.69231	0.998294
6	32.1421	8.2869	-0.0810348	-0.0648815	0.844767
6	20.6829	32.3656	0.020474	-0.296622	1.06466
6	35.1139	34.0629	0.318324	-0.182205	0.971931
6	19.3316	38.4763	-0.935516	-1.72461	0.9658
6	19.6104	37.1717	0.767731	1.05359	0.968445
6	36.868	36.2635	-0.636825	-1.13692	1.25072
6	32.2836	36.5019	-0.704945	1.33525	0.876619
6	32.8033	2.59562	0.0339065	-1.48692	0.933907
6	26.3137	0.213539	0.758685	-0.298056	1.19391
6	38.996	3.66857	-0.0986059	-0.396759	0.978201
6	36.9466	32.4274	-2.13609	0.497667	1.01452
6	1.53563	19.0627	-0.687618	-0.943708	1.03803
6	27.2576	0.794587	0.455989	0.554524	0.84063
6	37.1488	29.4817	0.0888741	-0.0482878	1.00818
6	34.7768	28.0891	1.10779	-0.905798	0.996256
6	1.19819	36.8775	1.69863	0.65154	1.09528
