12	35.6763	31.4836	0.439279	0.915353	1.05287
12	33.4225	27.2282	1.31408	-1.03936	0.947479
12	37.3845	37.3686	-1.10896	1.20963	0.939138
12	34.1605	2.23187	-0.920109	-0.35406	1.25706
12	8.16319	38.6287	0.566782	0.0803351	1.07633
12	38.8371	37.9548	-1.50784	-0.33315	0.97114
12	6.96057	1.46101	0.0706122	0.225166	1.05532
12	14.2189	11.7075	0.690247	0.00906343	1.07242
12	13.1911	3.25629	-0.527363	-0.436751	1.026
12	8.30575	2.12661	0.0646417	1.73304	0.976391
12	14.0527	36.4146	-0.835881	1.03794	1.01192
12	6.40888	3.55742	0.59498	0.216629	1.18542
12	21.8741	36.2729	-0.970112	2.04419	0.975637
12	25.061	33.3701	-0.225347	-0.675273	0.92656
12	13.4162	29.57	-1.5376	-0.232626	0.976662
12	16.2427	37.9699	0.315479	0.239649	0.975364
12	3.647	32.0262	-0.408102	-0.036845	0.997112
12	12.8127	31.8006	-0.334564	0.63546	1.02598
12	24.4431	7.00374	1.46634	1.78784	1.24916
12	33.6559	6.20821	-0.0402628	-0.00159511	1.11083
12	22.8945	35.9043	-0.906967	-0.771838	1.16011
12	30.4699	5.93764	0.459389	0.855307	1.15204
12	22.2434	30.8143	-2.22434	-1.61606	1.04785
12	34.0679	3.47102	0.450835	-0.324528	0.902038
12	31.7013	0.852571	2.14398	0.554275	0.795111
12	27.0776	37.9224	-1.71321	-1.62583	0.931817
12	2.76973	1.02719	1.00947	0.642647	1.01436
12	38.0948	15.1447	-0.535916	0.678086	0.94092
12	32.9022	39.0795	-0.421893	-1.51553	1.06321
12	3.78059	10.7247	-1.19172	0.731519	1.05918
12	6.98072	11.419	-0.22002	0.806721	0.809015
12	8.91356	17.393	-1.53584	-0.994598	1.01917
12	3.4515	4.50215	-0.105328	0.402039	1.03724
12	4.01026	39.8091	-0.0950049	-0.830161	1.06177
12	5.24484	38.1437	0.850938	0.94697	0.885971
12	37.9391	2.73007	0.0277768	-2.25445	1.01255
12	5.86145	10.3684	1.31654	-0.247567	0.843364
12	2.56335	37.2426	1.12612	-1.1781	0.977559
12	2.49415	39.9208	-0.409986	0.276559	0.965938
12	14.9096	4.14834	-0.364813	1.11661	1.04249
12	7.94453	5.95037	2.06749	-1.57722	1.05394
12	9.76184	34.0543	0.454647	0.576529	1.04389
12	39.9478	32.4893	0.338545	-1.86415	0.849696
12	12.8281	4.47269	-0.428606	-0.664735	1.15581
12	15.6909	39.6543	-0.881284	1.18274	0.909238
12	11.7522	3.0413	-0.175779	-0.898012	0.895328
12	9.55026	36.3137	0.384566	0.484237	0.92336
12	20.9046	5.20181	0.32123	1.18381	0.976647
12	31.816	7.34985	0.076178	0.767594	0.960469
12	29.3682	5.24418	0.965616	2.34202	1.01579
12	16.7744	2.64369	-2.02257	0.829884	0.904588
12	11.4608	34.0404	1.6132	-0.910747	0.905845
12	22.9337	10.0147	-0.516641	-0.635262	1.16905
12	30.7901	3.45186	0.192732	0.876387	1.07773
12	31.4329	36.4884	-0.780559	-0.0514917	1.05068
12	26.2423	10.4814	-0.799801	-1.02453	1.07555
12	30.1399	39.6877	0.70359	-1.71145	0.854925
12	25.335	38.9592	0.500077	0.189847	0.992584
12	32.5249	1.47859	0.760578	-1.44708	0.978369
12	36.4959	7.13677	-0.0690947	0.0900458	1.16716
12	2.26975	1.89804	0.797618	-0.712658	1.06387
12	32.4495	0.14264	-0.15037	-1.2934	0.994022
12	37.3346	10.4548	0.643558	-1.28262	0.952121
12	7.85331	7.17638	0.965008	-1.67713	1.02988
12	10.1781	3.09738	1.25973	2.41644	0.834598
12	36.297	35.7907	-1.95102	-0.3291	1.14275
12	0.172306	39.5044	-0.414312	0.529144	1.06822
12	37.3614	39.6329	0.57404	0.115216	1.14714
12	14.9991	8.28297	0.476618	-0.175242	0.808892
12	35.4646	37.5559	1.64128	-1.16818	1.09979
12	37.7375	7.15134	-0.348904	-0.282295	0.957236
12	9.15926	7.4581	-0.327481	0.476488	0.945794
12	7.71281	34.1039	-1.16528	0.42513	1.13334
12	11.129	10.0618	1.72662	-0.537797	0.96705
12	4.19089	1.22699	0.209778	0.134116	1.02799
12	4.09476	12.779	-1.20942	-0.566859	1.00098
12	8.18694	4.92127	0.259256	0.908793	0.924032
12	17.5664	37.0542	-0.599364	-1.00717	1.12374
12	17.1042	3.8719	-0.211802	0.673672	1.04784
12	18.7447	7.85119	-0.230507	0.184416	0.899323
12	7.37003	4.3275	0.422498	-0.23898	0.926327
12	33.6661	4.52869	2.46667	0.387728	0.998632
12	25.8071	3.49287	1.12568	-1.12223	1.00461
12	25.4151	4.5972	0.311005	0.349343	1.19149
12	29.6451	0.388909	-0.419581	-0.507622	0.889748
12	26.1844	1.23131	0.389879	-0.286956	1.10798
12	30.9379	7.92299	-0.0469986	-0.698627	0.926953
12	36.8876	14.9821	1.0351	0.0538085	0.987513
12	20.722	6.35019	0.0151609	0.204466	1.03163
12	32.52	36.7755	2.44864	-1.08585	1.12402
12	34.093	7.33466	2.97259	0.511378	0.951236
12	37.0838	6.19547	-0.431225	-1.82871	0.953273
12	24.2543	36.1066	-0.675782	0.0192084	0.989545
12	5.44626	8.5555	1.75271	-0.397659	1.13406
12	5.84257	0.825801	1.05114	0.858788	1.00139
12	38.6271	9.71231	-0.34381	0.0316098	0.877926
12	4.45392	2.5149	-2.66514	0.440524	0.937331
12	34.7744	35.1083	0.348048	-1.03758	1.15401
12	18.3479	4.4954	-0.344673	0.843633	1.05234
12	9.63199	9.87512	0.103607	0.24687	0.83217
12	0.303291	3.09637	0.0511978	-0.943404	1.11106
12	4.02544	6.02225	1.07538	-0.726577	1.07911
12	2.8584	5.50461	0.462507	-0.566618	0.980132
12	1.19563	0.783615	0.555445	0.825973	1.17847
12	3.55357	37.2868	-1.6316	1.66887	0.968647
12	3.3637	12.0115	-0.526831	1.45116	0.910589
12	38.8112	39.085	1.04204	0.286181	1.2101
12	10.2997	7.7889	0.478742	0.0477807	1.02193
12	11.3256	7.62237	0.455587	-0.0515266	0.908248
12	15.1707	5.73963	0.0193173	-0.998829	0.982876
12	11.7443	5.99427	-0.665583	1.21675	0.797761
12	13.6657	37.5478	-0.456259	0.110658	1.06506
12	15.7775	33.3552	0.447051	0.522048	0.772408
12	22.8827	8.69032	-0.735015	-1.23139	0.948526
12	23.2635	38.1848	-0.187781	-0.921712	0.954032
12	13.8261	2.13537	-0.0275287	1.46333	1.0871
12	32.3853	6.19077	0.80924	-0.892955	0.828045
12	23.7866	8.08469	0.571091	-0.889205	0.966907
12	25.3323	10.0296	-0.799811	-0.0591805	1.04529
12	23.0138	4.17643	-0.898018	0.443511	1.161
12	31.6947	3.02281	1.71111	0.322971	1.06128
12	25.7977	12.0031	-0.270797	0.596559	0.928709
12	35.4989	11.1795	0.655585	0.609171	0.966148
12	30.1266	7.32472	0.193364	-0.491561	1.11228
12	36.1652	0.38005	-0.00832461	0.0494538	1.09961
12	28.3773	6.85477	0.305631	0.354706	1.00023
12	36.4854	5.1807	-0.825029	1.8568	0.939589
12	36.505	2.93448	1.0828	1.02868	1.00976
12	0.724414	4.66571	0.820622	0.0513377	0.861294
12	39.2463	11.6742	0.597966	1.50875	1.0142
12	35.3837	12.252	-0.0653735	0.654894	1.03877
12	12.1585	8.37743	1.85306	-2.61954	1.10492
12	9.83777	32.0773	-0.872167	-0.313837	0.890209
12	39.7238	4.039	-0.0385558	0.19312	1.05727
12	1.82948	13.6195	-1.70516	0.591848	1.03069
12	13.5098	6.61539	-0.0525292	0.0675831	0.950758
12	11.0212	8.56506	-0.304721	-0.436462	1.03849
12	7.79652	9.46523	1.20464	0.137065	0.983774
12	6.14423	38.4335	0.744352	-0.728079	0.904413
12	6.61267	29.5173	0.759243	0.981683	0.875078
12	12.3953	6.74404	-0.696134	-0.477109	1.04267
12	30.0441	34.0488	2.4934	0.547824	0.934138
12	10.1612	1.45289	1.08629	1.38807	1.05154
12	6.1951	31.1299	-0.963926	0.621929	1.08291
12	11.9454	39.3448	0.228529	0.657828	1.14691
12	31.8905	4.15843	0.489673	-0.0180449	1.05957
12	6.99405	0.217859	-0.75488	1.23848	0.937754
12	25.3886	6.00584	0.314279	1.03937	0.956706
12	24.5666	0.0931754	2.55768	-0.643716	1.03943
12	30.3973	4.62533	-0.566268	1.19568	1.03425
12	16.4715	0.587254	0.750582	-0.852219	0.968696
12	26.2921	35.8487	0.615639	0.269943	0.976431
12	28.5182	1.00984	-0.293732	-0.53563	0.969879
12	24.7783	1.34375	-0.11725	2.25561	1.0033
12	24.8052	3.22832	-1.24451	-0.283179	0.988273
12	25.5017	7.17956	0.965781	-0.193885	0.90043
12	27.8761	35.7155	-0.0796619	2.01048	1.08115
12	33.2498	8.47763	-0.789871	0.504811	1.10996
12	34.8291	9.61373	-0.152139	-0.663748	0.921734
12	26.3401	38.7182	0.205992	1.15138	1.00798
12	24.5023	28.7019	0.253248	-0.407579	0.862318
12	22.0233	5.83305	-1.04954	1.25887	0.970769
12	34.8319	6.51575	-0.638029	-0.0596085	0.891255
12	6.89555	37.1696	0.320758	-0.14424	1.10178
12	38.2468	10.7452	0.205972	1.64608	0.849497
12	39.4464	10.5659	-2.23006	-1.4782	0.964389
12	1.83139	9.45506	0.180982	-1.43991	1.10296
12	9.01052	11.2695	-0.707593	0.962363	1.24608
12	6.53229	4.93046	0.48249	-0.310478	0.894324
12	6.50734	6.18899	-1.72727	-0.306256	1.04002
12	1.78992	8.09705	0.537281	1.82545	1.05541
12	1.92374	2.9145	-0.908254	1.17196	1.00049
12	15.1266	0.831687	0.493297	1.43944	1.04691
12	15.7569	4.74877	-1.21979	-0.360034	1.02162
12	22.0005	4.73307	2.62546	-0.247981	0.944313
12	5.73493	5.55325	0.523027	1.2776	0.894753
12	15.2607	18.0574	1.92108	-1.23868	1.00366
12	19.8263	14.5174	-0.506048	1.22468	0.999687
12	18.2949	8.75564	0.686027	0.520076	1.02454
12	4.49635	38.8003	0.238467	1.21203	0.92108
12	21.9123	8.5368	0.783527	-1.47517	0.986509
12	17.8745	1.46917	2.27444	0.501811	0.912131
12	26.3867	8.86898	0.425424	-0.0733498	0.968554
12	30.2385	8.81461	-0.620703	-1.269	1.0591
12	22.0453	1.00221	0.295278	0.217825	1.07249
12	29.7724	22.1245	0.18102	-1.49777	0.926529
12	0.0681337	12.3872	0.10847	0.235999	0.868034
12	34.5796	8.59261	-0.443203	0.472439	0.960466
12	24.1615	13.5091	-0.661151	-0.0533139	1.13284
12	35.1677	7.46675	0.0226672	2.32073	1.16335
12	25.2505	12.8458	-0.82312	-0.163666	0.833039
12	37.6722	12.9922	0.360646	-0.847795	0.759895
12	35.238	36.2836	0.775837	0.434053	1.16971
12	28.7739	36.6159	-0.412381	-0.0172733	1.12323
12	29.6276	11.4643	0.83277	1.01515	1.02474
12	39.7623	5.3476	-2.09424	-1.04123	1.02669
12	36.0443	10.0747	-0.343291	0.802758	1.14343
12	38.0902	3.7802	-0.558503	0.524875	1.08101
12	0.947188	12.7561	0.787636	0.679488	0.800965
12	1.60899	10.8602	0.301961	0.191846	1.10481
12	31.7064	17.106	-0.791034	0.281259	1.05833
12	11.3508	11.589	1.85651	0.991672	0.922586
12	18.6364	6.77796	0.659637	0.379586	1.08892
12	10.2787	13.3215	-0.377974	-0.0241157	1.0121
12	5.45907	4.63473	-0.975998	-0.402792	0.92865
12	12.2587	35.7799	0.724894	-0.81365	0.94102
12	2.30336	17.3089	-1.20883	0.209407	1.15832
12	8.92666	1.14695	0.588095	-1.86094	1.08352
12	5.5336	2.73102	-0.523872	-1.4397	0.819986
12	11.0989	2.03897	-0.798253	0.584227	1.10243
12	24.3012	4.12176	0.130824	-0.959535	0.916297
12	23.0932	2.87341	0.763601	0.740309	0.998895
12	15.9633	3.37672	0.587667	0.0097661	1.06713
12	25.643	2.25212	-0.661466	1.09981	1.14424
12	15.3496	7.16832	0.249651	0.823071	1.15085
12	23.9892	9.18874	-0.397302	-0.718211	1.09502
12	29.3704	14.5067	-0.977418	-0.898115	0.959073
12	20.9096	9.27274	0.823272	-0.0397351	1.03552
12	27.143	4.44944	-1.68166	-0.875228	1.1048
12	23.2568	0.419066	-0.0413578	-1.2239	1.02167
12	15.5679	10.8802	1.13059	-0.360517	1.02129
12	27.153	6.79791	-0.293344	-0.280752	1.0764
12	32.8143	5.21874	0.715225	-0.473853	1.06753
12	39.0143	16.9086	-0.182684	1.8748	0.819467
12	34.7153	14.5288	-0.846196	-0.390685	0.909768
12	4.80743	3.7782	0.187728	-0.0149417	0.946268
12	35.3006	2.73001	0.170097	-1.08925	1.04509
12	34.5746	15.629	-0.391786	0.306376	1.06482
12	26.7849	11.597	-0.236458	0.541167	0.954411
12	0.293583	11.1275	3.10417	-0.789427	0.909098
12	38.9414	7.18985	0.402577	0.303191	1.10945
12	38.0243	11.7345	0.625998	0.750095	1.04822
12	34.5733	12.8955	-0.308263	1.28447	0.787519
12	1.6644	6.78126	-0.603767	1.78666	1.18516
12	4.24702	11.6711	0.494202	0.97782	0.835288
12	10.7851	5.64951	-1.2787	1.27893	0.925506
12	4.58667	7.21389	-0.375503	-0.381185	1.01144
12	16.2483	13.3887	-1.06949	-0.184156	0.673106
12	9.7691	6.16448	-1.52168	0.785656	0.954705
12	24.0047	2.13473	-0.48057	0.413915	0.911092
12	13.0659	7.65876	0.605079	0.729976	0.912556
12	19.8476	7.22319	1.04862	0.49428	1.11182
12	7.32997	2.72893	-1.21505	-0.580026	1.03823
12	9.29134	37.4875	-1.19098	-0.840686	1.06344
12	19.1897	5.22764	0.570311	2.16116	1.02967
12	21.7791	2.11529	0.240581	-0.607809	0.98664
12	14.5995	38.6788	0.390493	0.955292	1.01285
12	24.0797	38.829	-0.253517	-0.696917	1.14892
12	23.3624	6.2801	-1.90552	0.00661188	1.04911
12	17.8272	19.1437	-0.284191	-0.505983	1.0118
12	34.5937	10.5077	1.28107	0.397678	0.868632
12	19.9112	13.2578	-0.677933	1.32693	1.11363
12	33.8224	9.49927	1.13434	0.228072	1.00124
12	35.8251	6.18449	0.885006	-1.55126	0.903026
12	31.1966	9.3953	1.14806	-0.995507	0.92553
12	36.0048	16.0921	-1.02562	0.583105	0.903086
12	37.7465	4.87466	-0.0415838	0.154988	1.00988
12	3.35783	35.8913	0.999129	-0.393568	1.08114
12	36.3626	13.6987	0.654151	0.818966	0.922249
12	34.3705	11.8852	1.04954	-0.644827	1.03284
12	37.5175	8.11764	1.05846	0.525945	0.762293
12	34.7431	16.7735	-1.2815	0.37466	0.985325
12	37.0659	1.8783	0.555205	-1.73018	1.14603
12	8.19283	37.5283	-0.00817472	-1.277	0.998413
12	5.6258	24.3597	-0.372209	-0.170981	0.760413
12	31.6892	19.6428	-1.52735	-1.5555	1.01886
12	8.70992	8.6198	0.359557	1.9852	1.03306
12	6.28696	14.6679	-0.686568	0.0288115	1.19345
12	9.27216	15.7652	-0.0341688	-0.858079	0.845594
12	12.1656	10.6492	0.235652	0.155316	1.15656
12	14.5997	3.06428	0.234919	0.6224	1.02494
12	13.3495	8.87408	-0.975666	1.01974	0.919059
12	10.0526	10.8905	1.10923	0.00631793	0.997357
12	6.57799	8.97685	-0.22415	-0.407456	1.11297
12	12.9219	15.5719	-1.72875	0.892393	0.997899
12	14.1796	7.6901	-0.239698	-0.0356996	1.16777
12	17.1609	5.01728	-0.675993	-0.551888	1.12769
12	15.6117	9.1793	-0.762487	1.31385	0.946353
12	14.3889	6.35714	0.989742	-1.81651	0.795489
12	14.4761	39.868	-0.191663	-0.331181	1.07558
12	22.6839	39.1589	-1.61459	-0.186068	1.01272
12	26.4088	5.40907	-0.358435	-0.679987	1.04431
12	23.7929	10.6798	0.169655	-1.12456	0.956197
12	19.1868	8.97477	0.0780353	0.350587	0.887342
12	33.0259	7.25088	-0.165535	0.639747	1.03889
12	32.1431	10.0622	-0.344608	-0.097255	0.941107
12	20.3563	17.2556	-1.69861	0.206129	1.01289
12	36.3272	8.62332	-0.932022	-0.569902	1.05199
12	33.5915	16.3662	-2.10757	-0.0104916	1.01602
12	29.2436	8.15239	1.1575	0.452859	0.948893
12	19.2361	17.4061	-0.137533	1.65106	1.02732
12	31.802	11.2289	0.191007	-0.114223	1.10272
12	34.6427	18.0049	-0.289689	-0.347244	1.07192
12	35.3379	13.4886	0.0361055	-0.999777	1.04503
12	2.0993	18.748	0.857824	0.131441	1.08444
12	39.7604	9.47769	0.463027	0.366498	1.14986
12	38.3141	14.0537	-1.11783	-1.15791	1.04132
12	3.05759	20.8155	-0.316933	0.185878	0.88976
12	6.12501	39.3868	0.0535034	-0.443802	0.871631
12	5.58636	16.5102	-1.85201	-0.0467186	0.886968
12	36.8236	17.0664	-2.15763	0.524606	1.14447
12	37.0166	20.2808	-0.316762	0.0495307	0.881165
12	8.18562	13.8313	-1.58766	0.387529	1.05497
12	10.134	12.0395	0.866072	-1.07505	1.05417
12	38.846	12.8351	0.108158	0.487544	1.23637
12	13.4429	10.0493	0.122911	-0.752041	1.05645
12	13.8008	0.844141	0.141697	-0.494732	1.00559
12	18.581	13.6456	-0.730689	-1.40258	1.00416
12	18.6103	9.83749	-0.216387	-0.546208	1.03635
12	13.9623	5.44888	0.670168	2.68323	0.900822
12	17.0787	10.5228	1.21326	1.10142	0.851813
12	18.098	10.8108	0.484279	-0.00520221	0.941289
12	28.5299	4.57282	0.715175	-0.157705	0.988242
12	22.537	17.4943	-0.680602	-0.0362589	0.929338
12	21.6258	10.7915	1.79473	0.28498	0.825775
12	24.0519	5.43478	1.50493	0.576937	1.06464
12	15.7469	19.9866	1.71593	-0.962574	0.849349
12	17.4565	13.5431	1.55921	-0.32532	1.02638
12	24.2981	12.0843	-0.48659	0.486473	0.931546
12	28.7469	9.41049	0.172965	-0.0550416	0.966834
12	36.6583	12.625	0.690883	-0.807269	0.967442
12	12.6318	21.3068	0.440486	-0.878597	1.02745
12	37.2709	9.35646	-1.30682	3.10087	1.09178
12	29.5493	16.8411	-0.112692	-0.15254	0.931271
12	26.3855	7.68358	2.28944	0.115983	1.01681
12	39.8456	19.4967	-0.916642	-0.408694	1.02293
12	32.4179	20.5121	-0.809884	-1.69844	1.06715
12	31.4814	14.7226	-0.0215063	1.36611	1.14209
12	29.8852	12.6852	1.09773	-0.336374	1.09635
12	30.7505	11.9005	-0.544927	1.03884	0.962484
12	2.69626	11.1907	1.14938	-0.760714	1.04991
12	9.94431	8.83901	0.248821	0.642721	0.962727
12	39.9007	17.2149	0.382224	0.198063	0.92501
12	2.39213	15.0232	0.0219918	0.125706	0.918988
12	4.30445	8.39946	1.24472	-0.0652114	1.03274
12	13.389	16.4434	-0.196585	0.23064	1.00286
12	39.068	23.0071	-0.339049	1.18566	0.740997
12	14.365	9.1492	1.16499	1.12674	1.08731
12	16.2699	6.47541	1.29581	-0.878256	0.975299
12	8.34792	16.0109	-0.474805	-1.48158	0.958491
12	25.2517	8.48556	-0.627864	0.146967	0.973967
12	20.0814	4.20808	-0.13425	0.806622	1.03814
12	16.2044	1.73558	2.14913	0.669616	1.06302
12	12.2121	9.5374	-0.663213	0.0176404	0.97514
12	21.2883	11.7302	-0.0297682	-0.0612605	0.868623
12	21.8697	9.74261	0.0791162	1.62124	0.801815
12	28.7155	13.0024	-2.28896	0.486133	1.12179
12	32.0113	8.59763	0.37856	-0.705428	1.01218
12	22.1042	16.5647	-0.279967	-0.053318	0.91505
12	27.3119	9.53025	-0.90037	-1.48811	1.16069
12	28.7744	10.7728	1.31947	0.542872	1.06095
12	21.4925	22.6844	1.60149	0.727314	1.00343
12	32.8746	15.1995	0.535716	0.973731	0.857313
12	27.6471	12.9335	0.381611	-0.538206	0.944168
12	35.505	27.0176	-0.0900639	0.158648	0.847043
12	38.1787	6.05017	0.642193	-0.753214	1.05344
12	19.2873	19.3857	0.108066	0.195787	1.03559
12	27.6429	10.6032	1.80796	-0.367624	1.01471
12	17.8541	20.5896	-0.587752	-0.718219	1.09554
12	36.8453	11.358	0.740139	1.4709	0.984209
12	30.9214	13.1779	-0.221062	0.585936	1.13311
12	32.085	15.921	0.312454	-0.883849	1.04724
12	0.765433	10.0486	0.621319	-1.29692	0.89063
12	33.8872	13.6697	-0.761945	-1.04193	1.02345
12	2.03813	12.1151	-0.461059	0.317713	0.944736
12	5.10905	12.2702	0.218759	-0.582514	0.868835
12	2.01136	25.5759	-3.12975	0.869141	1.02386
12	4.86557	10.8416	-0.932287	1.32819	0.937678
12	6.16352	12.7451	-0.188338	0.438128	1.05503
12	14.5725	10.3077	0.874657	-0.847706	1.10561
12	3.39359	7.22534	1.07915	-0.765979	1.09762
12	21.1416	16.2717	-0.142603	-0.821456	1.06175
12	12.565	12.154	-0.0930377	0.662789	1.19522
12	18.0028	3.01917	0.276109	0.641362	1.03169
12	16.5416	11.4059	-2.26768	0.236119	1.04318
12	22.7896	1.83972	1.60482	-0.704914	0.918605
12	27.5807	7.85582	-0.964242	-1.64494	1.08889
12	22.6752	18.7217	1.34904	-1.62724	1.07294
12	19.1844	12.1771	0.16376	-0.817159	1.13561
12	15.3077	21.3438	-1.63423	-0.0643471	1.09488
12	17.3628	7.73614	0.173579	2.69158	1.01055
12	20.7133	10.8963	1.28995	-0.959713	0.915896
12	20.6186	12.3721	0.146648	-1.62229	0.929554
12	24.4698	15.6456	-0.385186	1.8663	0.955324
12	19.1063	10.8447	1.15622	-1.04964	1.00405
12	18.884	15.1258	-0.709637	-0.480614	1.01627
12	29.3573	6.35182	-0.199871	-0.721921	1.04402
12	29.534	1.33808	-1.51214	0.680631	0.978351
12	22.653	14.0137	-0.830569	-0.525875	1.1435
12	35.3149	19.5468	0.824175	0.246765	0.902288
12	33.796	14.8982	1.1521	-0.280378	0.94688
12	31.7399	31.7381	0.314741	0.567887	0.956562
12	37.2112	16.0703	0.298681	-0.0115659	1.01331
12	0.901163	9.00048	0.483947	2.72958	0.838978
12	0.879363	15.5184	0.808971	0.516521	0.986992
12	12.3488	14.6298	-0.895987	1.83657	1.08988
12	38.6506	23.9323	-1.40088	-1.1982	1.0452
12	39.3957	2.06786	0.524432	1.1944	1.03366
12	3.8434	14.1759	0.568194	0.63257	0.978294
12	0.757346	7.71104	-0.290902	-0.443499	0.855219
12	10.8008	24.107	0.119735	-0.0633029	0.977043
12	10.4128	14.2549	0.302664	-0.598611	0.90702
12	3.81581	15.5794	0.193422	2.02879	0.940533
12	16.0092	19.0181	1.15287	-0.180136	0.926766
12	36.7792	22.604	0.833617	0.30083	1.03652
12	11.3949	14.0012	1.28376	0.854401	0.894836
12	11.194	22.5842	-0.589294	0.198426	1.05904
12	18.8758	18.3131	1.21196	1.82335	0.935742
12	14.0716	15.0902	-0.597917	0.226109	1.13504
12	10.2146	19.3199	-0.113627	0.785248	1.1254
12	17.8341	5.97964	-0.436723	1.12173	0.99045
12	14.3603	12.8403	-0.159952	0.900896	1.08772
12	13.5645	13.9754	0.276553	-0.286211	1.02303
12	21.3592	17.8567	0.72795	-0.207251	1.0591
12	20.002	21.3986	-0.313607	0.884147	1.03903
12	22.9845	23.1526	0.336335	-0.739223	0.900031
12	26.2183	16.4073	1.16529	-0.0656653	0.813238
12	29.9045	10.15	0.304937	0.438449	1.16658
12	33.271	10.4398	1.80228	-0.329197	1.00623
12	28.8117	19.91	-1.08342	0.352435	1.06807
12	30.5121	16.4831	1.40513	0.0315955	1.11145
12	27.8463	5.42576	-0.854044	-0.241981	1.24022
12	27.2375	21.1365	-0.16434	-0.471191	0.938252
12	32.8365	23.6131	-0.515767	0.867948	0.85336
12	35.0115	21.4945	-0.427028	0.543796	0.969076
12	31.1113	10.3495	1.36221	-0.871812	0.990007
12	32.5052	12.604	0.20141	-1.86836	0.941548
12	38.0885	22.7973	-0.420211	1.12213	1.05686
12	35.797	17.2138	-0.929146	-0.537937	0.982775
12	4.99545	13.7263	2.47863	-0.247932	0.933066
12	2.86744	12.8688	-1.68076	-1.08951	0.929152
12	9.87696	22.8729	-0.511319	-0.654576	1.01498
12	17.9933	15.7595	0.910155	-1.10297	0.955528
12	2.82468	9.93625	-0.142912	-1.84712	0.960927
12	5.22774	20.0877	0.977427	0.973591	0.934051
12	7.44706	24.7099	0.311226	-0.371543	1.20842
12	3.04634	8.63248	1.07204	0.281783	1.1588
12	18.5115	26.2094	0.690585	1.24449	1.08392
12	10.7418	15.7012	-1.77589	0.205661	1.18565
12	13.6443	19.8229	0.0272202	0.584488	0.940922
12	6.89297	10.2587	2.17815	-0.758048	1.11355
12	16.9506	12.6713	-0.121472	1.24955	0.965002
12	20.9233	14.1573	1.49466	0.0742118	0.8697
12	15.7844	15.4163	1.25684	-0.163901	1.04
12	8.4236	14.98	1.76715	-1.51475	1.00709
12	16.8947	15.5433	-0.827487	-0.901641	0.998425
12	15.6534	13.8614	-0.528589	-0.532499	0.841373
12	25.7	15.4705	-0.765922	0.365641	1.20383
12	13.3147	18.7933	2.14041	-0.34883	1.14444
12	26.4122	17.5171	0.554051	-0.395094	1.08821
12	22.0574	15.0132	-0.0306382	0.978073	0.995824
12	30.5655	14.195	0.386138	-0.905709	0.991229
12	29.5926	29.3959	-0.598511	0.578173	0.94135
12	27.8022	17.7707	1.35465	0.0646291	0.847731
12	20.3533	19.3587	0.116022	-0.214494	1.0312
12	26.4054	19.1307	-0.768234	1.11752	1.05868
12	23.5415	20.9546	-0.224633	0.493046	1.05182
12	36.7212	18.5568	-0.271667	1.70735	1.02989
12	31.6513	12.2877	1.79838	-0.804611	0.846784
12	28.03	20.6325	0.800949	-1.49163	0.841041
12	31.1913	18.233	0.0416396	-0.820751	0.971308
12	7.91787	18.2677	-0.721163	0.325747	1.06054
12	0.753893	17.8454	0.164863	0.214554	1.12303
12	7.46523	12.4055	-0.550593	0.458986	0.804941
12	5.0243	26.3511	0.355155	1.06982	1.13072
12	4.47255	9.52391	-1.33506	0.859838	0.918083
12	5.01349	25.202	-0.209263	-1.91387	1.08595
12	39.4539	20.6096	1.74536	-1.17228	1.08921
12	7.77313	20.7951	-0.458023	0.757094	0.936757
12	17.8724	14.7169	1.35316	0.916381	1.04198
12	10.0799	17.9588	-1.43024	0.294794	0.93557
12	1.09476	22.9727	0.395451	-1.53784	0.915052
12	16.232	23.5902	-0.185059	1.0149	1.06008
12	9.83571	20.5672	-0.320072	0.0892843	1.02637
12	19.822	16.2601	-0.292594	0.475804	1.03045
12	14.3987	16.836	-0.765665	0.250799	0.77209
12	18.7653	21.3601	-0.413059	-0.042994	1.0087
12	17.3244	22.4475	1.18002	0.764285	0.85614
12	18.1993	30.2643	1.58051	0.697971	0.922624
12	11.7625	1.08856	-0.765889	-0.00266496	1.19487
12	26.2353	14.3661	0.901213	-0.235229	0.9413
12	25.0377	16.5614	-0.323617	0.201892	1.02689
12	14.9754	24.5774	0.643472	1.51089	0.993518
12	19.7206	9.72444	-0.723852	1.09872	0.978877
12	27.7717	14.7778	1.79695	-0.0892428	1.11033
12	29.0977	21.5009	0.0773728	0.770863	0.892199
12	33.6041	18.4254	-1.16312	-1.44961	0.969363
12	35.8721	14.8592	0.0386728	0.18822	0.895891
12	33.8424	17.3674	-0.669907	2.23817	1.01983
12	16.3653	17.6397	-0.672534	0.700613	0.951229
12	27.6679	18.6861	1.63935	-1.3616	0.914439
12	32.416	18.5014	0.0500571	-0.378915	1.06388
12	34.3111	19.1916	0.370351	-0.428618	1.09131
12	29.5724	15.613	-1.36909	-0.0868314	1.15311
12	34.306	20.3189	1.25855	-0.334066	1.05816
12	6.16651	7.45942	0.773333	0.170622	1.20479
12	5.79801	11.4924	-0.114496	0.578664	1.01035
12	39.4975	13.8033	1.7984	0.285211	0.908373
12	0.0542802	23.4622	-0.78233	-1.88706	1.04845
12	13.1517	27.4486	0.65772	1.02984	0.996292
12	7.72617	19.7472	0.622112	0.835189	1.02373
12	15.8147	12.2687	1.46703	-0.513837	1.17466
12	8.59807	12.6642	-0.461798	0.295992	1.11695
12	7.37449	21.8641	-0.805441	-0.107365	1.10914
12	24.6152	17.5667	0.177792	0.406405	0.863419
12	19.7085	20.3655	1.6726	0.384521	0.843172
12	4.41788	19.1195	-0.981937	-0.842721	1.10267
12	7.98997	10.4922	-2.0099	-1.09725	0.931626
12	14.352	21.6642	-1.9815	-0.710538	0.934155
12	25.1215	14.5629	-1.78037	-0.0681356	0.893692
12	23.6241	16.8467	-0.767072	-1.01155	0.973185
12	3.45463	18.4216	-0.23416	-0.57794	0.999162
12	8.61267	30.7007	-1.86084	-1.489	1.03764
12	12.6984	20.0615	-0.306102	0.625223	0.711965
12	22.9063	11.5021	-0.507218	0.534184	1.14118
12	27.6642	27.0489	-1.76145	0.249246	1.05785
12	11.3897	14.9218	0.12622	-1.58614	0.831106
12	28.1332	11.7555	-0.542495	0.251868	0.888759
12	35.5011	18.6292	2.96406	-0.516688	1.00896
12	22.9822	30.0592	-0.704268	-2.16432	0.93635
12	27.0903	15.7803	0.24566	0.565012	0.968958
12	32.2827	25.7418	0.0587627	1.83224	1.09966
12	32.7257	26.6294	-0.328411	0.973795	0.890092
12	31.3604	20.6544	0.2111	-0.637014	0.901392
12	36.364	19.5835	-0.22383	1.20731	1.00766
12	31.9114	22.8878	0.411364	0.668802	0.967808
12	32.8164	24.6811	0.541169	0.497457	0.977735
12	39.1451	21.7402	0.757641	-0.027709	0.994967
12	34.48	26.6102	0.132301	1.78496	0.995407
12	1.38496	14.6508	-1.24103	-0.416623	0.951372
12	36.5391	26.2851	-0.358227	-0.0322321	1.15396
12	2.84491	13.977	-0.248751	-0.0691714	0.933548
12	0.895513	18.9584	-0.216384	1.48984	1.12214
12	14.7675	15.9766	-1.424	0.342095	1.0442
12	8.80633	19.9906	-0.989991	-0.737186	1.02204
12	9.06422	25.5193	-0.0395663	-0.229555	1.10016
12	12.198	27.0735	0.937322	0.302911	0.92516
12	39.2883	34.3869	0.896386	-0.40134	1.01689
12	16.3856	9.70956	-0.579987	0.277927	0.98146
12	33.214	19.6121	0.0832142	-0.63512	1.14381
12	14.586	19.1676	1.14902	-0.948889	1.1643
12	13.228	26.2194	0.401367	0.514284	1.16649
12	19.969	18.3359	-0.722356	-0.4537	1.12889
12	19.2714	23.5799	0.219313	0.717417	1.02822
12	11.8659	15.7755	1.59538	2.0948	0.882712
12	20.6272	23.6802	-0.800683	-0.980327	1.12953
12	21.2634	13.0503	-0.733124	0.917171	0.881478
12	17.8631	17.8513	-1.05061	-0.830718	0.929907
12	17.6464	16.6282	-0.506621	-2.53956	0.938823
12	22.6482	7.23083	0.936318	-2.13911	1.12928
12	24.098	14.6762	0.353197	1.13661	1.08029
12	35.1635	22.5935	-1.09537	1.13815	1.14049
12	25.2906	27.6718	1.54486	0.349939	1.09221
12	39.1105	26.4625	-0.0997825	-0.668236	1.00816
12	29.9775	18.0435	0.462542	1.37693	0.884985
12	28.4389	15.7379	-1.66531	-0.662927	1.04706
12	29.1807	18.8158	0.210716	0.463138	0.856262
12	23.9268	19.6057	-0.469557	0.310936	1.07152
12	35.3299	25.9164	-0.468165	0.148828	1.08441
12	32.0617	21.4441	-0.915163	0.178154	0.909356
12	37.9188	17.0827	1.88483	0.887229	0.944952
12	37.4695	19.3383	-0.396684	-0.548219	1.0482
12	0.292434	22.3015	-2.14718	0.464272	0.983681
12	1.75773	21.6416	-0.292664	0.593477	1.18314
12	4.26657	16.5987	0.580359	1.21619	1.06702
12	3.31991	17.0773	-0.468889	0.482605	0.824006
12	11.7979	23.4857	-0.15833	1.61863	1.15925
12	10.7024	25.8639	1.26741	0.335575	0.983577
12	5.37258	23.3785	-0.947445	-0.694539	1.06133
12	13.709	24.4414	-0.0187857	1.11623	0.917036
12	12.6257	17.5742	0.518117	-0.596289	1.135
12	10.0795	21.7805	0.25418	0.897496	1.104
12	11.1375	20.9041	0.209909	-0.0700171	1.09227
12	20.7388	25.2432	-0.201445	-0.670341	0.882439
12	16.3383	20.7302	-0.813436	-1.15066	1.0202
12	19.0765	28.7654	-1.64937	-1.21448	1.12081
12	18.5459	22.6536	-0.653195	0.493666	1.12655
12	28.3141	22.6756	1.96263	0.38073	0.941696
12	21.3747	34.2191	-0.754643	1.29122	1.06539
12	15.2844	16.7982	0.389392	-0.545897	0.873462
12	19.9729	22.6653	0.444819	-0.980158	0.929709
12	15.8313	34.2835	1.39084	-1.83179	0.93615
12	20.018	24.5437	1.34078	1.02046	0.863807
12	16.3567	22.1093	-1.13766	0.234173	1.125
12	23.1758	15.3758	-0.915455	-0.447582	0.832753
12	27.4333	29.3324	0.796983	-0.737892	0.82884
12	27.2388	19.8707	1.04265	0.28949	1.00967
12	27.485	16.6727	2.34771	-0.515813	0.912434
12	30.6975	15.4009	0.437657	-1.1529	0.897019
12	36.0504	28.1915	1.799	-1.51895	1.12667
12	36.291	21.2033	0.134381	-0.61773	1.08324
12	0.628962	13.7658	-2.24218	0.413802	1.03485
12	6.99808	16.0735	-0.61174	-1.89166	1.24276
12	37.9284	18.2927	0.986976	-0.174693	1.12299
12	0.816915	16.6717	0.00490409	-0.662611	0.994894
12	38.4854	16.1194	-0.423197	0.832904	0.933465
12	5.03259	22.1467	0.306246	1.29258	0.951556
12	35.4029	20.601	0.0660956	-0.261004	0.841157
12	8.76439	22.2832	-0.132617	0.067224	0.995835
12	11.8814	25.6777	0.838657	-0.50606	1.11281
12	8.7722	21.1351	0.363785	0.0524633	1.01335
12	6.15707	18.3283	-0.323545	-0.138814	0.916288
12	0.598767	31.5666	0.218283	0.382275	1.09607
12	6.64315	19.3458	0.500281	-0.687886	1.07224
12	12.2562	19.0435	0.0606403	1.11185	1.07308
12	11.6744	16.8635	-1.03919	-0.919254	0.958488
12	6.18833	20.7191	-0.013156	-0.615992	1.12881
12	10.0785	16.6185	1.37467	0.282002	1.07562
12	21.2078	21.5182	-0.185207	-1.19641	1.05157
12	12.7696	22.607	-1.53485	1.97207	1.06381
12	25.0573	11.1074	0.848912	0.395565	1.00464
12	25.1277	25.9584	0.481089	-1.12551	1.08725
12	20.7241	27.6917	-0.502834	-0.681116	0.904988
12	23.6205	17.8878	0.270991	0.780011	0.985511
12	21.743	24.4257	1.70464	0.21766	1.10688
12	26.654	26.8819	-0.642662	1.31618	0.951703
12	27.9503	21.744	-0.182439	0.921007	0.877738
12	25.6237	34.4306	0.0221277	0.0302172	0.973233
12	28.1001	30.0441	0.480218	-0.306418	0.97848
12	30.6693	21.8038	-0.432469	-0.60941	0.922796
12	26.4324	24.2537	0.409301	-0.964512	1.09906
12	27.1331	23.3559	-0.390461	-0.059335	1.05922
12	32.691	17.4832	0.0160906	1.22388	0.989231
12	22.2241	12.4244	1.75154	0.0498076	0.98957
12	37.295	23.7119	-0.655627	0.231188	0.986011
12	3.81306	21.8396	0.044512	-1.89102	0.958946
12	28.1055	23.6997	-0.692495	0.297598	0.952873
12	2.47296	16.08	0.46947	0.895893	1.01559
12	38.1186	25.7973	-0.441942	-0.509444	1.02325
12	39.8137	16.1672	-0.32402	0.440204	1.07003
12	4.63288	32.4866	-1.95054	-1.10759	0.96405
12	10.8773	32.4509	-0.292538	-1.1202	0.994874
12	14.9065	20.1973	-0.232205	1.661	0.940905
12	34.8806	28.2487	-0.17423	1.07404	0.859218
12	4.96722	27.6571	-1.41111	0.273241	1.11675
12	14.1908	17.7624	-0.465412	-0.067617	1.06379
12	9.52109	28.9353	0.244466	0.702427	1.03547
12	2.86113	21.8457	0.75754	-0.0207904	0.904478
12	15.0828	25.9366	-0.572723	0.823835	1.03339
12	19.5786	25.3836	0.976836	0.857372	1.00348
12	8.97207	27.8342	0.31228	0.0638283	0.85245
12	17.6572	23.3591	0.448176	-1.68254	0.981078
12	13.4132	35.4001	1.73955	-0.449326	1.09934
12	16.9149	24.6737	0.380934	1.1185	0.929835
12	20.1179	31.697	-0.866736	0.208552	0.973805
12	31.5013	29.2444	-1.70831	2.09511	0.787326
12	18.114	24.3741	-1.53825	1.39135	0.915032
12	11.0202	18.592	-0.125971	-0.741592	1.02309
12	34.7449	24.1463	0.39183	1.17095	0.985308
12	24.5155	18.6932	1.22771	0.0995493	0.882345
12	21.5842	19.1799	0.138485	-0.0165639	1.06327
12	37.6278	21.5585	-1.01545	-0.0237396	1.12307
12	21.3611	31.8502	-0.596314	0.2423	1.05406
12	25.8193	21.3741	-0.541863	0.581901	1.01469
12	31.5483	26.6887	-2.35512	0.610046	0.887268
12	31.4439	24.165	-2.13466	-1.33892	1.10091
12	36.0909	33.406	-0.991364	-0.0940081	0.827478
12	20.4529	29.1629	-0.131797	-0.953525	1.05527
12	30.4884	19.1206	-0.887511	0.0835337	1.17781
12	37.9938	20.3701	-1.25113	0.806903	1.04039
12	5.17421	33.6673	1.04018	1.80029	1.02947
12	3.78923	28.2949	-0.461814	0.536557	0.839922
12	3.38079	19.6968	0.0664386	-0.219002	1.06345
12	14.1272	25.3002	0.849176	1.241	0.998966
12	8.32284	23.9122	0.118206	-0.340114	1.11453
12	4.72175	21.163	1.98429	-0.66607	1.07335
12	16.8387	14.3355	-0.974693	-1.12222	0.907825
12	5.62614	28.6848	-0.465081	-0.646521	1.20963
12	17.3837	33.482	0.360119	0.0617356	1.06437
12	4.02579	27.0621	-1.07104	-0.387782	1.07832
12	16.4144	25.9201	0.92937	-1.40024	1.07419
12	14.9968	31.4524	0.0498433	0.199815	1.02344
12	19.0402	31.3833	-0.328727	-0.652588	1.07691
12	22.3949	21.9564	-0.842709	0.891248	1.01678
12	18.4882	33.2627	-0.527689	-0.137908	0.657501
12	8.1166	29.1904	-0.836282	-0.54922	1.17889
12	14.8883	27.0983	1.2038	1.26045	1.09755
12	25.7725	20.3954	1.77452	0.202777	0.987402
12	24.7099	20.5226	0.195367	-0.277879	0.922283
12	19.3809	30.2749	0.351511	0.784398	0.935093
12	18.1139	32.4436	-0.159939	0.140842	1.01199
12	19.6681	27.7373	-0.472639	-0.271932	1.00627
12	22.9016	27.1633	-0.353063	-0.51205	0.956657
12	31.9494	32.9527	-0.597774	0.0398877	1.01182
12	29.3436	27.102	0.511565	-0.694953	0.968304
12	39.6916	30.9172	0.235756	-0.652439	1.00962
12	23.9845	26.3249	0.733758	-0.57725	1.17263
12	27.027	22.2406	-0.994583	-1.37094	1.21871
12	34.0131	23.5014	-1.06725	-0.0245629	0.930227
12	8.14636	36.1298	-0.994353	-0.487806	0.991463
12	35.5014	29.4587	-0.588797	0.312996	0.944261
12	1.18838	23.9811	0.0224062	-1.37157	1.01251
12	3.81039	25.3362	0.21254	0.312791	1.04949
12	30.4298	27.8465	-0.454627	-1.58602	0.898944
12	31.9658	27.6513	0.239631	0.726256	0.876482
12	29.8052	19.9259	-0.720952	-0.379029	0.887543
12	4.81994	15.2666	1.31696	-0.231473	0.897621
12	1.45687	26.8591	0.0128053	-0.16552	1.17575
12	4.21193	20.2039	0.376384	-0.439599	0.856095
12	3.36238	38.6248	1.31868	2.40842	0.962523
12	6.51198	27.6429	-1.65468	0.593384	0.906882
12	0.452616	34.3606	0.777926	0.853856	1.04984
12	2.27279	33.0339	-0.277204	-1.36278	1.38703
12	1.64325	31.5343	-0.00881942	-0.445038	0.875627
12	10.5553	33.4194	-0.241492	-1.27587	0.970964
12	21.8025	27.1798	-1.85136	1.21122	1.13538
12	8.38301	32.1595	-0.919485	1.4411	0.906234
12	8.9666	18.5842	-0.00483582	0.265036	0.96867
12	25.3337	24.7094	-0.855307	0.194329	1.05423
12	24.3603	32.4596	-0.537	-0.0457953	1.07609
12	16.5131	29.0256	-0.450862	1.35419	1.0294
12	20.4897	26.3485	-0.264344	-0.429271	1.08023
12	15.5885	30.1875	-0.111849	-1.57629	1.02093
12	25.5729	23.3995	-1.96739	0.252763	1.21767
12	24.3883	22.6353	-0.545596	1.45156	1.09072
12	26.3374	29.0779	-0.621347	0.0348936	1.0895
12	29.334	28.3511	-0.570611	-0.418199	0.995604
12	1.66829	28.9887	0.303842	-0.222	1.05881
12	16.3507	16.5791	0.882294	-0.523903	0.916603
12	30.4566	20.775	0.600803	0.231842	0.970595
12	0.597135	21.3655	-0.401601	-0.528442	0.902984
12	39.3795	28.8017	2.12148	0.565309	0.988791
12	24.1596	30.5927	-1.36245	-0.804859	1.03647
12	39.1839	33.1272	-0.0713624	-0.740318	1.05155
12	39.5154	24.4661	2.07581	0.97893	0.9909
12	27.0432	30.4357	-0.362405	0.154487	0.949671
12	1.71	27.9503	-1.11411	0.304201	0.954312
12	32.6889	22.0864	0.534807	1.33129	0.946967
12	39.4397	36.6977	0.59042	-0.0133247	1.02262
12	4.88058	0.4179	-0.293008	-0.701586	0.90491
12	6.25621	33.3014	-0.218021	0.498909	1.02804
12	37.2805	28.0272	1.62688	-0.933249	0.909534
12	11.2348	38.2149	-0.58256	0.338933	1.17336
12	12.4872	24.4268	-0.644741	-0.0060331	1.07297
12	7.62617	26.7326	-0.534529	-0.401762	1.03892
12	21.5246	37.7928	-0.00457567	-0.106546	1.02168
12	5.84277	17.4385	-0.574619	-0.188529	0.877559
12	17.739	29.0297	0.49641	2.07028	1.10314
12	14.0113	28.189	-2.69461	-0.646031	0.953048
12	23.6212	29.2682	1.32852	0.914043	1.11905
12	19.5713	35.0964	-1.16722	1.44784	0.948019
12	17.7338	31.4626	1.48591	0.762422	0.953359
12	24.586	34.4256	-0.759168	1.40386	0.881806
12	19.5717	33.6911	0.152816	0.124007	0.958569
12	22.9743	32.2502	1.23662	-0.437737	0.868608
12	16.5613	32.7022	0.538277	0.215019	1.03496
12	18.9276	27.2179	0.425026	0.370172	0.848648
12	26.9095	31.4826	0.740479	-0.807371	0.90867
12	27.0309	33.7633	-0.133605	0.984648	0.978004
12	28.6339	34.3369	0.0561761	0.626239	0.972369
12	28.4907	29.0073	0.0575656	0.405394	1.04646
12	33.4635	25.9538	1.20856	0.545249	1.03183
12	30.6016	29.9786	0.25606	1.4441	1.13415
12	2.25103	23.5974	-1.00692	1.10403	0.967244
12	38.6683	19.6424	-0.49876	0.00825767	0.95787
12	0.0323859	29.6908	-1.4049	1.60235	0.683338
12	33.8113	31.7898	-1.42478	2.64732	0.917518
12	36.6545	30.5207	-1.5579	0.141085	1.07866
12	0.507458	28.9433	0.016691	1.01429	0.912687
12	37.333	36.3201	-0.548414	-0.396927	1.01274
12	33.0376	30.4084	-1.45685	-0.0579659	1.23003
12	8.47703	34.8866	0.545066	-1.11434	0.984129
12	0.72021	25.0667	-0.162739	0.477097	1.08388
12	39.1457	0.427133	0.541215	-0.861473	1.08099
12	1.38679	39.6745	0.891564	-0.182674	1.03715
12	2.75152	28.5085	1.06828	-0.913652	0.977865
12	12.3357	30.2414	-0.142834	-1.68187	0.939672
12	21.5225	25.9731	0.414531	1.58733	1.05864
12	2.91792	26.2187	-0.21562	-0.465689	0.936801
12	13.8671	32.1121	-0.0120616	1.13309	1.00744
12	23.0212	24.9983	-0.391268	0.443287	1.14662
12	11.7492	28.1959	-0.146581	0.635209	1.0112
12	20.3176	34.4999	-0.0081662	-0.00368475	1.03869
12	15.7883	36.3054	-2.19651	-1.03376	1.16802
12	22.5256	29.1333	-0.103901	0.698037	0.935849
12	19.2643	2.28309	0.346843	-1.2027	1.0979
12	14.9303	35.0587	0.0574939	-1.13786	0.957758
12	19.3868	37.2741	2.34897	-1.17013	0.754984
12	16.6801	35.0086	1.3653	0.348136	1.01529
12	21.7816	39.6897	0.377403	-0.607059	0.954975
12	20.7373	20.3272	-0.422196	0.346794	0.92256
12	26.0702	32.7594	-0.863598	-1.18391	1.07079
12	30.489	28.8241	-0.149394	-0.969138	0.986661
12	30.3571	31.5539	-1.87871	-0.492003	1.00487
12	36.6062	38.5054	0.17082	0.561434	1.13105
12	38.4155	36.3006	0.112084	0.884708	0.897915
12	33.9576	22.1683	1.09307	-2.26055	0.970593
12	34.1168	25.0572	0.566427	0.113249	1.13756
12	35.5875	24.8312	-0.0448202	-0.118093	0.978948
12	1.76859	30.2988	-0.128462	1.41151	0.812844
12	32.4786	28.5685	-0.358227	-1.45767	0.902719
12	28.8502	30.6398	1.07872	0.643587	0.852532
12	3.97869	30.0699	-1.48292	-2.8258	0.942445
12	2.87261	24.8385	-0.337713	1.01888	1.06955
12	37.1603	31.6634	-0.924273	0.583969	0.972498
12	6.48037	23.8328	-0.533171	0.758918	1.04494
12	36.3746	37.0092	0.134674	-1.4084	0.914691
12	37.7629	24.8068	1.74279	0.179844	0.932613
12	9.71463	23.9989	1.19222	-1.15635	1.05664
12	12.6622	38.2255	-1.21785	-1.74058	0.955718
12	7.29496	30.7535	1.11439	-0.306376	1.03439
12	7.53457	27.9706	0.386176	2.44334	1.10849
12	18.2952	27.9569	1.01141	-0.0285685	0.949986
12	17.2609	21.5346	0.83489	-0.0534263	0.890232
12	14.8161	33.0041	-1.8717	-1.02181	0.867628
12	10.839	27.3165	1.40733	-0.310693	0.978675
12	21.3003	35.3	0.27576	0.538325	1.026
12	29.0974	2.79626	0.894183	1.61037	1.08337
12	23.8633	33.5823	-0.279209	-0.733673	1.08619
12	20.5676	37.4838	0.0236377	-0.837327	1.0097
12	18.6114	34.4634	-0.566409	0.47135	1.17454
12	27.8321	31.2988	-2.28375	0.118015	1.0171
12	10.4478	29.5439	1.70422	0.845208	0.964068
12	24.4158	25.1696	0.31387	-0.503775	0.898918
12	26.3305	28.0056	0.199782	-0.994505	0.918085
12	21.1892	30.7277	-0.859652	0.663242	0.946318
12	31.0847	25.395	-1.31108	-1.53788	1.11065
12	33.5657	1.07161	-0.946823	-0.781156	1.05132
12	35.8834	23.7332	-0.808021	-0.85453	1.07754
12	33.4491	21.1529	1.03289	-0.390492	1.0575
12	34.5267	30.5756	-0.235202	-0.249896	1.03775
12	34.0278	29.3	0.872617	-0.757425	0.935274
12	22.3049	20.0458	0.452695	-2.3962	1.14903
12	0.960213	33.2669	-0.633959	0.177182	0.875744
12	30.9103	32.4757	0.47952	-0.956134	0.980216
12	9.22558	26.6245	3.26445	0.626256	0.997946
12	2.26149	36.1415	-1.37819	-0.390126	0.956637
12	4.01479	30.9544	-0.358062	-0.595868	0.85566
12	8.94459	6.42876	-1.19546	-0.236007	0.83691
12	10.1582	38.024	-1.11628	0.683331	1.00107
12	6.33361	25.1626	-1.72388	-0.648763	1.0346
12	2.44777	3.75447	1.09227	-0.811611	1.02166
12	9.02536	5.44468	-0.575252	0.312885	0.92723
12	11.4772	19.9008	0.576377	-0.144306	1.07261
12	16.2234	27.4343	-0.235035	0.718323	1.13526
12	11.1523	35.4176	1.44492	-1.83543	1.02498
12	15.1813	2.21908	-0.327068	0.999418	0.957029
12	13.6389	30.8817	0.0702386	-0.500081	1.08983
12	10.5773	31.3535	-0.863052	0.662785	1.02311
12	12.7791	0.257724	0.296402	0.650313	1.00183
12	11.6876	29.2936	-0.0227265	0.207664	1.0354
12	13.1877	34.1252	-1.10386	-0.391802	1.08902
12	26.4258	25.4371	-0.703709	-1.46656	1.06525
12	19.1238	3.43939	0.521078	-0.774568	0.943208
12	17.2861	27.8109	0.606112	0.0916516	0.856898
12	0.952101	29.8222	0.719135	1.21179	0.861361
12	29.2381	23.3488	-1.55407	-0.44437	1.00661
12	24.1776	27.3797	-0.0897552	-0.909643	0.949876
12	23.8472	37.0351	-0.240432	-0.507059	0.905565
12	35.6034	32.6518	-0.229979	0.153305	0.974634
12	34.5955	5.36296	-0.424912	-0.179443	1.06793
12	33.9411	39.9931	0.322852	-0.515365	0.970194
12	37.7756	38.5928	0.5084	1.03621	0.986903
12	30.3701	26.6387	-0.210772	0.903372	1.09479
12	29.7786	25.4122	-0.849617	0.191073	1.06057
12	37.0948	4.21568	1.17558	-0.655201	0.875089
12	37.8824	30.3609	-0.268366	0.201892	1.20433
12	29.8355	32.7239	0.91219	0.501178	1.09896
12	6.08465	22.1109	-0.0300083	-0.183544	0.971233
12	2.76878	29.6452	1.14333	-0.708044	0.995458
12	4.54963	35.3797	1.04197	0.966062	0.908455
12	5.10549	39.5657	1.65981	-0.540433	0.897644
12	9.89246	35.3623	0.96041	-0.807815	1.06273
12	11.8059	31.3105	0.325132	-0.932547	1.18546
12	2.2107	38.6696	1.57695	-0.619258	1.01109
12	7.11457	35.9951	-0.738661	1.82391	1.04744
12	21.5571	28.6899	-0.857859	0.781747	0.962787
12	38.9929	29.9632	-1.51664	-0.84835	1.13878
12	17.9442	35.6843	0.473838	1.54814	1.0573
12	12.846	28.6385	1.36348	1.49893	1.07618
12	17.4937	25.5154	1.7943	0.599914	1.00509
12	12.0872	33.2847	-0.531624	0.708091	0.887721
12	16.5479	39.1648	0.30943	0.76866	0.920194
12	18.9158	38.2068	-1.1643	-0.350876	1.11929
12	25.0698	35.3654	-1.49613	1.19511	0.991367
12	20.8479	0.784978	1.2808	-0.822734	1.092
12	31.892	34.2588	-2.12239	1.66498	0.977985
12	32.2515	35.5738	-0.3118	1.02965	1.00606
12	24.427	23.9231	0.0180055	0.980839	1.18814
12	28.2948	27.8886	0.312937	-0.481486	1.0004
12	32.7766	32.1333	-1.16499	1.1789	1.07715
12	1.45916	34.3564	1.32585	-1.80971	0.943983
12	20.5808	33.0446	-0.742458	0.901075	1.11295
12	23.4223	28.2238	1.43932	0.767314	1.17036
12	28.0998	25.9323	0.901413	-0.0928015	1.06997
12	33.229	33.1387	1.00161	-1.33676	0.951949
12	30.4452	23.361	0.554774	0.0574017	1.16375
12	34.3734	37.744	0.209997	-0.282183	0.973649
12	32.1053	37.9639	0.738699	-0.831255	1.22913
12	1.19951	3.65211	-1.50366	-0.0658265	0.957514
12	36.7982	24.9752	-0.749433	0.862674	0.831235
12	5.88128	32.2257	-0.709583	-0.831292	0.86062
12	1.02015	36.8547	0.0955223	0.289566	1.09369
12	32.9768	34.4239	-0.0552733	1.18734	1.02364
12	30.9086	35.3081	-0.234398	-0.163603	1.0726
12	3.74957	33.1404	-0.242116	-1.92033	0.988589
12	4.05383	34.464	-1.3245	2.01224	1.06477
12	10.6852	34.475	1.64396	-0.605024	0.771194
12	13.0081	36.5907	-0.684888	-0.213272	0.981508
12	9.20308	33.0199	-0.785526	0.0259212	1.10792
12	22.7789	26.1369	-0.458619	-0.285429	0.896306
12	16.9293	36.0842	-1.14097	-0.506753	1.12393
12	19.8588	36.0106	-0.370879	1.60985	0.996433
12	22.0285	33.1641	0.724792	0.167625	1.25186
12	9.7562	30.2888	0.225699	-1.32577	0.946438
12	20.3733	1.80374	1.75394	0.735312	1.00693
12	16.7263	30.0932	0.00984879	1.72984	0.867159
12	27.8651	2.50993	1.30731	1.47694	0.9394
12	27.5325	24.8095	2.00123	1.32464	1.00997
12	22.7249	37.2924	0.834232	0.670643	1.04254
12	27.6336	34.6544	-0.968058	-0.260186	0.924871
12	30.3311	2.35212	0.676397	2.2453	1.01489
12	20.2907	30.5376	-1.3443	-0.960054	0.834544
12	33.7486	36.5036	-0.528508	1.01605	0.920987
12	35.4933	39.0337	-0.536039	-1.63748	0.916462
12	18.7225	16.4624	0.193998	-1.03916	0.999718
12	23.3267	31.4148	0.994406	0.937021	0.962089
12	23.4684	34.7993	-1.03886	-1.25095	1.07259
12	30.0029	38.8291	-0.451267	-0.389116	0.862297
12	28.6191	24.5758	-1.21022	-0.913818	1.04291
12	27.9293	39.786	-0.756927	0.468023	1.04689
12	31.1203	37.5255	-0.785682	0.820823	0.829545
12	0.11419	27.9697	0.74919	1.04416	0.964022
12	35.1429	33.9691	-0.173259	-1.20832	1.0539
12	4.84596	31.3415	0.0564214	0.755571	1.10701
12	3.24385	2.32969	-0.531784	0.280734	0.906435
12	39.8205	37.7057	-0.573035	0.0799373	0.963527
12	6.17656	26.5977	-0.268156	2.41873	1.04972
12	10.705	36.4965	-0.866368	-0.283467	0.976859
12	0.202811	26.6614	-0.668939	1.1609	0.865485
12	7.92225	0.781653	-0.645869	-0.524493	1.01793
12	11.7514	37.0295	-1.40689	0.482353	1.09418
12	20.4708	39.6687	-0.826442	-1.4945	1.01573
12	21.2386	3.5333	-0.0377108	-1.50239	0.94182
12	11.0406	30.3725	-1.11453	0.998072	0.928245
12	12.603	2.26707	-0.619873	0.552765	0.947174
12	20.8627	36.3405	-0.732262	-1.46715	0.970742
12	20.0403	38.3566	-0.0165169	-0.793493	0.958173
12	14.3732	33.9528	0.0142636	-0.0648123	1.05787
12	15.1552	37.6112	-0.573606	-0.709702	0.999357
12	22.5359	34.1416	-0.134822	-0.665073	0.874998
12	22.993	5.37229	2.05616	-0.794945	0.90787
12	27.1195	36.5133	-1.14514	-2.79218	0.810987
12	29.0461	31.8857	-0.875623	-0.873721	1.31115
12	21.5382	29.6818	-0.976424	-2.00759	1.07389
12	28.4528	38.5626	-1.69115	0.330827	0.984738
12	26.3563	37.159	0.472101	0.975265	0.841995
12	29.4722	35.201	-0.880653	-0.0476672	1.07683
12	25.8778	22.2885	1.94305	0.157993	0.754633
12	27.2402	28.3962	1.94152	1.03368	0.939505
12	27.3152	1.0706	0.181422	-0.115493	1.00663
12	29.4462	37.6354	0.0902253	-0.531304	1.06184
12	31.3409	1.69184	0.150786	0.237283	1.04467
12	38.2067	1.62339	-1.68961	-1.55369	1.05081
12	35.3541	4.20552	0.630242	0.445008	1.03991
12	0.900304	38.6879	-2.21024	1.50258	1.12965
12	0.286879	1.6043	-0.819862	0.168524	0.961272
12	4.61083	36.4428	0.431681	-1.81988	1.07878
12	33.4466	35.369	0.436056	0.934663	0.992426
12	38.5884	31.2079	-0.326062	1.73287	1.01433
12	37.1842	32.7605	0.143533	0.165086	1.00942
12	1.87778	5.54403	0.452255	1.39273	1.01909
12	2.55048	34.4726	-0.166553	0.264648	1.03301
12	6.96686	38.9327	0.356372	-1.01012	0.95529
12	1.59396	35.3632	0.598278	-0.120355	0.869293
12	7.88738	39.7536	0.797058	1.22675	0.989064
12	6.09367	34.5341	-2.54554	-0.70447	1.11128
12	12.1845	34.8241	-0.328397	0.155768	0.986113
12	21.2676	38.8101	0.109514	0.343651	1.05817
12	11.0705	6.69922	-1.20473	1.6205	0.94755
12	29.4866	4.04018	1.6847	0.337731	1.06177
12	26.9271	2.09185	-1.03776	0.506689	1.06565
12	27.8585	32.7986	0.406282	2.19677	0.871509
12	30.7251	0.569842	-0.149957	1.55931	1.10119
12	24.6898	37.9376	-1.08172	-1.61988	0.952636
12	38.5094	27.8703	0.567586	0.149315	1.06296
12	28.0452	33.655	0.337296	0.0210936	0.95659
12	30.1025	36.2234	0.247822	-0.275877	0.999888
12	0.301875	6.47636	0.334275	-0.72807	1.13493
12	33.8783	38.7486	0.971378	0.374162	0.909899
12	24.9523	36.7733	-0.142631	-1.95642	0.876859
12	39.2609	35.7281	0.124973	-0.322723	0.965244
12	37.8997	26.962	-0.230784	-1.08794	0.91018
12	29.1824	39.4041	-1.0478	-0.687277	0.942904
12	31.3376	39.791	-0.554477	0.256797	0.94048
12	38.193	35.0705	-0.798787	0.414981	1.03991
12	38.1676	33.7751	-0.603807	-1.1202	1.00405
12	4.53127	4.98089	-0.481627	-0.963616	0.930221
12	0.408352	35.7454	0.537458	-0.309255	1.11385
12	39.0288	3.15947	0.246529	-0.069855	0.947616
12	5.30093	1.7492	-1.4617	-1.18263	1.04578
12	9.98418	4.39458	0.788118	0.914109	0.954146
12	6.80487	32.3209	-0.184747	1.59341	1.04381
12	5.56145	35.6149	0.863835	-0.72277	0.844592
12	10.7482	0.345361	0.9856	-0.496462	1.05415
12	5.15448	34.6102	-0.255722	0.657544	0.792411
12	4.91067	30.2468	1.59046	-1.43304	1.0835
12	9.58865	0.0587249	-1.0686	-1.21834	1.03714
12	39.7199	25.5779	-0.594432	0.708671	1.1377
12	14.8213	29.3407	1.30734	0.402093	1.02658
12	10.6686	28.4219	-0.868366	-0.0778152	1.01609
12	9.42934	2.45618	1.60842	1.31949	1.01858
12	32.9996	3.50527	0.744546	0.31038	1.09509
12	8.10433	25.972	-0.281125	-0.546229	0.782251
12	15.2904	28.3715	-0.259758	0.993848	0.944361
12	13.4307	39.1328	-0.858338	0.142662	1.19502
12	28.2036	3.47708	1.76186	0.933775	1.00351
12	25.2051	30.5242	0.79426	-0.501885	0.998294
12	32.7552	9.47842	-0.412334	0.616044	0.844767
12	19.2289	32.532	0.435597	-0.488133	1.06466
12	33.9754	33.8975	0.804914	0.192285	0.971931
12	19.8267	0.714134	0.508203	1.7493	0.9658
12	18.8327	36.2976	-0.260957	-0.254511	0.968445
12	36.3576	34.4464	-0.753624	-1.32014	1.25072
12	33.3745	37.7002	1.28739	-0.217867	0.876619
12	33.0174	2.34461	0.570146	0.2774	0.933907
12	25.8757	39.9891	-0.592404	-1.29337	1.19391
12	1.0768	2.2027	-0.401055	1.16343	0.978201
12	34.6499	32.9608	1.04781	-0.0100959	1.01452
12	0.716785	20.2063	-1.42474	0.943253	1.03803
12	27.4853	38.8164	0.751128	-0.570199	0.84063
12	37.7201	29.1357	0.0193844	-1.73021	1.00818
12	36.7012	29.1076	-2.02474	0.516122	0.996256
12	1.54996	37.8259	-0.1181	-0.386461	1.09528
