9	35.3628	30.7049	-0.665336	-1.70836	1.05287
9	33.9276	28.9375	0.790021	-0.300757	0.947479
9	37.6356	38.8024	0.397784	-0.362019	0.939138
9	34.2241	2.68265	-1.01274	0.324618	1.25706
9	7.90979	38.8564	0.968545	-0.775542	1.07633
9	38.7936	38.6129	-0.908848	-3.13034	0.97114
9	7.11592	1.50616	0.876285	0.564756	1.05532
9	14.9441	10.0539	0.750835	-0.286697	1.07242
9	13.2642	2.132	0.21779	0.337638	1.026
9	8.64794	0.635881	-0.74712	1.05531	0.976391
9	15.2245	36.6668	-0.784021	-0.932166	1.01192
9	6.16317	4.19179	-1.2947	0.368427	1.18542
9	21.9079	34.9921	0.0875796	0.734784	0.975637
9	25.3366	33.6578	0.140015	-0.117763	0.92656
9	15.0862	29.2678	-1.74569	0.079041	0.976662
9	17.349	36.277	0.393704	-0.308652	0.975364
9	5.00671	30.0298	-1.18941	1.32305	0.997112
9	13.1603	32.1583	0.019484	-0.464299	1.02598
9	23.1017	6.38671	-0.543261	0.907646	1.24916
9	32.8863	5.87193	-0.0505489	-0.792202	1.11083
9	23.3881	36.7992	0.122634	0.113813	1.16011
9	29.8567	6.2182	0.341563	0.325535	1.15204
9	23.9439	32.5547	-1.57683	-0.461077	1.04785
9	33.1279	4.34154	0.685528	0.16244	0.902038
9	31.7152	0.275443	0.446738	0.463034	0.795111
9	27.5217	39.3991	0.381001	1.06076	0.931817
9	2.04467	39.9414	-0.582518	-1.39763	1.01436
9	38.2536	13.2557	0.757021	-0.230909	0.94092
9	33.471	39.319	-0.0253137	0.432865	1.06321
9	3.23765	10.8847	-1.05373	-0.411631	1.05918
9	7.74964	11.334	0.574789	0.629745	0.809015
9	9.27972	17.4289	-1.58991	-0.236644	1.01917
9	3.07843	4.73779	0.486099	0.666584	1.03724
9	3.2173	39.2308	-0.0570228	-0.0111913	1.06177
9	5.76738	39.0648	0.455687	0.139763	0.885971
9	37.1304	3.50167	0.293741	0.105439	1.01255
9	4.38717	9.34076	0.25963	-0.847995	0.843364
9	2.20441	36.7362	0.0579707	-0.286501	0.977559
9	3.6108	37.9227	-0.645277	1.60333	0.965938
9	15.9875	4.05971	0.372387	-1.18071	1.04249
9	9.0762	6.4226	0.0843137	-0.847204	1.05394
9	10.5702	35.3329	-0.000225195	-1.31803	1.04389
9	39.7613	32.4055	-1.20504	-1.82693	0.849696
9	12.1528	3.48678	-0.831215	-0.168168	1.15581
9	15.7602	39.0995	1.31171	0.324582	0.909238
9	10.8329	4.17418	-0.986497	1.25966	0.895328
9	10.5339	37.9353	0.115099	0.515431	0.92336
9	20.0171	4.37364	1.37319	0.676187	0.976647
9	30.0156	7.49455	0.222655	1.02077	0.960469
9	29.5281	5.1368	-0.731383	1.08096	1.01579
9	17.3032	39.3768	0.116719	1.57298	0.904588
9	12.5556	35.3512	0.755201	-0.919652	0.905845
9	22.5546	9.56657	0.72081	-0.738456	1.16905
9	29.4837	3.79611	0.707106	-0.258057	1.07773
9	31.587	36.171	-0.0396236	0.511294	1.05068
9	25.9057	11.5451	0.333762	0.891902	1.07555
9	30.7455	37.9276	-0.607282	-0.234758	0.854925
9	25.6315	38.8693	1.06351	0.250955	0.992584
9	32.6988	0.688151	-0.36182	1.0449	0.978369
9	35.5926	6.62881	-1.15439	1.33685	1.16716
9	0.802465	1.03792	1.68101	1.38262	1.06387
9	34.5047	0.305932	-1.03862	-0.0280625	0.994022
9	36.042	8.87645	-0.280843	-0.159158	0.952121
9	5.86434	7.25578	0.538866	-2.0462	1.02988
9	9.82681	1.69881	0.848206	0.717357	0.834598
9	35.8697	36.6091	0.0208414	-0.903101	1.14275
9	39.6882	0.817702	-1.77509	-0.284641	1.06822
9	36.603	1.11384	1.13156	-3.00633	1.14714
9	13.7285	8.06301	-0.630353	0.473094	0.808892
9	35.8231	38.6606	-1.07789	-0.498908	1.09979
9	36.7897	7.06529	1.17699	0.185276	0.957236
9	8.44022	7.59713	0.690312	0.176084	0.945794
9	9.62973	34.4167	-1.02311	0.595874	1.13334
9	9.52664	9.68986	1.30821	0.696067	0.96705
9	3.10175	1.59107	0.3759	-0.713425	1.02799
9	5.84363	13.3694	1.05706	0.163174	1.00098
9	8.34883	4.49041	-0.329467	1.62106	0.924032
9	18.4875	36.9879	0.357876	1.06517	1.12374
9	17.1496	3.24921	1.81991	0.80831	1.04784
9	18.1648	8.42327	-0.164369	0.489964	0.899323
9	7.48667	4.09302	1.28194	0.894676	0.926327
9	32.2413	5.01961	2.01444	-1.59269	0.998632
9	25.1382	3.04764	0.639065	0.274905	1.00461
9	24.9576	4.68626	-0.963585	0.320457	1.19149
9	29.4992	0.0257575	-0.531951	-0.590449	0.889748
9	24.9741	1.66731	0.679473	2.20434	1.10798
9	29.7696	8.70838	1.3486	-1.23516	0.926953
9	36.8507	12.5839	0.591126	0.402676	0.987513
9	19.4864	5.80862	0.780963	-0.62801	1.03163
9	32.5203	37.23	0.961298	-0.458467	1.12402
9	33.2894	7.20156	0.599285	1.09471	0.951236
9	36.6857	6.0129	0.58388	1.70662	0.953273
9	27.7878	36.0459	-1.50194	-1.62461	0.989545
9	3.7463	8.3077	-1.73632	0.566534	1.13406
9	3.90249	0.899145	-0.677948	1.72175	1.00139
9	38.4131	9.547	-1.02425	-0.570141	0.877926
9	3.86537	2.68306	0.518945	-0.281304	0.937331
9	35.1597	35.291	1.97712	0.274	1.15401
9	17.6392	4.47961	1.15589	1.7075	1.05234
9	8.57449	8.85577	-0.176914	1.89643	0.83217
9	0.639799	3.56761	-0.115054	-0.197467	1.11106
9	4.39487	6.92668	-1.24267	-0.480456	1.07911
9	3.34156	5.86006	0.355748	-0.162069	0.980132
9	0.795588	39.8073	0.413769	1.04254	1.17847
9	5.44239	38.1667	-0.334371	0.0761447	0.968647
9	3.71023	12.7253	-0.104922	0.917651	0.910589
9	39.2026	39.6872	-1.726	-1.08531	1.2101
9	10.0539	5.94467	0.776914	1.34429	1.02193
9	11.0009	6.86339	0.51095	-0.997627	0.908248
9	13.6486	5.71822	0.322559	0.00503883	0.982876
9	12.9355	4.20253	1.67527	-0.0524711	0.797761
9	14.3672	37.4199	0.745547	0.117035	1.06506
9	16.287	33.6929	2.16911	1.72365	0.772408
9	21.1858	8.40871	-1.71871	1.44761	0.948526
9	22.2937	38.6753	-0.931959	0.843529	0.954032
9	14.2249	1.26222	-0.774565	-0.866523	1.0871
9	30.7776	6.74128	0.256008	-0.0133058	0.828045
9	22.1936	8.24932	-1.77027	0.561442	0.966907
9	23.845	9.56954	0.243601	1.61825	1.04529
9	21.4927	4.74737	-0.774029	0.677942	1.161
9	31.8585	2.60291	1.71179	0.596984	1.06128
9	25.8195	12.6733	-0.813048	-0.83294	0.928709
9	33.3058	10.5058	2.4579	1.05217	0.966148
9	28.9022	7.63418	1.04988	-1.22904	1.11228
9	36.9983	2.19183	0.95552	-0.997957	1.09961
9	27.6813	7.21899	0.357413	-0.469591	1.00023
9	35.9123	5.46611	0.307165	-0.76016	0.939589
9	35.3243	1.67878	-0.704671	-1.39953	1.00976
9	0.459618	5.06435	-0.334177	0.454472	0.861294
9	38.1005	10.4634	0.977058	0.357053	1.0142
9	35.2393	11.2724	1.80861	-1.1022	1.03877
9	10.4361	8.16819	0.0232604	1.11986	1.10492
9	10.8169	32.8434	0.956689	-0.636706	0.890209
9	38.4126	3.94801	1.62728	0.385679	1.05727
9	1.0115	13.0195	-1.2726	0.110375	1.03069
9	12.6466	6.48823	-1.14217	-0.484856	0.950758
9	9.74481	7.3236	1.28134	-0.236545	1.03849
9	6.5647	8.97085	0.430907	0.508587	0.983774
9	5.80115	1.089	1.35362	-1.575	0.904413
9	8.57065	30.1065	0.279276	1.047	0.875078
9	11.9093	7.3813	2.33921	0.886424	1.04267
9	30.2384	34.2036	0.0438132	-0.789196	0.934138
9	11.344	0.863415	-2.38875	-1.68386	1.05154
9	5.07698	31.4779	-1.00862	-0.993487	1.08291
9	13.3405	38.8594	-0.668177	0.223736	1.14691
9	31.6094	3.84132	0.508367	0.639089	1.05957
9	4.96138	0.491519	0.771328	-1.50735	0.937754
9	23.4021	7.64128	1.47905	0.0679438	0.956706
9	23.3439	0.180662	-0.058663	0.119654	1.03943
9	30.9661	5.16284	-0.84235	-0.274898	1.03425
9	17.841	38.425	0.068769	-0.0661338	0.968696
9	28.2689	36.9525	-1.65145	-0.599586	0.976431
9	29.4919	1.0879	-0.476254	1.23232	0.969879
9	24.6629	38.8676	-0.620015	1.06617	1.0033
9	23.6006	4.52852	-0.822173	0.71597	0.988273
9	25.2168	8.47425	0.442593	-1.86462	0.90043
9	28.6254	37.9688	0.125474	-0.300639	1.08115
9	32.1394	7.40022	-0.308325	0.68165	1.10996
9	34.9421	9.12809	0.0516551	-1.39453	0.921734
9	26.4776	38.1095	1.04377	-0.447782	1.00798
9	24.6676	28.0395	0.802654	0.879392	0.862318
9	18.7298	5.02299	1.46136	-0.247673	0.970769
9	33.9962	6.44826	0.367774	0.422036	0.891255
9	6.29966	37.1969	-0.287328	-1.26057	1.10178
9	37.1828	8.99411	1.39825	0.749338	0.849497
9	39.3773	9.65799	0.185093	1.34547	0.964389
9	0.190852	8.66543	2.37381	1.20412	1.10296
9	8.42196	10.2392	-0.46318	-0.697509	1.24608
9	6.44564	5.27863	-0.503726	0.462043	0.894324
9	7.50775	5.22355	-1.10584	0.788372	1.04002
9	1.26615	7.45581	1.33151	-0.412804	1.05541
9	2.40473	2.67593	1.37008	0.331523	1.00049
9	16.5167	1.97475	-0.242488	-0.219717	1.04691
9	15.2466	4.9347	-1.6988	-0.302947	1.02162
9	20.5854	5.31153	-0.331164	-1.59835	0.944313
9	5.1447	6.26198	-1.16724	-0.0830142	0.894753
9	13.4695	17.554	0.399897	1.67617	1.00366
9	19.2269	14.5345	0.905785	-1.03416	0.999687
9	17.085	7.74773	1.89653	0.440604	1.02454
9	4.7464	37.2001	0.0300842	-0.521589	0.92108
9	19.5169	7.03268	0.555086	0.658369	0.986509
9	15.8647	0.879729	-0.0552202	-0.760546	0.912131
9	26.7485	9.25605	-0.837729	1.22715	0.968554
9	27.6546	8.63004	1.13999	0.806833	1.0591
9	23.0353	1.23378	-1.84017	-0.326961	1.07249
9	29.8934	22.8726	-1.26608	-0.697263	0.926529
9	39.0109	12.6834	-0.874945	0.641277	0.868034
9	33.6752	8.44698	1.37659	-0.293124	0.960466
9	23.532	12.9478	0.548269	1.70553	1.13284
9	34.452	7.45459	-0.0247816	-0.260953	1.16335
9	24.724	12.5899	1.12349	0.36064	0.833039
9	35.7598	12.3944	-0.351233	0.138476	0.759895
9	35.1099	37.489	1.15106	-0.513311	1.16971
9	29.3954	34.8585	-1.42249	-0.498416	1.12323
9	30.6552	13.0396	2.25002	-2.09126	1.02474
9	0.916824	6.03987	0.375712	-2.27438	1.02669
9	35.7232	10.2467	0.405285	0.954528	1.14343
9	37.5552	4.87972	-0.610728	0.548671	1.08101
9	0.0298834	12.9277	0.803488	-0.60066	0.800965
9	0.813949	11.3576	-0.607592	0.379863	1.10481
9	31.6661	16.3949	-1.19842	-0.431851	1.05833
9	11.1876	10.4121	-3.66951	0.590452	0.922586
9	17.1799	6.38853	0.437108	-0.00927056	1.08892
9	10.0999	12.461	-0.347308	-0.285502	1.0121
9	5.36496	5.1583	1.15308	-0.832829	0.92865
9	11.6138	36.2248	1.21912	0.795414	0.94102
9	2.53654	16.7693	-0.570887	1.71412	1.15832
9	10.2204	0.778565	0.00621606	-0.62018	1.08352
9	5.06051	3.42866	-1.02706	0.780983	0.819986
9	10.7908	1.84307	0.378265	1.46903	1.10243
9	22.5937	5.06075	0.877635	-0.172323	0.916297
9	22.4986	3.80868	0.514954	-1.20376	0.998895
9	14.9279	3.44922	1.80059	-0.186371	1.06713
9	23.8735	3.27305	0.742629	-1.08177	1.14424
9	14.7451	7.55877	-0.773177	0.120502	1.15085
9	23.2929	10.7347	0.3452	0.10346	1.09502
9	28.7467	13.8156	-1.95238	0.804716	0.959073
9	20.0719	7.93688	-1.32058	-0.27142	1.03552
9	26.1801	4.92467	0.675557	-0.326031	1.1048
9	23.0361	2.55232	0.40619	0.800095	1.02167
9	15.7316	10.8715	0.0921913	0.95372	1.02129
9	25.2654	5.97217	1.47172	1.28716	1.0764
9	31.7446	6.32677	0.392679	0.071987	1.06753
9	39.7614	16.9505	-0.634146	1.49862	0.819467
9	34.5546	15.0186	0.377306	0.401989	0.909768
9	4.1669	4.59427	0.468338	-0.245257	0.946268
9	34.0612	3.93623	1.98228	0.770686	1.04509
9	35.8179	15.6338	0.0631641	-0.404542	1.06482
9	25.2433	13.5281	1.25011	-0.735635	0.954411
9	38.9726	11.0573	-0.278298	1.22489	0.909098
9	39.0549	8.54506	-0.801288	-0.824132	1.10945
9	36.9755	10.6286	-1.21328	-0.257452	1.04822
9	33.7644	12.0085	0.0405652	-0.663836	0.787519
9	2.25076	5.59303	1.15326	0.51225	1.18516
9	4.11494	11.4797	0.728035	-0.606979	0.835288
9	12.0438	4.56585	-1.36105	0.964088	0.925506
9	2.15392	8.02328	1.59867	0.716237	1.01144
9	16.2405	13.8221	1.78895	-1.59361	0.673106
9	11.0128	5.08476	-0.259781	0.996379	0.954705
9	23.844	1.86894	0.0526146	-1.35583	0.911092
9	12.8527	8.36856	-0.0375469	2.02087	0.912556
9	18.3825	7.14204	0.282824	-1.70244	1.11182
9	7.41211	2.81069	-0.764758	0.02228	1.03823
9	8.89361	37.5358	-1.09566	1.48454	1.06344
9	18.2627	3.56995	-0.274199	0.0849655	1.02967
9	21.0465	1.8443	-1.06103	-0.112592	0.98664
9	15.729	37.5948	-0.486346	0.966903	1.01285
9	23.3772	38.1618	0.447049	-0.10176	1.14892
9	20.7827	6.40243	1.20684	-0.732421	1.04911
9	17.7895	18.593	-1.46581	1.55577	1.0118
9	32.3149	11.4005	-0.297857	-1.32245	0.868632
9	19.7386	13.0507	1.46777	0.324395	1.11363
9	33.2049	9.40915	-0.897712	-1.03161	1.00124
9	34.9181	5.75607	-0.317358	1.64847	0.903026
9	31.1708	10.1917	1.20887	-0.550027	0.92553
9	37.4177	13.7384	0.215124	0.916396	0.903086
9	37.8271	6.72605	2.16767	-0.129549	1.00988
9	2.47054	37.8452	-0.308817	-1.94438	1.08114
9	35.4715	13.2723	0.165329	2.21963	0.922249
9	32.6527	12.6178	-0.383362	-0.22557	1.03284
9	36.7001	8.12225	-0.0540834	-1.67074	0.762293
9	34.7904	16.1734	0.623956	-0.47958	0.985325
9	35.5203	3.15779	-0.762224	1.30726	1.14603
9	7.47249	37.8394	-0.486726	-1.75461	0.998413
9	5.2529	24.8606	0.860719	-0.465633	0.760413
9	32.8075	19.8393	0.603957	0.026932	1.01886
9	7.90646	6.58746	-0.0698746	1.96923	1.03306
9	6.87894	15.2239	-1.08239	-0.534449	1.19345
9	11.3856	15.5484	-1.51077	-1.06143	0.845594
9	12.3273	10.4528	1.85927	0.520844	1.15656
9	13.5129	3.48304	0.842011	-0.0256927	1.02494
9	12.4336	9.28503	1.08462	-0.264676	0.919059
9	9.50272	11.2894	0.756957	0.731631	0.997357
9	5.44525	9.65622	0.460033	0.97279	1.11297
9	13.5552	13.3712	1.16432	-1.32709	0.997899
9	13.6427	6.87234	-0.237514	0.484981	1.16777
9	16.711	5.12737	1.15425	2.24501	1.12769
9	14.7052	8.88724	-0.306308	-0.596351	0.946353
9	14.6038	5.98544	0.754086	0.107294	0.795489
9	14.8574	0.210286	1.37634	-1.40318	1.07558
9	21.5982	2.74099	0.159617	1.11844	1.01272
9	24.3322	6.6236	-0.0542766	-0.990974	1.04431
9	23.9967	11.5835	-1.01809	0.000118557	0.956197
9	18.9418	7.95971	-0.833386	1.15306	0.887342
9	31.1105	7.93965	1.40882	0.159506	1.03889
9	31.4366	11.0839	-0.701819	0.317988	0.941107
9	20.5835	16.4089	1.31325	-0.0928467	1.01289
9	35.3895	7.98652	-0.803337	0.539374	1.05199
9	33.4959	15.4463	-0.319269	1.64897	1.01602
9	26.7521	8.01264	0.350235	-0.559721	0.948893
9	19.1269	15.9443	2.30091	0.0643763	1.02732
9	31.3605	12.1656	0.520693	-1.76556	1.10272
9	34.7866	17.4992	-1.03693	0.595588	1.07192
9	34.7774	12.277	0.660859	0.566428	1.04503
9	1.88536	17.7587	-1.2643	1.59057	1.08444
9	0.133094	7.04507	-0.819753	1.18055	1.14986
9	39.3162	13.6057	-0.820865	-0.162797	1.04132
9	3.31035	19.8956	0.835301	0.702746	0.88976
9	4.15217	39.6399	-0.703724	-0.225713	0.871631
9	5.16137	17.3878	-0.660206	-0.411579	0.886968
9	37.2365	15.9782	-1.69976	-0.171745	1.14447
9	37.5437	19.8136	-0.611753	0.251487	0.881165
9	8.92936	14.3117	-0.727533	-1.07445	1.05497
9	10.6083	11.4633	0.757209	-0.903066	1.05417
9	37.9876	11.7001	0.78924	0.961094	1.23637
9	13.7336	10.2957	0.108197	1.04275	1.05645
9	15.243	1.82316	-0.598146	-1.1332	1.00559
9	17.8743	12.7379	1.30757	-0.328692	1.00416
9	19.308	8.82239	-0.794976	-0.110256	1.03635
9	13.9907	4.78526	-1.00986	-0.852694	0.900822
9	18.2259	11.8758	-1.15453	-1.22919	0.851813
9	18.078	9.37757	0.440217	0.963167	0.941289
9	28.3377	4.86335	0.450102	-0.263993	0.988242
9	21.9318	16.5638	-0.0245997	0.485555	0.929338
9	21.4699	9.31776	1.4123	-2.59627	0.825775
9	24.0629	5.53997	0.236868	-1.15586	1.06464
9	15.5265	18.8259	-0.0969674	0.706374	0.849349
9	17.0955	11.3237	-1.28937	1.10926	1.02638
9	24.9514	11.7345	-1.8682	-1.54153	0.931546
9	27.1558	10.2387	0.288692	-0.260579	0.966834
9	36.4154	11.58	-0.385178	-0.353612	0.967442
9	12.3373	20.5207	0.269372	1.55756	1.02745
9	37.7637	7.85891	0.763968	1.24505	1.09178
9	28.6805	16.559	1.6503	-0.462713	0.931271
9	25.023	9.49527	-0.615033	1.27334	1.01681
9	39.8407	19.0249	0.359684	0.205111	1.02293
9	32.7513	20.978	-1.7074	0.60816	1.06715
9	32.3729	15.1179	-1.2621	-0.433947	1.14209
9	29.8756	14.0366	-0.80196	-0.93623	1.09635
9	30.0776	12.0509	-0.114014	-0.293251	0.962484
9	2.51068	11.8471	0.185426	-0.0783318	1.04991
9	9.38161	8.41974	-0.40707	1.55744	0.962727
9	0.160702	16.2122	1.24287	0.840244	0.92501
9	2.93233	14.6565	0.884205	-0.683864	0.918988
9	3.048	9.42011	0.371695	-0.255035	1.03274
9	14.3166	15.9248	0.200765	0.643742	1.00286
9	1.29215	23.0774	-1.25376	-1.60053	0.740997
9	13.6286	9.03245	1.70322	-0.855045	1.08731
9	15.6732	6.16469	1.00859	-0.864244	0.975299
9	8.33665	16.7362	-0.409206	1.68791	0.958491
9	24.0994	8.48071	-0.673733	0.373764	0.973967
9	19.4304	3.31699	1.40882	0.98277	1.03814
9	16.9835	0.829494	-0.182878	-0.0710749	1.06302
9	11.3298	9.07182	0.0829304	0.229881	0.97514
9	20.8159	11.3525	1.71115	0.702941	0.868623
9	21.5784	10.203	0.727395	0.355449	0.801815
9	28.1789	12.4243	-1.59066	0.192519	1.12179
9	32.0999	9.22636	-0.125169	-0.152967	1.01218
9	21.2306	15.4507	1.82832	-1.11205	0.91505
9	27.1603	11.4666	-0.147448	-0.0998632	1.16069
9	28.7291	11.1501	0.0490117	0.881411	1.06095
9	21.9197	23.1731	0.603382	-0.752726	1.00343
9	33.7635	14.5421	-0.00496943	0.738806	0.857313
9	27.7501	13.5109	-0.143659	-0.562187	0.944168
9	34.5558	27.3601	-0.720211	0.341331	0.847043
9	38.9013	6.73789	0.653635	0.974786	1.05344
9	20.0939	19.3373	-0.9107	1.44304	1.03559
9	26.9077	12.7556	-1.10712	0.561809	1.01471
9	19.7014	20.5464	0.504536	0.0928659	1.09554
9	34.4749	10.4678	1.60934	1.51417	0.984209
9	30.8609	15.1677	-1.21642	-0.544367	1.13311
9	32.7162	16.2156	-0.952687	1.30323	1.04724
9	39.9364	10.5611	0.938416	0.188123	0.89063
9	33.6407	13.1902	0.411244	-0.228703	1.02345
9	39.7136	11.9298	0.0815647	-0.74608	0.944736
9	7.13747	11.9862	0.264847	-0.877341	0.868835
9	1.08758	24.7926	0.0259896	-0.487863	1.02386
9	5.09101	10.8552	-1.40936	-1.61147	0.937678
9	7.69995	13.7152	1.15638	-1.84658	1.05503
9	15.8097	8.75007	-1.94411	1.31622	1.10561
9	2.61079	6.88613	0.379944	-0.507038	1.09762
9	20.3675	15.0741	0.552599	-0.0734341	1.06175
9	13.1586	11.3395	-1.43634	-0.209726	1.19522
9	17.6132	2.35896	-0.0797838	0.846511	1.03169
9	15.7745	11.9626	-0.417377	2.83592	1.04318
9	20.5061	2.87523	0.873382	-0.885254	0.918605
9	25.8033	7.10844	0.732891	2.03411	1.08889
9	22.9311	18.4533	1.42881	-0.80109	1.07294
9	19.3377	11.4155	-0.234172	1.1382	1.13561
9	14.6762	20.1247	-0.492363	1.39059	1.09488
9	15.9905	7.31616	0.00874106	-0.239809	1.01055
9	20.2318	10.4249	-0.557004	0.824611	0.915896
9	20.5587	12.2588	-0.898758	2.31172	0.929554
9	24.4818	14.9799	-0.787767	-0.496073	0.955324
9	19.2167	10.1112	0.183935	0.104059	1.00405
9	18.6734	13.5184	-1.1925	2.4123	1.01627
9	28.5212	6.06531	0.487753	1.27568	1.04402
9	30.549	1.31413	-1.90394	0.708593	0.978351
9	22.8296	11.9079	-0.31617	-0.139245	1.1435
9	35.9789	19.7141	0.180606	1.1995	0.902288
9	34.512	13.9013	1.08589	0.109368	0.94688
9	32.232	30.0637	-1.46264	0.3689	0.956562
9	38.398	14.2851	0.836746	0.607811	1.01331
9	1.21798	8.54229	1.21013	-1.4664	0.838978
9	1.60851	14.0554	-0.738358	-1.40837	0.986992
9	12.5462	12.9855	0.0439295	0.641947	1.08988
9	0.327583	23.8613	0.0488114	1.38259	1.0452
9	39.3226	3.09046	1.15507	0.48472	1.03366
9	4.42998	13.5293	-0.202428	-0.584414	0.978294
9	39.7907	5.7768	-1.84405	-0.852809	0.855219
9	10.442	23.2228	0.601111	-1.03491	0.977043
9	10.9186	14.5482	0.132671	1.08489	0.90702
9	4.79621	15.8578	1.07883	-0.515106	0.940533
9	14.9608	17.6617	0.499212	-1.24934	0.926766
9	38.2092	21.9287	0.154428	-0.977899	1.03652
9	11.7853	11.9158	-0.0353761	0.492401	0.894836
9	12.2943	21.8505	-0.689274	1.31219	1.05904
9	19.15	18.8036	0.778678	-0.682146	0.935742
9	14.5647	13.9899	0.236834	-1.44006	1.13504
9	10.1112	18.4924	0.0672365	0.840547	1.1254
9	18.3815	5.9372	0.839264	0.119658	0.99045
9	14.4995	11.3593	-0.732008	0.0852977	1.08772
9	13.6899	12.399	-0.352136	0.321812	1.02303
9	21.5	17.7118	-0.0196141	-0.0234089	1.0591
9	19.4289	22.3462	0.54559	-0.272358	1.03903
9	21.3637	24.5239	1.98068	-0.700085	0.900031
9	26.5625	15.6371	-1.17749	-0.501235	0.813238
9	28.2493	9.91342	0.768251	-0.439263	1.16658
9	32.2351	10.2974	-0.439413	-0.854828	1.00623
9	29.2364	19.3657	-0.318346	0.114938	1.06807
9	30.0315	17.3134	1.24391	0.127323	1.11145
9	27.0092	5.96716	0.420467	-0.958936	1.24022
9	28.1645	21.1263	0.157721	-1.11038	0.938252
9	35.0009	23.2091	-0.65435	-1.19962	0.85336
9	35.9362	21.0044	-2.50861	-0.322285	0.969076
9	30.3604	10.8783	0.771595	0.0286919	0.990007
9	31.4919	14.0421	0.216673	0.443039	0.941548
9	39.1554	23.2674	0.660891	1.2607	1.05686
9	35.657	16.9158	0.857242	0.571956	0.982775
9	6.70504	12.8459	0.0688068	1.30084	0.933066
9	3.15001	13.5694	-0.198568	0.21284	0.929152
9	10.1421	22.2006	-2.11155	0.454033	1.01498
9	18.2519	14.813	-0.21016	-0.539157	0.955528
9	2.02753	10.6258	0.820607	0.124265	0.960927
9	4.33144	20.5908	-0.83039	1.54995	0.934051
9	8.33915	24.4219	1.10591	0.501869	1.20842
9	1.37688	9.70911	0.804886	-1.47659	1.1588
9	16.2386	25.513	0.82975	0.784346	1.08392
9	12.3496	14.5582	0.981086	0.6686	1.18565
9	13.6846	19.7338	-0.246994	0.695863	0.940922
9	7.04833	9.9369	0.137812	-1.03503	1.11355
9	15.6892	13.1029	-0.23538	0.0889792	0.965002
9	20.4144	13.8155	-0.0141541	0.722574	0.8697
9	16.0957	15.6132	-2.23712	-0.228041	1.04
9	8.29297	15.5916	-0.442717	1.51786	1.00709
9	17.0203	15.0699	0.548824	-1.13306	0.998425
9	15.5582	14.3899	-0.96693	0.824053	0.841373
9	25.5671	14.7872	0.266246	-2.30932	1.20383
9	12.223	19.2784	0.830725	0.0591078	1.14444
9	25.6172	17.4683	-0.221276	0.137519	1.08821
9	22.9528	14.0458	-0.409478	-0.878705	0.995824
9	29.255	15.8334	0.630785	0.797739	0.991229
9	30.321	29.5416	-0.894064	0.0279699	0.94135
9	27.0005	18.2261	-0.43391	-1.17633	0.847731
9	20.8406	20.1913	-1.69732	0.236086	1.0312
9	25.7314	18.5743	-1.61974	-0.485326	1.05868
9	24.1204	21.6079	0.390092	-1.27742	1.05182
9	36.8212	17.3078	0.178807	0.736623	1.02989
9	31.934	13.3321	0.204507	-1.47147	0.846784
9	28.5394	20.1415	-1.19279	0.794826	0.841041
9	31.3685	17.4755	0.942051	0.79802	0.971308
9	7.75429	18.702	0.273507	0.364149	1.06054
9	1.30649	16.6837	2.96209	0.777892	1.12303
9	6.43501	14.1693	-0.0984701	-0.849371	0.804941
9	4.54391	25.8578	1.11847	0.284239	1.13072
9	4.11046	10.3562	0.878189	-0.420886	0.918083
9	6.67705	25.8035	0.180173	-1.34832	1.08595
9	38.8282	19.5629	-0.0546945	1.04279	1.08921
9	7.56457	20.7493	0.359079	-0.475533	0.936757
9	17.3828	13.8742	0.276335	0.365888	1.04198
9	9.99041	16.6336	0.0608616	0.328319	0.93557
9	2.4055	22.7206	-1.28545	2.09954	0.915052
9	16.4817	23.9145	1.37262	-0.98337	1.06008
9	9.44702	19.6506	0.860822	2.05219	1.02637
9	18.7949	17.1198	-1.65189	-1.48995	1.03045
9	14.2238	16.8742	0.120638	0.825946	0.77209
9	18.9806	21.384	0.191196	-0.0781326	1.0087
9	16.4453	21.7945	0.775458	-0.143706	0.85614
9	17.0679	28.8538	1.52025	-0.95227	0.922624
9	12.5648	1.0098	0.28672	0.557472	1.19487
9	26.4479	13.8046	0.278743	1.21896	0.9413
9	25.08	16.2541	-1.7506	-0.662433	1.02689
9	13.0478	23.4016	0.352917	0.00291363	0.993518
9	20.3917	9.15959	-0.0245829	0.738366	0.978877
9	27.3624	14.5469	-0.769253	0.560668	1.11033
9	29.1081	20.9739	-1.42838	0.576081	0.892199
9	33.623	17.7151	-1.05057	-0.0949678	0.969363
9	35.5345	14.4558	-0.359893	-0.581996	0.895891
9	33.6861	16.6118	1.19308	-1.33325	1.01983
9	17.5478	16.9416	0.490339	-0.783714	0.951229
9	27.7019	19.1375	1.70229	0.182305	0.914439
9	31.8823	18.6853	-0.25477	0.573276	1.06388
9	35.1258	20.3475	0.364965	-1.00764	1.09131
9	28.3624	15.2324	-1.36676	-0.668374	1.15311
9	33.8225	20.2844	-0.715506	-1.31097	1.05816
9	5.53835	8.38567	-0.2012	0.370365	1.20479
9	6.21573	11.5761	-1.2339	-1.46791	1.01035
9	39.4013	15.0103	-0.103427	0.0654421	0.908373
9	2.62057	21.663	-1.47076	1.95613	1.04845
9	12.0384	26.7963	-0.328627	0.67021	0.996292
9	7.0577	19.6803	0.330369	0.458694	1.02373
9	14.791	12.5672	0.673314	0.018879	1.17466
9	8.8936	12.6057	-1.80756	-0.0514632	1.11695
9	7.54725	21.7951	-1.74198	0.563356	1.10914
9	23.583	16.9782	1.74937	-0.424653	0.863419
9	20.3759	21.481	0.154587	-0.818436	0.843172
9	4.3747	19.4705	-0.45524	0.364133	1.10267
9	7.6025	8.99476	-0.184809	-0.502668	0.931626
9	15.2092	23.0767	0.478566	1.15286	0.934155
9	24.3903	13.9653	1.37611	-1.45506	0.893692
9	22.9586	16.3449	-0.377888	-0.667407	0.973185
9	3.25481	17.7097	0.0458065	0.328588	0.999162
9	9.13522	30.8949	-0.882952	-0.469743	1.03764
9	11.4823	19.953	0.921531	-1.24485	0.711965
9	22.0055	11.136	0.805403	-0.29572	1.14118
9	28.8104	27.3662	-0.345482	-2.27745	1.05785
9	13.7379	14.9044	1.74212	-1.1849	0.831106
9	29.4503	13.005	-0.610984	-1.06016	0.888759
9	35.7824	18.1168	-0.166343	-0.0975822	1.00896
9	24.143	31.3968	-0.16342	-1.03273	0.93635
9	27.5966	16.231	-0.933368	-0.725038	0.968958
9	32.3554	25.885	-0.871782	1.16562	1.09966
9	33.7986	27.9545	0.510349	0.402326	0.890092
9	31.8398	21.3134	-0.344875	0.00956038	0.901392
9	36.7085	19.1249	0.490188	0.464076	1.00766
9	32.5023	22.0565	0.230345	1.75877	0.967808
9	33.1943	24.7746	0.344257	1.92644	0.977735
9	39.4395	21.5565	-0.989589	1.63344	0.994967
9	34.0915	25.3924	-0.283811	-0.494321	0.995407
9	2.30778	13.1157	-0.357018	-0.0929038	0.951372
9	36.5612	25.7227	-0.327047	-0.028187	1.15396
9	4.26517	14.741	-0.4556	0.107228	0.933548
9	0.54872	17.6356	-0.938192	1.41124	1.12214
9	15.3215	16.5346	-0.54539	0.731411	1.0442
9	8.54289	20.1265	-1.03992	-0.808235	1.02204
9	9.07869	25.3235	-0.354323	0.993643	1.10016
9	10.8322	26.4416	1.59245	-0.796183	0.92516
9	38.698	34.2488	-0.0575494	2.37547	1.01689
9	17.1298	8.90038	1.70312	-0.513599	0.98146
9	33.5591	18.9648	-1.10408	0.529433	1.14381
9	14.2022	18.7411	1.0919	-0.0699253	1.1643
9	11.2563	25.3538	1.11085	0.19586	1.16649
9	20.4719	18.3281	-0.273577	-0.520726	1.12889
9	17.7647	23.4086	-0.200089	0.378996	1.02822
9	14.708	15.0287	0.172155	-0.0893807	0.882712
9	19.4849	24.3512	0.0188198	-0.493558	1.12953
9	21.7782	14.2221	0.263917	-1.7243	0.881478
9	16.3577	18.5033	0.0778229	-0.0749169	0.929907
9	18.0853	15.9799	-1.57448	-0.0379032	0.938823
9	21.5512	7.18657	1.1806	1.02633	1.12928
9	23.4521	15.0195	1.98066	-0.112255	1.08029
9	35.9523	22.2886	-1.43137	1.34878	1.14049
9	25.5232	27.5447	-0.990017	0.80203	1.09221
9	38.6897	27.6065	0.720111	-0.611427	1.00816
9	29.031	18.3553	-0.682545	0.991472	0.884985
9	27.8727	17.5887	0.594898	-0.757318	1.04706
9	30.5708	18.2156	-1.97375	0.986765	0.856262
9	23.4146	20.7171	1.30728	3.81685	1.07152
9	35.4657	26.5614	0.360939	0.227473	1.08441
9	30.5679	20.7159	1.34726	-0.560995	0.909356
9	37.0971	14.7892	0.415156	1.35764	0.944952
9	37.4827	18.0757	0.155657	0.368021	1.0482
9	0.152252	22.4374	0.613597	-0.755486	0.983681
9	1.16842	21.9974	0.76945	0.270427	1.18314
9	5.91988	16.0926	-0.83393	0.889945	1.06702
9	4.1935	16.9811	0.393429	-1.64432	0.824006
9	11.9445	22.9741	-0.712618	0.377315	1.15925
9	10.1718	24.7733	1.10127	0.386018	0.983577
9	5.03232	23.6758	-0.043837	0.894956	1.06133
9	13.1995	22.3441	-1.50769	0.331729	0.917036
9	12.2118	18.0252	-0.704494	0.974004	1.135
9	9.79836	20.7969	-1.27516	1.82817	1.104
9	11.0082	21.0491	-0.324438	-1.22128	1.09227
9	19.3465	25.3491	0.533325	2.15658	0.882439
9	16.7796	20.2445	0.412764	0.052606	1.0202
9	21.4879	29.0152	0.0294126	0.370387	1.12081
9	17.4741	22.1233	1.64066	1.49159	1.12655
9	27.0495	21.4339	2.228	0.288153	0.941696
9	22.7968	34.4342	0.28751	-1.08311	1.06539
9	16.3232	17.4736	-1.9985	0.114598	0.873462
9	18.7697	23.1178	-0.213254	0.140098	0.929709
9	15.9382	34.6483	0.110511	-0.807768	0.93615
9	18.4405	24.5346	0.549049	0.624771	0.863807
9	15.778	20.9576	-0.345807	0.175695	1.125
9	23.9724	15.8602	0.130633	-1.17476	0.832753
9	28.8294	30.8227	0.622209	1.04432	0.82884
9	27.3158	20.2881	-0.234201	-0.33876	1.00967
9	26.6944	17.2688	-0.126875	-0.175657	0.912434
9	30.7132	16.1913	0.844361	0.763113	0.897019
9	36.3684	27.4324	0.123761	0.315194	1.12667
9	36.8749	21.3333	0.919504	-1.45677	1.08324
9	0.385293	13.9483	0.842523	0.393018	1.03485
9	6.86825	17.0608	0.693739	1.16618	1.24276
9	38.4518	17.2553	-0.380624	0.437777	1.12299
9	1.94902	15.6357	-1.52972	1.22047	0.994894
9	39.0627	16.05	-0.441214	-1.30436	0.933465
9	5.23609	21.2248	0.199287	1.56996	0.951556
9	36.6316	20.2942	-1.13384	0.453029	0.841157
9	8.44686	22.5293	-0.753979	0.359316	0.995835
9	11.2067	24.0157	-0.953562	-0.301062	1.11281
9	8.61329	21.4527	-0.455876	-1.25885	1.01335
9	5.85879	18.7468	0.00930114	-0.820041	0.916288
9	1.30687	31.302	-0.13093	-0.266169	1.09607
9	5.80207	20.0611	0.755949	-0.901199	1.07224
9	11.2499	18.6595	-0.363633	0.33046	1.07308
9	12.9431	15.5709	-1.05616	-0.206463	0.958488
9	6.45186	21.197	-0.0348956	0.996266	1.12881
9	9.56467	15.3565	-1.18473	0.936367	1.07562
9	21.3196	22.2144	1.01342	-0.369163	1.05157
9	14.2741	21.6089	0.453653	0.880565	1.06381
9	24.4181	10.4707	1.85347	1.5803	1.00464
9	25.6353	26.2862	-0.596105	0.681871	1.08725
9	21.1755	27.547	0.404241	0.197398	0.904988
9	23.159	19.6556	0.0569035	-1.19372	0.985511
9	20.1551	23.37	2.16559	-1.45592	1.10688
9	27.7751	27.5007	-0.0542765	-1.55828	0.951703
9	28.7926	22.0963	-0.864892	-0.677155	0.877738
9	27.1235	33.122	0.791617	0.366801	0.973233
9	28.061	31.66	0.856891	1.1475	0.97848
9	31.2051	22.3247	1.68361	-1.03252	0.922796
9	27.0111	25.8317	-0.389599	-0.0167199	1.09906
9	26.8182	24.5479	-0.464278	-0.732572	1.05922
9	32.6761	17.3299	1.71975	-0.215766	0.989231
9	21.8424	12.6596	0.320049	0.351038	0.98957
9	39.1386	24.293	-1.47457	-1.1957	0.986011
9	4.9986	22.5708	0.705737	-0.514515	0.958946
9	27.679	22.3715	-0.621367	0.885275	0.952873
9	3.59473	16.1567	0.868486	1.17319	1.01559
9	37.6625	25.4596	-0.234733	1.31522	1.02325
9	0.933664	14.9638	-0.470169	-1.83227	1.07003
9	4.70246	32.8469	0.0164804	0.822082	0.96405
9	11.7249	33.4691	1.14714	-0.821292	0.994874
9	13.339	21.2334	-0.4077	0.230284	0.940905
9	34.1585	26.4861	-1.90134	1.22069	0.859218
9	5.74825	26.4719	-1.80665	-0.25165	1.11675
9	12.7378	16.6921	1.39254	0.499956	1.06379
9	10.0462	26.9486	0.162113	0.0976515	1.03547
9	3.40807	20.8989	-1.15444	0.72544	0.904478
9	15.342	24.2416	-1.59914	-1.80292	1.03339
9	18.4395	25.7258	1.97892	-0.971691	1.00348
9	7.83612	28.0514	-0.0948758	-0.524576	0.85245
9	17.224	24.9539	0.364197	-1.51745	0.981078
9	13.6819	35.2173	-0.523383	-0.0816065	1.09934
9	14.111	23.3615	1.33694	-0.0929526	0.929835
9	20.3234	30.9023	-0.123336	0.910684	0.973805
9	31.3768	25.8609	0.949062	0.617924	0.787326
9	17.4091	25.936	0.373982	-0.282508	0.915032
9	10.7848	17.4563	-0.44713	0.611321	1.02309
9	35.9136	23.8892	0.11698	-0.114348	0.985308
9	24.7735	18.048	-0.151602	0.58209	0.882345
9	21.9215	19.8681	1.02176	-0.684808	1.06327
9	38.1348	20.692	-0.724783	-0.63104	1.12307
9	22.4373	32.9352	-1.20853	-0.427133	1.05406
9	26.1163	19.5973	0.481119	0.278683	1.01469
9	30.2127	24.9889	-0.439421	1.40668	0.887268
9	30.9895	23.2976	0.0247827	-0.187526	1.10091
9	36.905	34.0997	-1.43525	1.64164	0.827478
9	21.5865	30.3376	-0.219577	1.00339	1.05527
9	31.593	20.1881	-1.38904	-0.105058	1.17781
9	38.569	18.4823	0.549886	0.434316	1.04039
9	8.25555	33.8096	-0.70721	-1.51093	1.02947
9	4.18517	27.9836	-1.91095	-0.402917	0.839922
9	1.65708	19.8576	0.266749	-1.62891	1.06345
9	13.8938	24.427	0.104682	1.79966	0.998966
9	7.54424	23.346	1.78654	-0.395521	1.11453
9	4.07901	21.6379	1.03864	-0.154151	1.07335
9	16.6828	12.8739	-1.53675	-0.104592	0.907825
9	7.47495	30.1062	-0.947442	-1.42237	1.20963
9	17.0404	33.0273	-0.738664	-0.10573	1.06437
9	5.66615	28.0544	-0.571343	-0.9363	1.07832
9	13.2349	26.671	0.453102	-0.0554632	1.07419
9	14.1722	31.3717	-0.552854	0.50376	1.02344
9	19.2009	30.3311	-0.739926	-0.712499	1.07691
9	23.113	23.0015	-0.588322	1.90508	1.01678
9	18.0881	32.0248	0.620175	2.01863	0.657501
9	9.24404	28.996	0.231217	-1.45156	1.17889
9	12.5903	25.5299	0.573329	1.14343	1.09755
9	24.3698	19.1206	0.377098	0.261952	0.987402
9	25.0609	19.8932	-0.253869	0.438031	0.922283
9	18.9751	29.0407	-0.382511	0.711043	0.935093
9	18.7426	31.4232	-1.10583	-0.152329	1.01199
9	20.4477	28.5336	0.378145	2.04546	1.00627
9	23.7798	27.7638	-1.56999	0.580228	0.956657
9	34.1467	31.7572	0.1643	0.72342	1.01182
9	30.485	26.1084	-1.43	0.778602	0.968304
9	1.48523	29.9777	-0.664989	0.71065	1.00962
9	22.9269	26.8074	-1.45438	0.382658	1.17263
9	26.0335	20.9976	0.917466	0.862368	1.21871
9	32.2512	23.773	0.0270051	0.633632	0.930227
9	7.55869	36.5573	1.44787	1.44339	0.991463
9	36.3147	29.4975	-1.05147	0.669379	0.944261
9	2.14411	24.1629	0.37427	-1.57648	1.01251
9	3.26249	25.6705	0.90201	-0.370882	1.04949
9	31.507	27.0863	0.403692	1.54788	0.898944
9	33.1917	26.9697	0.303219	-0.961698	0.876482
9	29.6798	20.3228	0.579272	-0.490712	0.887543
9	5.51335	14.7057	0.374764	-1.20107	0.897621
9	2.38525	26.3178	1.12811	-0.44806	1.17575
9	3.29751	18.7945	-0.558043	-0.336978	0.856095
9	1.38342	37.6071	-0.389224	0.734119	0.962523
9	8.0284	29.0177	-1.74603	-1.56003	0.906882
9	39.9172	33.5742	-2.07378	-0.649227	1.04984
9	3.17718	34.618	-0.253104	0.230102	1.38703
9	3.66154	33.1483	-0.710654	0.00630124	0.875627
9	9.7972	33.1263	1.3891	0.485574	0.970964
9	21.0138	26.5316	-0.353265	1.09325	1.13538
9	8.78811	32.9688	0.74642	1.74382	0.906234
9	8.84177	18.7615	1.9244	-1.51871	0.96867
9	23.7964	25.8151	-0.283036	-0.614573	1.05423
9	24.926	32.2256	-0.684141	0.683254	1.07609
9	15.7723	27.075	0.445051	-0.328361	1.0294
9	19.6829	26.9289	0.268776	1.81933	1.08023
9	16.2231	31.1013	-0.109045	-0.702909	1.02093
9	25.2242	25.0182	-0.0610075	0.280699	1.21767
9	26.4507	22.3835	0.0312427	0.207153	1.09072
9	25.6999	28.7364	-1.17985	0.0723353	1.0895
9	30.4331	28.086	0.486497	0.313498	0.995604
9	1.38254	28.0214	-2.08669	-0.448191	1.05881
9	16.5019	16.5538	1.12706	1.39948	0.916603
9	29.7332	21.7482	-0.790337	0.759251	0.970595
9	39.4066	20.4998	1.21903	-0.401635	0.902984
9	0.323792	29.7878	-1.15146	0.686937	0.988791
9	24.8668	29.4436	0.936942	-0.518423	1.03647
9	38.9314	32.955	-0.650333	-0.165713	1.05155
9	0.0514279	25.0265	0.373851	-0.273652	0.9909
9	27.3783	29.6834	1.20949	-1.04948	0.949671
9	3.40923	27.4419	-0.026629	-0.50024	0.954312
9	33.48	22.0367	-0.305104	-0.113364	0.946967
9	39.851	36.2776	-0.215413	0.612224	1.02262
9	3.10847	0.352817	1.29208	-0.420452	0.90491
9	7.43175	32.2842	-1.03043	0.319395	1.02804
9	37.7744	27.8508	0.42258	-0.291292	0.909534
9	11.4466	38.9268	0.192813	-1.37064	1.17336
9	12.351	24.3825	-0.547075	-0.890132	1.07297
9	7.78111	27.1077	-0.101818	-0.802327	1.03892
9	21.6284	36.5284	-0.387391	0.161501	1.02168
9	4.32712	17.9938	-0.319396	-0.984781	0.877559
9	19.2435	28.0107	0.159199	-0.271973	1.10314
9	13.698	28.8642	-0.605489	0.444156	0.953048
9	24.0801	30.2245	0.61641	-0.161048	1.11905
9	19.9381	33.8583	-0.414186	-0.547384	0.948019
9	17.2423	31.329	-0.0278924	-1.219	0.953359
9	25.2497	34.8057	-1.45568	-0.452078	0.881806
9	20.7431	33.0548	-0.738076	0.89807	0.958569
9	23.3813	33.435	0.131351	0.530722	0.868608
9	16.2576	32.1976	-0.0699184	-1.60925	1.03496
9	17.7009	26.8304	0.490576	-0.0746159	0.848648
9	26.9209	30.8741	-0.056186	0.412522	0.90867
9	28.3	33.017	-0.303138	0.257268	0.978004
9	27.7727	34.8355	0.470384	-0.296614	0.972369
9	29.3605	29.4992	-0.12308	1.31187	1.04646
9	33.1669	23.2057	-1.22507	1.38857	1.03183
9	30.8912	30.4504	-0.55755	1.75813	1.13415
9	3.5515	22.7584	2.19902	-0.685629	0.967244
9	39.4576	18.0714	-1.33708	-0.222695	0.95787
9	39.762	28.9087	1.27984	-0.38345	0.683338
9	34.2125	30.588	-0.553814	1.37319	0.917518
9	36.2847	31.9886	0.154197	-0.946621	1.07866
9	2.24337	27.3654	-0.0522578	-0.595171	0.912687
9	37.0572	36.563	-1.85794	0.63179	1.01274
9	33.2748	29.882	-2.67726	0.864926	1.23003
9	8.11502	35.6284	-0.0841376	-1.16807	0.984129
9	1.02289	26.2242	1.26218	0.211414	1.08388
9	38.352	1.04819	0.254133	-0.869937	1.08099
9	0.964077	38.6602	-0.623851	0.307077	1.03715
9	2.71532	28.2174	-0.262478	-0.611224	0.977865
9	12.5947	30.461	-0.160081	-1.68692	0.939672
9	20.4768	25.1168	-1.02445	0.949428	1.05864
9	4.64687	27.0102	0.00248244	-0.318472	0.936801
9	14.0373	32.8021	-0.447885	0.229461	1.00744
9	21.7279	25.534	-0.554126	-1.09858	1.14662
9	11.0662	27.4722	-0.913202	-0.281401	1.0112
9	19.5922	35.5279	0.565727	-0.895981	1.03869
9	16.1129	35.9698	-1.25054	1.25374	1.16802
9	22.5861	29.1364	1.27478	-1.6982	0.935849
9	19.7777	2.08985	-2.35433	-0.74131	1.0979
9	14.7807	35.114	0.307163	1.98129	0.957758
9	20.3238	38.2001	-0.503727	0.648969	0.754984
9	17.3525	34.9511	0.617556	-0.688016	1.01529
9	22.3789	39.7909	1.15256	-1.46241	0.954975
9	21.2438	21.1709	0.149475	-0.0469304	0.92256
9	26.0953	32.5816	-0.367274	1.04836	1.07079
9	31.3041	29.3233	1.06373	0.562112	0.986661
9	31.6028	31.4421	0.37233	1.16679	1.00487
9	36.5003	39.8446	0.37515	0.521718	1.13105
9	37.8002	37.2252	-0.38219	1.00097	0.897915
9	33.9917	23.9761	0.417177	-0.556808	0.970593
9	35.0892	24.7307	-1.2509	1.2951	1.13756
9	37.4026	24.1304	-0.672105	-0.0204613	0.978948
9	2.9624	31.3713	-1.29768	-0.247784	0.812844
9	32.8338	28.7592	1.80377	-0.914196	0.902719
9	29.6913	30.5213	1.06567	-0.838332	0.852532
9	4.18536	29.028	-0.91434	0.173754	0.942445
9	4.09657	24.7494	-0.384002	-0.974254	1.06955
9	37.5933	32.4926	2.52834	-0.131648	0.972498
9	6.44729	23.7252	-0.285781	-0.740938	1.04494
9	37.0189	37.8953	0.530867	1.31454	0.914691
9	38.93	25.5534	-0.535973	-0.870387	0.932613
9	9.4042	23.708	0.761773	0.910272	1.05664
9	13.2289	37.797	0.918977	-0.0692636	0.955718
9	10.4705	30.675	-1.27828	-2.48937	1.03439
9	8.83975	27.7315	-0.313746	0.0943897	1.10849
9	18.5949	27.1554	0.810265	-1.19491	0.949986
9	18.3922	20.5816	-0.371256	0.211226	0.890232
9	15.1805	31.8188	-0.286862	1.81177	0.867628
9	9.95549	25.8411	0.313988	1.32517	0.978675
9	20.369	36.2695	0.559516	0.531823	1.026
9	28.3884	1.504	0.837246	0.103737	1.08337
9	24.3147	34.2837	0.616823	-0.555687	1.08619
9	21.1676	38.6052	1.45815	0.341471	1.0097
9	18.2638	33.1274	-1.34188	-0.243272	1.17454
9	28.3687	29.8343	-0.393621	-0.794292	1.0171
9	13.0878	29.5967	-0.0435252	-2.34084	0.964068
9	22.7476	23.966	2.0631	-0.722672	0.898918
9	26.6936	28.1289	-0.32567	-1.54375	0.918085
9	22.1495	31.4199	0.167423	-0.316716	0.946318
9	31.317	24.6406	-0.198603	-0.369715	1.11065
9	33.6603	1.1117	0.42638	-1.33744	1.05132
9	37.4994	22.8135	-0.0723984	-0.246649	1.07754
9	34.7013	21.914	-0.349815	0.245962	1.0575
9	34.887	29.439	-1.28437	-0.151535	1.03775
9	35.2563	28.1486	-0.335696	0.308056	0.935274
9	23.0424	21.8968	-1.35739	0.0810125	1.14903
9	0.784981	32.3988	0.159181	2.44416	0.875744
9	33.2772	32.6249	-0.636509	-0.389694	0.980216
9	7.09953	28.6882	-0.817988	-0.821251	0.997946
9	2.19396	35.5892	0.157702	0.506793	0.956637
9	3.451	29.8622	-0.0549039	0.318253	0.85566
9	9.27862	4.92244	-1.43198	0.244805	0.83691
9	9.58345	38.5893	1.69331	-0.324346	1.00107
9	7.15981	24.7425	-0.532306	-0.917568	1.0346
9	2.97408	3.58556	-0.0377509	0.591541	1.02166
9	8.94221	3.43629	0.336251	-0.230808	0.92723
9	10.5701	19.8053	2.82353	-0.0724445	1.07261
9	16.7477	27.6166	-0.995271	0.0136531	1.13526
9	10.1325	36.6429	0.972374	-1.64343	1.02498
9	14.2906	2.60423	0.505589	-0.965536	0.957029
9	14.0085	30.1757	1.44282	0.361421	1.08983
9	10.8158	31.8157	-0.725378	1.87087	1.02311
9	13.5053	0.365692	-1.84573	-1.19355	1.00183
9	12.1444	28.6412	1.33188	-1.36507	1.0354
9	13.8532	33.9587	0.357257	0.360207	1.08902
9	26.807	27.0684	0.857632	0.303219	1.06525
9	18.7828	2.49799	0.192745	0.715261	0.943208
9	18.0346	27.9009	-2.33438	-0.603602	0.856898
9	1.04814	29.0179	0.590515	0.42649	0.861361
9	27.4879	23.5528	1.3625	0.250428	1.00661
9	24.3609	26.8986	0.21673	-0.195199	0.949876
9	22.3114	37.2908	-0.885303	0.428137	0.905565
9	35.1354	31.6949	1.17556	1.59803	0.974634
9	33.8066	5.14968	0.0400494	2.08454	1.06793
9	35.395	39.6034	1.57241	-0.823615	0.970194
9	38.0384	39.858	1.11472	-0.480871	0.986903
9	29.3371	26.109	0.423661	0.278265	1.09479
9	29.6229	24.0406	2.08586	0.883369	1.06057
9	36.3475	4.45248	2.32166	0.361764	0.875089
9	36.5677	30.5813	0.215669	0.130636	1.20433
9	30.9353	32.5758	-1.44417	0.285664	1.09896
9	6.34235	22.5181	-0.981132	0.616932	0.971233
9	2.11374	29.0376	0.21843	-1.42916	0.995458
9	4.24299	35.1048	0.0229463	1.4916	0.908455
9	4.58592	38.6831	0.83717	0.768566	0.897644
9	9.36337	35.4647	-1.1753	0.116092	1.06273
9	11.8409	32.3782	-0.459221	-1.66252	1.18546
9	2.02898	38.8159	-0.57944	1.07082	1.01109
9	6.45522	35.8871	-0.153802	0.55606	1.04744
9	22.8757	28.0249	-1.55168	1.04531	0.962787
9	39.3527	31.4325	-0.191663	-0.69486	1.13878
9	18.9516	34.4476	0.0120585	1.79661	1.0573
9	13.0531	28.0382	-1.36631	-0.902016	1.07618
9	14.7861	25.3143	0.194875	0.623272	1.00509
9	12.7573	33.1758	-2.72265	-0.171835	0.887721
9	16.7288	38.397	-1.54202	-0.588782	0.920194
9	18.9556	38.3446	-0.853409	1.19612	1.11929
9	26.2754	33.7734	-1.48653	0.233388	0.991367
9	20.3147	1.02818	-0.994118	-0.684164	1.092
9	32.2461	33.9858	0.961386	-1.55152	0.977985
9	31.9839	35.2089	-0.0851056	-0.011551	1.00606
9	24.2248	23.5733	-0.0487354	0.0731956	1.18814
9	29.0512	28.4667	-0.510856	0.817368	1.0004
9	32.7902	31.1701	-0.993073	1.54383	1.07715
9	0.208902	34.9637	-0.734031	-1.28597	0.943983
9	20.7448	31.8381	0.0928422	-2.06763	1.11295
9	23.7703	28.9676	-1.39925	0.355722	1.17036
9	28.222	26.2808	0.313004	-0.716586	1.06997
9	34.1366	33.1038	0.228785	0.130516	0.951949
9	28.7429	23.2327	-0.0526956	-1.4605	1.16375
9	33.7786	37.1633	-0.00721693	-0.806248	0.973649
9	31.9554	38.3065	-0.243447	0.602246	1.22913
9	1.25346	2.47481	0.495897	1.547	0.957514
9	38.2513	24.5895	-0.338993	-0.032915	0.831235
9	4.04261	32.0352	2.3791	-0.103605	0.86062
9	1.08606	36.4405	-0.0893133	-0.542874	1.09369
9	33.4063	33.9766	-0.569165	1.00786	1.02364
9	32.1612	32.6025	-0.162231	1.25069	1.0726
9	4.37943	34.1385	1.20039	0.365284	0.988589
9	7.19409	33.6033	-0.518563	0.029944	1.06477
9	11.4739	34.8481	-1.67015	-0.00437944	0.771194
9	13.7098	36.2837	0.279846	1.42291	0.981508
9	9.56248	32.0023	1.16532	0.816609	1.10792
9	22.0167	27.5585	-0.385778	-1.45648	0.896306
9	18.3727	35.8354	0.488919	-0.401561	1.12393
9	20.9899	37.5032	-1.62915	-0.367923	0.996433
9	21.5729	33.9178	-0.713596	0.295057	1.25186
9	11.5454	29.4535	1.22627	-0.0044659	0.946438
9	18.4422	1.3211	0.24213	-1.02894	1.00693
9	16.7433	29.824	-1.28929	-0.246548	0.867159
9	26.0999	1.51903	-0.579547	-1.5105	0.9394
9	27.8948	25.1231	1.16558	0.702187	1.00997
9	22.6662	35.8366	-0.276359	-0.0743375	1.04254
9	28.8059	33.9528	0.611018	1.24057	0.924871
9	30.1418	2.7601	-0.0392033	-0.560179	1.01489
9	19.9748	29.5017	1.6375	-1.51205	0.834544
9	34.5158	36.4134	-0.588646	0.153483	0.920987
9	35.5421	0.667126	0.129754	0.420186	0.916462
9	19.6692	17.6256	-0.545305	0.259878	0.999718
9	25.2789	30.6014	-0.699796	-2.10437	0.962089
9	24.9538	36.4711	-0.310356	-0.27482	1.07259
9	29.6155	38.1452	1.11606	-0.08944	0.862297
9	29.1315	25.0106	1.37154	-0.113646	1.04291
9	28.48	0.327355	1.02936	-0.979023	1.04689
9	31.4275	37.3712	0.456261	1.21091	0.829545
9	39.9042	27.9488	-0.558917	0.0193768	0.964022
9	35.9503	34.2369	0.176668	-0.798002	1.0539
9	4.10873	30.7908	1.4034	1.25729	1.10701
9	4.17877	3.57126	0.0549487	0.280182	0.906435
9	39.1595	37.626	-0.39952	0.678903	0.963527
9	6.60344	27.451	-0.251687	-0.728651	1.04972
9	11.5656	37.366	-0.799677	0.214581	0.976859
9	0.768565	27.2719	1.25058	-0.803484	0.865485
9	7.55073	0.530488	1.47772	0.309445	1.01793
9	12.6089	36.6919	-0.25878	0.594913	1.09418
9	21.8304	1.16849	-1.1616	-1.34505	1.01573
9	20.8921	3.71105	2.13346	-0.449186	0.94182
9	11.8617	31.2292	1.00679	1.351	0.928245
9	12.1802	2.3238	0.893685	-0.714954	0.947174
9	20.9711	35.2564	2.0909	1.10809	0.970742
9	19.9175	0.00927984	-0.49348	1.20968	0.958173
9	15.3974	32.9579	-0.222405	-0.706989	1.05787
9	17.5103	37.3703	-0.321699	1.61474	0.999357
9	23.6437	35.409	-0.337955	-1.72637	0.874998
9	21.8351	5.97938	1.05208	2.18299	0.90787
9	26.7104	39.1375	0.0629167	1.313	0.810987
9	29.8415	31.7173	1.18104	0.377774	1.31115
9	22.867	30.5257	1.46136	0.117972	1.07389
9	28.8503	39.0423	-0.327494	-0.100158	0.984738
9	27.5278	37.6658	-0.136184	-0.345144	0.841995
9	31.1721	34.3726	0.77483	0.124047	1.07683
9	25.4621	22.2226	-0.909262	-0.544341	0.754633
9	27.7439	28.7344	0.331025	-1.21977	0.939505
9	27.4615	0.840966	1.57063	-1.80682	1.00663
9	30.5065	36.8914	0.161374	1.35402	1.06184
9	31.7559	1.49534	0.244694	-1.69313	1.04467
9	38.1688	2.24826	1.8449	-0.285279	1.05081
9	35.1859	4.39399	-0.465692	-0.32733	1.03991
9	39.8321	38.5386	1.14632	0.829868	1.12965
9	39.2208	1.80052	-0.262198	-1.40797	0.961272
9	5.45713	36.4262	-1.22242	-0.200336	1.07878
9	33.9779	35.3484	-1.25683	-0.103021	0.992426
9	37.6488	31.3603	0.0420703	-0.744452	1.01433
9	36.5322	33.1431	-0.330979	-0.707509	1.00942
9	1.48681	4.54692	-1.66793	-1.73537	1.01909
9	1.17367	35.0062	0.748245	-0.0612305	1.03301
9	6.67845	39.7108	0.773128	-2.2463	0.95529
9	2.28268	33.7316	-1.36497	-0.0226688	0.869293
9	8.99482	39.4597	-1.23844	0.232139	0.989064
9	7.57964	34.659	0.133713	0.499878	1.11128
9	12.6763	34.3537	-0.573444	-0.939527	0.986113
9	21.1907	39.7996	1.34787	-0.821731	1.05817
9	11.7488	6.16681	1.57891	0.0204258	0.94755
9	28.3195	2.81396	0.53944	0.861578	1.06177
9	26.1315	3.61096	-0.193063	-0.37559	1.06565
9	26.8914	31.9041	-0.548863	0.210313	0.871509
9	30.5652	0.17503	-0.902918	0.419277	1.10119
9	25.0386	37.7297	0.000302686	-1.32642	0.952636
9	38.8627	28.7964	-0.739232	0.124798	1.06296
9	29.9091	32.9498	-1.6455	-1.45322	0.95659
9	30.4772	35.3531	-0.179155	-0.122715	0.999888
9	38.7038	5.12465	0.177915	1.53496	1.13493
9	34.7504	38.7532	1.98779	0.886836	0.909899
9	26.6253	35.6134	-0.228395	1.16363	0.876859
9	38.5861	36.5996	-0.34006	-0.0540478	0.965244
9	38.2739	26.5027	-0.235372	0.896952	0.91018
9	30.0905	39.226	0.920851	0.0611611	0.942904
9	32.3413	39.5206	-0.881695	0.718758	0.94048
9	37.8699	34.9052	-0.598594	-1.31154	1.03991
9	37.7665	33.6975	-2.70846	-0.999466	1.00405
9	4.40007	5.6109	-1.81368	-0.30828	0.930221
9	38.9524	35.2701	-0.373416	-0.346043	1.11385
9	39.5864	4.18906	0.109927	-1.17929	0.947616
9	5.11345	2.43135	-1.83866	0.987901	1.04578
9	10.3365	2.88788	0.364573	0.175525	0.954146
9	8.41794	31.9691	0.566235	1.66429	1.04381
9	5.24978	35.0924	0.189458	-0.352734	0.844592
9	12.2234	39.7754	-1.09475	-0.672839	1.05415
9	6.23872	34.7734	-0.298125	0.14051	0.792411
9	6.87784	31.3722	0.174401	-1.04297	1.0835
9	10.6136	39.6782	-0.531033	0.0737464	1.03714
9	39.8235	26.4642	0.906937	-0.335458	1.1377
9	15.0758	30.7813	0.00327118	1.10056	1.02658
9	10.4115	29.5103	-0.300184	0.0968526	1.01609
9	9.01216	2.30125	0.805345	1.04703	1.01858
9	33.1025	3.28688	-1.09285	-1.34319	1.09509
9	8.97192	26.4993	0.258072	1.06947	0.782251
9	15.9406	28.8116	-0.903023	-1.17216	0.944361
9	14.7262	38.7071	-2.13726	-0.750416	1.19502
9	27.2536	4.52622	0.00489531	-0.501921	1.00351
9	26.0692	29.8698	-0.717876	0.445512	0.998294
9	32.6951	8.16037	-0.981978	-1.27231	0.844767
9	19.6439	32.2828	-1.25503	-0.150862	1.06466
9	34.455	34.201	1.26199	-1.16814	0.971931
9	18.798	39.5245	-0.265902	-0.288885	0.9658
9	19.6301	37.2448	-0.967564	2.01268	0.968445
9	36.7494	35.3009	-1.61793	0.477315	1.25072
9	33.3373	38.2095	0.928819	-0.884614	0.876619
9	33.2658	2.19855	-0.21738	-0.486332	0.933907
9	25.0393	0.317399	-1.99524	-0.0563238	1.19391
9	0.186503	1.88871	-0.0261056	0.934365	0.978201
9	35.1414	32.8638	-0.424204	1.00077	1.01452
9	0.414985	21.1169	0.550306	-1.2916	1.03803
9	26.6572	39.9556	-1.0064	-1.00118	0.84063
9	37.3931	29.7498	1.1179	0.644157	1.00818
9	36.7591	28.4821	0.337251	0.20413	0.996256
9	0.267663	37.4872	-1.37948	-0.229615	1.09528
