24	32.6237	29.9229	-0.698167	-2.39163	1.05287
24	30.7011	30.0651	0.98582	1.20982	0.947479
24	36.9088	35.5691	0.42298	-0.624253	0.939138
24	34.3989	0.765888	-0.188483	-0.946431	1.25706
24	7.91537	37.067	1.32124	1.28298	1.07633
24	37.8614	36.0111	-1.18635	1.51263	0.97114
24	10.2087	2.22903	-0.44826	-1.29129	1.05532
24	16.9639	9.9281	0.0571348	0.641833	1.07242
24	15.4609	4.74932	-0.39945	0.912778	1.026
24	9.13007	5.98923	-0.450855	-0.229977	0.976391
24	13.7711	37.0699	-0.145782	-0.351749	1.01192
24	7.60406	3.74132	-0.998911	-0.00289465	1.18542
24	19.5849	35.0397	1.29861	1.02979	0.975637
24	22.5824	35.133	1.81116	-0.289638	0.92656
24	14.3324	29.4196	1.33145	-0.190787	0.976662
24	15.0413	1.43548	0.409301	-0.305214	0.975364
24	2.20095	28.9676	0.611585	1.96632	0.997112
24	7.98225	32.2641	-0.649279	-0.214085	1.02598
24	27.5473	7.10662	1.28555	0.323834	1.24916
24	35.1719	6.45688	1.93504	-0.847725	1.11083
24	20.7608	34.9331	-1.49891	0.785766	1.16011
24	34.4219	8.46258	1.90511	1.32978	1.15204
24	23.0394	30.7932	1.00582	1.01684	1.04785
24	36.4322	0.951128	-0.0846009	0.969694	0.902038
24	36.0849	39.0665	1.88346	0.0225863	0.795111
24	26.6759	0.0980216	1.23216	0.1534	0.931817
24	2.79147	2.03235	0.560392	-1.9396	1.01436
24	39.4955	16.9096	-0.414313	-0.269367	0.94092
24	32.6726	2.03541	-0.849284	-1.37925	1.06321
24	1.66694	13.6711	1.4	1.32225	1.05918
24	8.24969	13.6557	1.10335	2.91839	0.809015
24	6.5343	12.2197	-1.01941	0.873924	1.01917
24	1.96924	9.24028	0.480874	0.365399	1.03724
24	6.12368	5.97016	-1.16699	-1.37749	1.06177
24	6.68204	39.8637	-1.24018	0.485224	0.885971
24	1.20944	0.452615	-1.72089	-0.16181	1.01255
24	5.93509	13.0702	0.00234864	0.834137	0.843364
24	5.70307	35.805	-0.0534416	-0.160391	0.977559
24	5.17504	1.59458	0.746959	1.63589	0.965938
24	12.851	5.75231	1.27597	1.17545	1.04249
24	6.06392	7.2678	0.50689	2.26191	1.05394
24	5.29138	33.6561	0.422818	-0.0806129	1.04389
24	0.607231	30.8575	1.34184	0.60378	0.849696
24	12.0063	8.28412	-0.576056	0.0159144	1.15581
24	16.4175	2.43798	0.36241	-0.368084	0.909238
24	15.0989	5.67553	0.561472	0.483715	0.895328
24	7.68225	34.3704	-1.0981	-0.145805	0.92336
24	23.7055	8.15222	-0.577888	-1.30339	0.976647
24	34.032	6.48496	-0.0545804	0.671297	0.960469
24	34.6221	5.08198	0.782773	-0.312003	1.01579
24	16.0952	5.63063	0.451564	-0.400203	0.904588
24	10.2211	33.6787	-0.354663	1.12331	0.905845
24	24.7466	8.54834	0.660879	-1.22751	1.16905
24	35.8994	3.90935	0.793174	-0.273589	1.07773
24	31.7286	38.5226	-0.647925	-0.719569	1.05068
24	28.4136	7.91282	-0.347894	-0.0104175	1.07555
24	32.5595	37.6714	-0.112348	-1.85533	0.854925
24	23.5496	0.196638	-0.0301798	-0.219741	0.992584
24	34.6652	2.16624	-0.0200781	-0.276892	0.978369
24	38.4833	7.45334	-1.06189	-0.0742438	1.16716
24	3.02907	0.470905	-0.503371	-0.104951	1.06387
24	32.8869	38.684	1.14333	-1.1354	0.994022
24	37.7421	12.8759	-0.847877	-0.146193	0.952121
24	5.77271	8.80993	0.0623304	1.31059	1.02988
24	10.3092	4.62388	-0.347501	1.66558	0.834598
24	38.1366	33.4374	1.33991	0.215275	1.14275
24	0.548584	39.5212	-0.62987	1.58076	1.06822
24	39.5609	38.7721	-1.66636	0.825277	1.14714
24	23.2838	10.3897	0.784927	0.751321	0.808892
24	35.705	37.0992	-0.659649	-0.711952	1.09979
24	0.713035	7.88843	-0.159674	-0.7294	0.957236
24	14.5562	10.9429	1.73691	-0.864112	0.945794
24	3.08729	32.4836	-1.66861	-1.278	1.13334
24	13.4303	12.0804	-0.134695	-0.615815	0.96705
24	7.18579	2.25007	0.999093	0.616639	1.02799
24	5.06715	15.2587	0.383095	0.626117	1.00098
24	9.46195	3.92145	0.308221	0.801099	0.924032
24	17.9727	0.515317	-0.546213	-0.548873	1.12374
24	20.4032	5.79798	0.486303	-1.36081	1.04784
24	21.1925	10.8581	0.970288	-1.04626	0.899323
24	5.5845	5.03179	-0.962411	1.04381	0.926327
24	37.4472	1.21581	-0.646015	-1.03896	0.998632
24	24.8235	3.63809	-0.661521	-0.512806	1.00461
24	25.9693	4.73363	-0.677355	0.235299	1.19149
24	31.5976	2.37544	1.43226	-0.899707	0.889748
24	24.9236	1.38489	1.81443	1.02246	1.10798
24	33.5777	10.7654	-0.475739	0.114819	0.926953
24	37.543	14.0107	1.59918	0.849488	0.987513
24	23.5238	7.02897	0.538328	0.540278	1.03163
24	32.6393	36.5964	-0.400397	-0.751939	1.12402
24	37.8535	4.98626	1.19175	-0.636734	0.951236
24	38.676	3.18163	-0.764729	1.03683	0.953273
24	19.02	36.3778	-1.43027	0.097387	0.989545
24	6.02995	10.1874	-2.52028	-0.137416	1.13406
24	10.7241	39.8482	-0.639166	-0.288546	1.00139
24	37.992	11.403	-0.847199	-1.65414	0.877926
24	5.22577	2.87279	1.73471	-1.28558	0.937331
24	33.0859	35.2012	-0.1613	0.876993	1.15401
24	22.4752	6.52843	0.677795	0.911601	1.05234
24	10.3565	10.4281	-0.481345	-0.344286	0.83217
24	1.75736	3.37208	-0.774213	1.18824	1.11106
24	3.85864	8.16748	-0.245853	1.21035	1.07911
24	3.24287	10.9487	-0.146544	2.05598	0.980132
24	4.33701	0.366806	0.286183	-0.732042	1.17847
24	3.88865	39.1438	-1.41463	-0.575838	0.968647
24	2.62327	13.3685	1.50254	-0.00398896	0.910589
24	4.3747	37.924	-0.51242	1.06542	1.2101
24	11.3345	9.89191	0.154501	-2.69998	1.02193
24	10.0206	9.38958	-0.922244	0.089016	0.908248
24	16.4054	6.8348	-1.10731	0.175166	0.982876
24	12.0537	7.0841	1.46525	-1.49809	0.797761
24	16.4783	0.36877	-0.481769	-0.0154466	1.06506
24	13.4191	33.3472	-1.21974	0.0261991	0.772408
24	24.594	7.4233	1.06608	0.298354	0.948526
24	20.0564	36.0841	0.157088	0.70736	0.954032
24	13.5278	0.446468	-0.974552	0.280997	1.0871
24	36.8601	4.70421	0.0151411	-0.958808	0.828045
24	26.3253	5.89995	1.22732	-0.0668972	0.966907
24	28.1829	10.0084	0.660508	-1.01643	1.04529
24	22.5489	4.38549	0.11093	-0.615758	1.161
24	32.1708	0.941563	1.82528	-0.517109	1.06128
24	25.4553	10.933	-0.180175	1.13633	0.928709
24	36.4337	12.8402	-1.5482	0.363636	0.966148
24	31.0942	6.1045	-0.909943	0.743288	1.11228
24	34.6778	37.6443	0.0912215	-1.61511	1.09961
24	30.0245	4.11312	-0.190179	-0.196906	1.00023
24	37.7505	2.45127	-0.0978932	-0.877154	0.939589
24	0.111737	4.95936	-1.22793	0.539277	1.00976
24	3.85341	2.55319	1.19498	-0.125835	0.861294
24	39.5797	14.3595	-0.924102	0.0658642	1.0142
24	36.0102	15.182	0.533244	0.970756	1.03877
24	14.608	9.03128	-1.3246	0.128301	1.10492
24	7.09021	32.7916	-1.45823	-0.464677	0.890209
24	2.61895	6.74104	-2.74418	-0.36004	1.05727
24	3.39528	15.1254	1.44841	-0.77037	1.03069
24	14.2942	7.61232	0.917702	-1.07467	0.950758
24	13.379	10.7586	-1.20682	-0.486355	1.03849
24	10.3143	6.55539	-1.439	-1.54213	0.983774
24	9.2505	2.64894	-1.61391	2.26683	0.904413
24	7.78977	27.7576	-1.86743	0.26061	0.875078
24	13.5814	8.4053	-0.0556329	0.528454	1.04267
24	26.0429	34.8092	-0.433396	-1.52699	0.934138
24	8.63477	3.4192	0.560026	0.0331652	1.05154
24	6.7152	33.8218	-0.915177	-1.67999	1.08291
24	12.637	1.18001	0.74858	0.129234	1.14691
24	35.7265	2.54315	-1.19903	0.139538	1.05957
24	9.90463	37.7032	-0.357849	1.1602	0.937754
24	27.7748	5.39943	-0.49636	-0.0154482	0.956706
24	21.3357	1.47686	0.423895	-0.458489	1.03943
24	35.6273	4.97293	-0.0476026	0.0421793	1.03425
24	17.4	2.34833	0.118185	0.263166	0.968696
24	27.1456	37.2969	0.854068	0.865391	0.976431
24	29.2712	0.067277	2.11791	0.826579	0.969879
24	25.4407	2.40339	-0.490253	-0.463268	1.0033
24	18.3018	1.81771	-0.748398	0.380105	0.988273
24	29.3863	2.60482	-0.667345	-0.313908	0.90043
24	28.6611	37.8443	-0.223663	-0.220421	1.08115
24	37.4433	6.81684	0.588687	1.39687	1.10996
24	38.7664	8.7972	0.334234	-1.21543	0.921734
24	27.252	39.1301	-0.112808	0.177074	1.00798
24	26.2652	28.5724	-0.189189	0.461844	0.862318
24	24.3273	6.10513	-1.56719	1.95794	0.970769
24	0.490192	6.02936	1.24364	0.0258828	0.891255
24	7.9234	1.13892	-1.27921	-0.117572	1.10178
24	38.7491	10.9188	0.401991	1.04234	0.849497
24	39.3858	10.151	1.3037	-0.544526	0.964389
24	1.53662	11.9045	-0.377753	0.206053	1.10296
24	8.72466	10.0457	1.00411	0.519329	1.24608
24	6.94085	5.31106	1.37124	0.493005	0.894324
24	4.43376	4.83564	-0.939712	-1.08476	1.04002
24	0.763745	10.4733	-0.449964	0.108537	1.05541
24	2.03811	1.08992	0.157662	2.13739	1.00049
24	17.2694	3.69157	1.42398	-0.738197	1.04691
24	17.3376	6.11741	0.202062	1.45975	1.02162
24	22.3226	7.5576	0.208452	0.0820726	0.944313
24	2.96215	8.83157	-1.17911	0.905866	0.894753
24	12.5866	16.8247	-1.04068	-1.30857	1.00366
24	20.779	12.4412	1.98993	-0.836808	0.999687
24	16.7634	13.726	0.894809	0.0011395	1.02454
24	6.61887	4.31802	0.389743	-0.767878	0.92108
24	23.7134	9.33776	1.34448	0.0581	0.986509
24	18.3339	3.06438	-0.743383	0.568814	0.912131
24	29.3366	9.26614	-0.571902	0.779717	0.968554
24	32.7359	8.12105	-0.561775	-2.67379	1.0591
24	19.6185	2.05396	-1.25806	2.11286	1.07249
24	30.6232	23.1696	0.669014	-0.143226	0.926529
24	0.778981	14.8083	-0.099105	0.259283	0.868034
24	35.4491	7.87653	-1.28189	0.752735	0.960466
24	24.576	13.3538	0.587302	-0.257288	1.13284
24	37.1906	8.0467	0.641413	-0.996862	1.16335
24	26.1771	10.3073	0.591843	1.26142	0.833039
24	35.7583	13.8557	0.102543	-0.0622206	0.759895
24	36.7695	34.4465	0.549168	-0.40387	1.16971
24	32.1396	39.8287	1.39984	-0.377554	1.12323
24	31.3819	8.79773	-0.000950399	0.370711	1.02474
24	2.3031	4.46179	0.247099	0.0803997	1.02669
24	37.7554	10.3151	0.779619	-0.452997	1.14343
24	1.30797	4.75261	0.10398	1.26336	1.08101
24	0.718381	17.3687	-0.243638	0.17023	0.800965
24	0.333836	12.055	-1.18223	0.625549	1.10481
24	30.3189	14.9071	0.192642	-0.693705	1.05833
24	7.38347	16.5086	1.12198	1.20948	0.922586
24	20.7339	7.85537	-0.335116	1.53085	1.08892
24	8.5438	12.1117	-0.879682	-0.260433	1.0121
24	5.26668	3.87109	2.05983	-0.511595	0.92865
24	10.9359	36.3092	-1.34546	-0.848156	0.94102
24	4.19915	16.1899	-0.847536	-1.11654	1.15832
24	10.5501	0.980697	-1.85809	-1.16897	1.08352
24	4.46463	7.38695	0.835794	-0.680619	0.819986
24	11.6389	4.33134	-0.13437	-2.31828	1.10243
24	25.9686	3.37023	1.09554	-0.520709	0.916297
24	21.3186	4.21502	-1.31925	0.0495427	0.998895
24	18.6902	6.64747	-0.109591	1.4234	1.06713
24	23.9639	4.72125	-0.33122	-0.886863	1.14424
24	19.6199	8.18844	-0.59493	0.281803	1.15085
24	27.1233	8.25258	2.10364	-0.746355	1.09502
24	27.05	12.7849	-0.105388	-0.932682	0.959073
24	24.1885	10.8564	0.800623	-0.0829425	1.03552
24	28.6421	0.828866	1.37374	0.617849	1.1048
24	20.9087	2.33374	-0.41274	0.671287	1.02167
24	19.5072	9.55109	0.879533	-0.155822	1.02129
24	28.1626	2.36795	-0.130125	-0.969833	1.0764
24	37.9674	3.99485	0.280923	-0.447295	1.06753
24	39.3941	19.9628	-0.378148	-0.488787	0.819467
24	33.6806	14.5349	1.43068	0.851857	0.909768
24	5.13176	8.07689	0.184133	0.298622	0.946268
24	37.008	0.0592256	-0.450377	0.140318	1.04509
24	32.6646	14.8785	-0.329187	0.453441	1.06482
24	26.7017	9.28133	1.10304	0.261752	0.954411
24	39.7276	11.148	0.703699	-0.812911	0.909098
24	38.5122	5.9725	-1.32592	-0.331006	1.10945
24	38.4576	14.5789	-0.783665	-0.370151	1.04822
24	33.8638	13.6604	0.38753	0.540802	0.787519
24	2.05965	7.85853	-0.554664	0.626209	1.18516
24	2.40963	14.8927	-0.261144	0.23974	0.835288
24	8.64292	6.88299	0.295251	-0.225318	0.925506
24	3.81079	10.0038	-1.08748	1.18411	1.01144
24	15.1733	14.8537	0.58688	-0.636234	0.673106
24	10.9303	7.41725	0.512334	0.339763	0.954705
24	23.8158	1.66641	1.5087	-1.24028	0.911092
24	15.1097	6.70173	1.3884	0.262039	0.912556
24	22.6531	8.87095	2.25128	-0.738288	1.11182
24	7.99889	6.02295	0.870373	1.94393	1.03823
24	8.25834	38.3309	0.689668	0.558918	1.06344
24	21.3026	6.38824	0.227691	0.926642	1.02967
24	22.2919	3.17653	0.621042	-0.187723	0.98664
24	17.7637	39.234	-0.683193	-0.821106	1.01285
24	23.9466	38.0458	0.383565	-0.602648	1.14892
24	23.0846	5.39242	1.08919	-0.0641043	1.04911
24	19.6321	17.4396	-0.732706	-1.64029	1.0118
24	35.6771	10.0772	1.56553	1.15079	0.868632
24	20.944	15.0168	0.749613	0.771226	1.11363
24	36.1136	8.92866	0.917396	-1.24422	1.00124
24	39.0725	5.05059	1.70521	1.29193	0.903026
24	32.3228	9.1059	1.10609	0.0286152	0.92553
24	37.8842	15.7231	0.210048	0.548921	0.903086
24	3.67108	6.94182	1.1944	0.843563	1.00988
24	4.69642	36.4598	0.392575	-0.942831	1.08114
24	38.3969	16.5023	0.205022	-1.36449	0.922249
24	35.6488	11.6755	-2.92311	-0.949184	1.03284
24	39.4882	6.11027	0.625502	-0.80873	0.762293
24	36.3775	17.2763	-1.17955	2.46114	0.985325
24	37.3604	38.4947	-1.47264	-0.746619	1.14603
24	8.48512	35.0803	0.442444	0.440285	0.998413
24	5.57429	24.2274	1.27167	0.149023	0.760413
24	30.1934	18.8551	0.441698	-0.535591	1.01886
24	9.60456	7.40118	0.453172	1.01898	1.03306
24	4.73988	13.3116	-0.163614	0.323192	1.19345
24	7.27224	15.4675	-0.850141	0.728705	0.845594
24	15.2382	12.1637	-1.21496	1.11998	1.15656
24	13.2422	4.6673	-0.069641	0.466131	1.02494
24	14.22	6.08183	-1.50114	-0.96269	0.919059
24	11.3695	12.1153	-1.22466	1.26514	0.997357
24	7.67874	9.53421	0.459601	-1.37133	1.11297
24	11.9556	15.3655	-0.76985	0.557438	0.997899
24	18.4286	7.95272	-0.0397831	0.0867995	1.16777
24	19.7867	6.87279	0.282098	0.813002	1.12769
24	21.8315	9.97914	1.34825	1.31704	0.946353
24	16.5367	4.54104	1.77401	1.04828	0.795489
24	14.2482	2.2686	0.10563	0.73272	1.07558
24	20.6588	37.2021	0.278137	-1.09807	1.01272
24	26.562	2.29648	0.179612	-0.35245	1.04431
24	25.7887	8.34438	0.969255	1.44097	0.956197
24	23.223	11.6794	0.511206	1.34046	0.887342
24	36.3337	6.03987	0.597727	-0.687176	1.03889
24	33.0819	9.80025	-1.04418	1.24851	0.941107
24	24.3088	19.0894	1.95555	0.164335	1.01289
24	37.0761	11.9351	-0.489681	0.390567	1.05199
24	32.6027	17.0832	-0.760531	1.5624	1.01602
24	28.7817	5.0005	-0.0899271	-1.28578	0.948893
24	21.4077	18.8197	1.66	-0.0842306	1.02732
24	34.2521	9.68056	0.882028	1.74173	1.10272
24	34.594	15.2052	2.15081	1.18295	1.07192
24	35.3644	16.035	-1.04697	-0.340376	1.04503
24	0.704749	21.3424	-0.0611449	0.551055	1.08444
24	39.8404	8.84776	-1.47107	-0.0842536	1.14986
24	36.5842	16.1279	0.0770949	-0.247467	1.04132
24	6.12459	22.3995	-0.222313	0.700842	0.88976
24	9.44004	1.63565	0.523532	-0.457832	0.871631
24	4.08996	19.354	1.38867	-0.191191	0.886968
24	37.2029	17.9143	-2.34848	1.39592	1.14447
24	37.2973	21.8356	-1.06828	-1.22832	0.881165
24	5.30599	16.5139	-1.21071	-1.00623	1.05497
24	12.2664	12.7027	-0.267333	0.420003	1.05417
24	39.3032	15.723	-1.48634	0.747281	1.23637
24	15.5489	8.19739	-0.544844	-0.14225	1.05645
24	13.6137	39.217	-0.360464	-0.892597	1.00559
24	17.734	17.2391	1.36279	0.150664	1.00416
24	20.1551	10.3588	-0.26101	-0.0844999	1.03635
24	13.6369	6.77036	-0.553802	-0.233207	0.900822
24	18.6773	12.8797	-0.280411	0.549218	0.851813
24	17.8929	13.5334	0.486999	-0.942292	0.941289
24	33.5532	7.52968	1.44617	-0.891796	0.988242
24	22.49	14.4546	1.18307	-0.598711	0.929338
24	25.5248	9.64275	-0.367541	0.00635551	0.825775
24	23.6729	3.4738	-0.258297	-1.15213	1.06464
24	18.0952	21.0746	1.80388	-0.924201	0.849349
24	17.7449	12.3507	0.962062	-0.286083	1.02638
24	26.6754	11.7294	0.700928	1.29956	0.931546
24	29.5482	7.4074	-0.235538	-1.19158	0.966834
24	34.8465	14.1002	0.717694	0.624715	0.967442
24	12.6701	22.4317	-1.86824	-1.07997	1.02745
24	38.8749	12.1016	-0.163559	-0.0466046	1.09178
24	28.4423	13.9848	0.611128	0.374949	0.931271
24	30.4811	5.24747	0.936049	0.250103	1.01681
24	38.5221	21.6746	-0.709195	3.22765	1.02293
24	32.6149	19.177	0.625321	-0.316159	1.06715
24	31.9393	13.9869	1.08265	0.296452	1.14209
24	30.8063	13.8625	-0.699911	0.0993932	1.09635
24	34.2436	11.8105	0.357922	1.235	0.962484
24	0.46403	13.4644	-0.673897	0.114472	1.04991
24	10.5624	8.38076	1.03484	-0.798346	0.962727
24	0.367689	19.769	-0.488123	0.417658	0.92501
24	4.1932	14.2662	0.765393	0.450434	0.918988
24	6.52131	11.1602	0.262245	0.436709	1.03274
24	10.4838	17.6806	-0.607493	-0.691625	1.00286
24	2.01934	23.1973	1.33127	-0.10937	0.740997
24	18.0467	10.1915	0.920559	0.836982	1.08731
24	17.4626	7.26104	-0.796753	0.295793	0.975299
24	8.9685	14.2252	-1.15565	0.194774	0.958491
24	27.9834	8.97782	0.902013	-0.505358	0.973967
24	19.0918	5.60113	-0.309845	0.419348	1.03814
24	19.6207	4.50012	-0.189576	1.62528	1.06302
24	13.982	9.96973	0.533266	-1.95307	0.97514
24	24.8558	12.0542	0.855109	0.0444467	0.868623
24	24.6659	9.81209	0.105675	0.35621	0.801815
24	30.2136	9.79095	-1.04705	0.130489	1.12179
24	32.386	10.6853	0.892976	1.12053	1.01218
24	20.4132	18.3481	-2.07094	0.564308	0.91505
24	28.5237	3.85025	-0.210673	-0.924969	1.16069
24	30.2481	10.9504	0.236524	-3.33907	1.06095
24	23.4213	24.4962	1.09219	0.0267084	1.00343
24	33.4928	15.5079	0.372039	0.0987046	0.857313
24	28.1574	11.4299	0.844888	0.0781716	0.944168
24	35.6237	28.1384	-1.94904	-1.00169	0.847043
24	1.48082	6.34678	0.0753213	1.69907	1.05344
24	17.1258	20.348	-1.82585	1.48564	1.03559
24	28.8166	6.44825	-0.039051	0.503313	1.01471
24	16.2741	20.9825	0.0711305	1.01065	1.09554
24	38.6365	13.4891	-1.14782	-0.103761	0.984209
24	35.1151	13.0717	-0.326344	0.210992	1.13311
24	31.471	11.5207	0.557581	-1.37384	1.04724
24	2.01479	10.414	0.628918	-0.247253	0.89063
24	31.9665	12.7031	0.145579	1.07272	1.02345
24	39.5864	12.9373	-0.39617	0.9938	0.944736
24	6.43044	13.8867	0.0813781	1.30035	0.868835
24	39.2599	28.6974	-0.147303	0.272593	1.02386
24	3.74896	12.8041	-0.747046	-0.0197013	0.937678
24	7.38336	12.9451	1.17379	0.134035	1.05503
24	18.3949	11.4416	0.840728	-1.58262	1.10561
24	4.15799	11.6065	-0.891588	-0.345698	1.09762
24	19.3722	15.6741	-0.171386	1.49742	1.06175
24	15.7031	10.6929	-0.971961	-0.0558121	1.19522
24	15.1945	2.75127	-1.59417	0.942151	1.03169
24	17.3149	14.5949	-0.541765	0.0996363	1.04318
24	22.4973	1.29985	-1.03711	-0.784494	0.918605
24	33.3751	5.60131	0.482302	-1.22877	1.08889
24	22.8864	17.8668	1.11477	-1.16413	1.07294
24	18.8706	14.2699	-0.63795	-0.0437912	1.13561
24	16.9312	21.9676	-0.0579259	-0.599608	1.09488
24	22.2927	11.1058	0.0369085	-0.124164	1.01055
24	23.7813	12.5385	0.523847	0.33508	0.915896
24	19.9813	14.5809	-0.602674	0.697854	0.929554
24	22.2241	15.5321	-0.308	-0.945001	0.955324
24	19.6023	13.4057	0.583953	0.277386	1.00405
24	18.0124	15.5232	1.23195	0.42133	1.01627
24	32.2458	5.3804	0.508402	-0.21857	1.04402
24	31.737	4.23019	1.05128	0.380234	0.978351
24	23.0182	13.3033	1.4818	-1.56934	1.1435
24	33.6193	17.1327	0.272415	-0.895116	0.902288
24	32.8682	13.5005	-0.469553	-0.435605	0.94688
24	32.7182	32.1887	1.33594	0.725946	0.956562
24	37.2531	19.3104	0.631281	0.493742	1.01331
24	0.765159	9.25933	0.40765	0.531156	0.838978
24	1.52449	19.6893	-0.185558	-1.964	0.986992
24	16.2696	12.6637	-1.61108	-0.848781	1.08988
24	35.2014	22.4532	-1.71076	-0.795253	1.0452
24	38.4247	39.598	-0.0710372	-0.231108	1.03366
24	5.37889	17.7359	1.46354	-0.134514	0.978294
24	0.311192	6.90083	-1.30409	-0.0239399	0.855219
24	10.6655	29.3486	-2.12065	0.717082	0.977043
24	9.98235	13.9769	-0.790319	-1.19986	0.90702
24	4.97707	18.5911	-1.38117	1.51403	0.940533
24	13.1223	17.655	-0.780251	0.0565184	0.926766
24	34.1634	22.2103	0.868195	-0.0230837	1.03652
24	11.0914	14.0697	1.69201	0.670958	0.894836
24	12.8805	23.6219	-0.456865	1.33216	1.05904
24	19.1737	21.7799	-1.1945	-0.0110784	0.935742
24	12.6882	14.4279	0.895445	-0.598242	1.13504
24	8.75765	16.3039	-0.463362	-0.849051	1.1254
24	21.409	8.63245	-0.770244	0.70935	0.99045
24	14.2575	12.7737	0.689866	-0.441125	1.08772
24	12.5654	9.51085	-1.12797	0.296009	1.02303
24	22.4805	21.3296	1.88809	1.79695	1.0591
24	18.3033	19.906	0.33069	-0.782503	1.03903
24	22.1097	24.5943	-0.59044	0.840186	0.900031
24	24.4552	15.7126	-1.11311	-0.452047	0.813238
24	31.6136	7.69598	-0.154764	0.270552	1.16658
24	37.4487	9.19653	0.243991	-0.253351	1.00623
24	26.2915	18.8178	0.838074	-1.12401	1.06807
24	31.3448	16.7782	1.7234	0.217001	1.11145
24	27.439	1.22868	0.665191	-0.976333	1.24022
24	25.3476	19.4085	-0.417645	-1.7718	0.938252
24	31.8835	21.5728	-0.236036	-0.472912	0.85336
24	35.2123	18.9489	0.300784	-1.41598	0.969076
24	32.6815	11.8249	0.488652	-1.82561	0.990007
24	34.6489	10.6603	-1.7093	-0.346236	0.941548
24	36.77	24.7895	-0.321903	-1.00613	1.05686
24	34.5011	17.3332	1.3151	-1.07382	0.982775
24	5.50583	14.251	-0.177962	-1.56962	0.933066
24	2.75299	16.6286	0.558044	-1.79298	0.929152
24	11.9764	25.9459	-0.732421	-1.94556	1.01498
24	18.8578	16.802	0.823934	0.127922	0.955528
24	1.26572	15.7325	-0.887101	0.448986	0.960927
24	8.83932	23.1961	-0.443279	0.629493	0.934051
24	7.2908	24.7806	-0.406204	-0.394876	1.20842
24	2.70219	12.3443	-0.158582	-0.993222	1.1588
24	19.1397	26.3352	0.219322	0.435232	1.08392
24	12.4311	11.3666	-0.0193407	-0.694372	1.18565
24	14.9142	21.1555	0.617463	-0.161193	0.940922
24	7.67214	10.7209	-0.816416	0.808122	1.11355
24	19.4538	11.248	-0.098995	0.79248	0.965002
24	20.3831	11.3503	0.181841	-0.267748	0.8697
24	14.9073	13.9833	-0.989065	0.115962	1.04
24	9.35509	13.0738	0.984891	1.10484	1.00709
24	15.9261	14.3805	-2.18153	-0.155392	0.998425
24	13.2845	13.3437	-0.911163	-0.244425	0.841373
24	25.8517	12.9285	-0.481462	-1.27401	1.20383
24	13.827	21.7403	0.506079	-0.406292	1.14444
24	29.327	15.5561	1.1798	-0.256875	1.08821
24	23.9217	14.8151	-0.215257	2.13639	0.995824
24	29.6449	13.0276	-0.217303	1.07567	0.991229
24	28.2567	31.591	-1.78904	0.254855	0.94135
24	27.254	16.7266	-0.694458	-0.154485	0.847731
24	20.2684	21.1408	-0.501032	-1.30848	1.0312
24	26.2469	16.5391	1.37147	1.33794	1.05868
24	24.667	21.4127	-0.641084	-0.556917	1.05182
24	37.3109	20.3421	-1.48285	-1.63128	1.02989
24	36.4661	10.9238	-0.0716599	-0.649203	0.846784
24	26.3842	20.137	-0.636629	-0.610417	0.841041
24	28.8686	20.3621	0.334059	-0.0278203	0.971308
24	6.36212	17.1529	-0.754169	-1.16672	1.06054
24	2.23958	18.7106	0.832698	-0.548129	1.12303
24	6.45105	14.9168	-1.7924	1.13517	0.804941
24	5.39432	27.674	-0.758586	0.659464	1.13072
24	4.76307	10.515	-0.336603	-1.26827	0.918083
24	4.19795	27.4782	0.60414	-1.67924	1.08595
24	38.0591	22.6938	1.84363	0.470957	1.08921
24	10.5415	21.4328	1.49126	0.332193	0.936757
24	15.2035	17.7344	0.643831	0.602969	1.04198
24	6.402	15.8602	-1.79573	0.326787	0.93557
24	2.01323	24.8409	-2.02755	1.75879	0.915052
24	14.1367	23.2931	-0.187292	-0.942329	1.06008
24	8.75158	18.4733	1.62491	-1.16722	1.02637
24	19.2011	18.8597	-0.842826	0.394231	1.03045
24	15.0547	16.7451	-0.685826	1.48653	0.77209
24	16.0723	23.3313	0.341004	0.16425	1.0087
24	19.4373	23.2896	1.07892	0.60247	0.85614
24	15.5955	33.9462	0.396988	0.0992317	0.922624
24	11.6536	2.60689	-0.649526	0.995388	1.19487
24	26.9234	15.7007	1.4303	-0.438957	0.9413
24	25.5131	15.6267	1.71098	0.0626221	1.02689
24	15.7484	24.4485	-0.547502	-0.0701403	0.993518
24	21.6679	13.2388	0.596481	1.44571	0.978877
24	27.2727	10.5964	-0.167973	-0.626148	1.11033
24	28.7908	22.7601	0.755619	-0.696912	0.892199
24	28.9007	18.3881	0.518739	0.692875	0.969363
24	35.3552	18.0031	0.667362	1.2939	0.895891
24	31.4202	14.9554	-0.237424	-0.729673	1.01983
24	17.0678	16.3408	1.84439	-0.786882	0.951229
24	24.0262	17.3421	0.0735069	0.321436	0.914439
24	29.0203	17.3805	-0.017594	-2.74959	1.06388
24	32.2671	15.963	1.64577	0.561524	1.09131
24	31.4354	10.0556	0.939621	-0.671533	1.15311
24	34.1811	16.2262	1.72276	0.665209	1.05816
24	7.97746	8.03828	0.419045	-1.1484	1.20479
24	5.2545	12.0198	1.3873	0.247725	1.01035
24	1.63155	17.5933	0.00308139	-0.215355	0.908373
24	0.901193	24.535	-0.211991	-1.05273	1.04845
24	13.2925	26.1983	0.908674	0.281901	0.996292
24	7.43531	18.8652	0.564767	1.15055	1.02373
24	17.0237	11.0847	0.318858	-0.965216	1.17466
24	8.37122	15.111	0.376923	1.37601	1.11695
24	9.68429	22.2787	-0.817046	-0.471483	1.10914
24	21.4257	15.9836	0.794599	-0.481563	0.863419
24	20.3314	23.5485	1.44604	-0.509561	0.843172
24	4.02508	22.9267	-0.0552629	0.122203	1.10267
24	9.20254	8.82956	-0.695141	-0.485654	0.931626
24	13.0038	18.7707	-0.108542	1.19034	0.934155
24	26.4977	14.7612	-0.594185	0.740312	0.893692
24	23.2002	16.1966	-1.65943	0.0839903	0.973185
24	1.90306	20.9733	0.593902	-1.26871	0.999162
24	4.4236	30.5272	1.10503	1.60577	1.03764
24	11.2559	18.1761	-1.14364	0.217668	0.711965
24	25.2434	14.3772	-1.1286	-0.170333	1.14118
24	28.1334	28.1863	-0.49574	-0.69217	1.05785
24	13.2457	16.0942	1.55606	-0.679249	0.831106
24	29.9011	8.32861	1.73418	-0.539038	0.888759
24	38.4654	20.3914	-0.0986714	-0.160356	1.00896
24	23.9629	29.3712	0.339754	0.222215	0.93635
24	27.9737	14.8131	1.11919	-0.856726	0.968958
24	32.0104	24.3288	0.897451	-0.667348	1.09966
24	31.9739	26.486	-1.81128	0.594994	0.890092
24	31.4605	19.6846	0.793225	-0.301264	0.901392
24	36.241	18.9036	0.482891	-2.02469	1.00766
24	31.3272	22.4687	1.16043	-0.75111	0.967808
24	32.4881	25.382	0.528588	1.31289	0.977735
24	36.3459	22.294	0.688094	0.676212	0.994967
24	31.1424	27.0885	0.732894	-0.257762	0.995407
24	3.66193	17.3787	0.0580552	1.623	0.951372
24	35.416	24.3622	-0.217822	0.535789	1.15396
24	3.15112	14.1735	-1.04815	0.272402	0.933548
24	1.52668	22.3086	-1.07104	-1.02725	1.12214
24	14.137	15.6181	0.549279	0.94145	1.0442
24	9.057	20.8298	-0.126972	-1.29622	1.02204
24	9.54471	25.7849	0.201564	0.561144	1.10016
24	12.5731	27.0258	0.281909	-1.10931	0.92516
24	38.6532	36.9707	-1.44235	1.43617	1.01689
24	19.5664	12.256	-1.3553	-1.5014	0.98146
24	32.0389	18.1012	-0.872695	-0.814361	1.14381
24	16.1204	18.5149	0.579187	0.73437	1.1643
24	12.113	24.8321	-0.74229	0.196452	1.16649
24	22.212	20.206	-0.185998	1.14922	1.12889
24	18.3955	22.467	1.82909	-0.761098	1.02822
24	11.4132	17.0143	1.3011	0.39282	0.882712
24	20.1906	22.4579	-0.39323	-1.85571	1.12953
24	20.7478	13.6206	-1.78598	1.01439	0.881478
24	12.0237	17.8102	-0.486171	0.993395	0.929907
24	16.4151	17.432	-0.0316293	0.429515	0.938823
24	25.8958	7.19282	-2.31979	-0.896882	1.12928
24	28.0913	12.5441	0.7311	1.15886	1.08029
24	34.3596	20.8018	-2.84139	-0.192545	1.14049
24	25.2472	28.6948	1.40282	1.87849	1.09221
24	1.03087	25.7703	-1.18904	0.381204	1.00816
24	28.6789	19.3879	-0.82657	-0.0392879	0.884985
24	28.1197	15.9961	0.635612	0.680824	1.04706
24	25.877	17.5224	0.957866	-0.0633974	0.856262
24	22.754	19.141	0.0716672	-0.799562	1.07152
24	34.3206	26.7125	-1.65931	-0.697197	1.08441
24	30.9611	21.1487	0.42885	-0.0760367	0.909356
24	36.2238	19.9977	0.809506	-0.195042	0.944952
24	38.3992	17.786	-0.682193	-0.0364183	1.0482
24	37.0142	23.0444	2.14338	0.0348023	0.983681
24	4.85457	25.2348	0.556128	-0.0454924	1.18314
24	2.90452	19.6197	-1.12266	-0.595132	1.06702
24	5.02077	19.6314	1.93724	0.321679	0.824006
24	10.9917	25.4498	1.14786	-0.481932	1.15925
24	14.4871	26.6715	-0.268831	0.200661	0.983577
24	7.5215	23.5763	0.116556	-0.675677	1.06133
24	14.3697	24.4989	-0.550966	-0.83237	0.917036
24	11.3633	20.0065	0.223599	0.122427	1.135
24	10.9702	24.3009	2.31867	0.20368	1.104
24	11.7183	23.0748	-0.732976	-0.0327873	1.09227
24	19.6739	25.4737	0.80843	0.845118	0.882439
24	15.4605	19.9907	0.749537	0.778695	1.0202
24	18.8708	29.7494	-0.98889	-0.328349	1.12081
24	17.2127	24.3006	0.727715	-0.00619703	1.12655
24	28.3092	23.6877	0.787324	0.565273	0.941696
24	21.7774	34.4431	0.941845	0.547534	1.06539
24	14.3843	18.3203	-1.01297	-0.0134292	0.873462
24	18.6153	17.8479	-1.5454	0.0477809	0.929709
24	13.1277	36.127	-0.189116	0.716438	0.93615
24	17.9922	26.201	-1.2129	1.37357	0.863807
24	15.6929	22.2429	-0.547924	-0.554465	1.125
24	26.2293	13.8811	-1.41291	-0.184575	0.832753
24	26.2583	33.7218	0.0606508	0.519753	0.82884
24	25.5158	20.58	-0.520626	0.322835	1.00967
24	27.5262	13.7621	0.38989	1.56787	0.912434
24	29.7708	11.9094	-0.318639	0.988464	0.897019
24	34.6949	25.4823	-0.59197	0.479296	1.12667
24	35.3207	21.3903	-1.45369	-0.856593	1.08324
24	0.426508	16.4216	-0.724733	0.765326	1.03485
24	6.23138	18.5867	-0.0711013	1.32208	1.24276
24	39.517	20.9318	0.180204	1.14452	1.12299
24	0.948175	18.6774	-0.938681	0.438805	0.994894
24	38.4349	19.025	-0.512661	1.64449	0.933465
24	7.196	22.2309	-0.525217	0.399245	0.951556
24	35.0736	20.0794	-0.058346	0.56201	0.841157
24	8.34553	22.0743	1.02381	1.36803	0.995835
24	10.8267	27.5974	-0.252618	1.98137	1.11281
24	9.0192	19.5119	0.615169	-1.20556	1.01335
24	7.65045	20.0727	0.489711	0.719423	0.916288
24	1.8086	31.2267	-0.654329	0.548927	1.09607
24	6.34242	19.8785	-0.663027	0.948096	1.07224
24	10.2638	19.6906	1.47812	0.105142	1.07308
24	9.67186	15.3983	0.0501558	-0.013693	0.958488
24	7.84291	21.0868	-0.696545	1.4205	1.12881
24	10.467	13.076	-1.5353	-0.38899	1.07562
24	17.1426	23.1159	-0.237625	-0.893744	1.05157
24	11.9562	27.9784	-0.532129	0.698874	1.06381
24	28.9883	10.5543	-0.364867	-1.06753	1.00464
24	25.2323	24.7931	-0.17003	1.87487	1.08725
24	20.7844	28.6688	1.00966	0.167581	0.904988
24	25.2206	18.3037	-0.480779	1.02101	0.985511
24	19.1762	24.5987	0.238266	-0.776665	1.10688
24	26.9448	27.7622	-0.559307	2.34852	0.951703
24	29.7365	22.5482	0.13088	-0.850829	0.877738
24	21.6482	35.549	0.991193	1.2079	0.973233
24	30.2428	32.9819	-1.14324	-0.880428	0.97848
24	30.4699	21.9513	-0.712153	-0.110448	0.922796
24	26.2677	22.7422	2.11849	1.39898	1.09906
24	28.924	21.6286	0.478147	0.841373	1.05922
24	30.8194	12.6315	-1.77517	0.42318	0.989231
24	22.1917	12.2935	1.3148	-0.295302	0.98957
24	33.0692	23.9098	-0.144598	-0.0728451	0.986011
24	6.49941	23.9368	-0.645445	-1.0295	0.958946
24	27.5811	22.952	1.04155	3.20959	0.952873
24	3.61283	18.4517	-0.799264	0.254055	1.01559
24	0.0240848	23.7484	-0.320443	0.0487978	1.02325
24	39.9065	18.0362	-0.662976	1.08746	1.07003
24	5.51422	34.8008	1.54452	0.669628	0.96405
24	9.04576	32.8931	0.341371	-0.769953	0.994874
24	13.9823	19.1756	0.254247	0.360253	0.940905
24	29.5002	27.4896	-0.07263	0.742735	0.859218
24	5.10301	31.3846	1.34346	-0.343152	1.11675
24	14.093	20.4203	-0.702352	0.593016	1.06379
24	9.92468	28.7013	-0.666821	-1.32186	1.03547
24	3.92165	23.9269	-0.240893	0.814947	0.904478
24	15.5549	26.0264	-0.907555	-0.316372	1.03339
24	16.656	25.5817	0.656381	-0.534672	1.00348
24	8.63791	26.6989	0.560535	-1.11605	0.85245
24	14.3484	25.5263	-0.638685	-1.11106	0.981078
24	12.3205	34.5434	-1.20902	0.157522	1.09934
24	17.7784	27.4893	0.199428	-1.37481	0.929835
24	19.6229	32.6257	1.19415	0.999358	0.973805
24	31.4386	29.5102	0.763749	0.217074	0.787326
24	18.2784	23.4685	0.799604	0.41303	0.915032
24	7.38247	14.3414	-2.01275	1.17765	1.02309
24	33.047	22.8613	0.244546	0.284202	0.985308
24	24.8853	16.6227	-0.78724	0.274811	0.882345
24	20.1107	19.5278	1.37394	-0.794221	1.06327
24	33.2495	21.5301	-0.453611	-0.0384197	1.12307
24	22.1014	33.1492	-1.82171	1.94262	1.05406
24	21.2659	21.9268	0.0173982	-0.585552	1.01469
24	30.051	26.5317	-0.189219	0.449454	0.887268
24	31.0405	25.2602	0.355396	0.468806	1.10091
24	37.1282	33.2817	-0.180232	-0.137931	0.827478
24	19.6591	28.8368	-0.566996	0.321721	1.05527
24	27.6438	18.6646	-1.24098	0.838365	1.17781
24	36.3992	21.0928	0.0366265	-0.547311	1.04039
24	1.84632	32.3692	1.27945	-1.05023	1.02947
24	4.37201	32.0125	-1.00174	-0.521795	0.839922
24	5.03005	23.4298	0.373377	0.1886	1.06345
24	16.0647	28.7924	0.597552	-0.314614	0.998966
24	9.92432	23.5385	-0.442585	0.17566	1.11453
24	5.37631	20.628	-0.596084	0.411261	1.07335
24	15.5609	15.8641	-0.603147	1.91662	0.907825
24	7.3092	28.8863	0.456772	-2.06306	1.20963
24	16.3371	35.8845	-0.695503	-0.827075	1.06437
24	39.9389	27.7393	-1.8138	-1.485	1.07832
24	18.5569	28.2862	-0.235119	0.103719	1.07419
24	13.5438	32.4516	0.798058	0.275116	1.02344
24	17.3273	33.3895	1.58701	-0.658745	1.07691
24	21.38	23.5748	-0.151559	1.25823	1.01678
24	18.6633	34.6215	-0.42637	-0.236306	0.657501
24	8.46429	29.1831	0.657091	0.674628	1.17889
24	15.3577	27.3219	1.42286	0.331393	1.09755
24	24.5464	20.1495	0.244231	-1.60229	0.987402
24	26.9479	17.9146	-0.533457	-1.046	0.922283
24	15.6937	31.65	0.0776823	-1.43985	0.935093
24	17.8311	34.7147	-0.319427	1.60596	1.01199
24	20.1139	27.7989	0.374244	-2.23311	1.00627
24	22.6612	25.3522	2.00284	1.99645	0.956657
24	30.045	35.2459	-0.403723	-0.116313	1.01182
24	27.7279	25.5072	0.0575496	0.0387388	0.968304
24	33.8042	29.4277	-1.7849	0.198595	1.00962
24	26.3676	25.2466	-0.0937478	-1.32893	1.17263
24	27.601	20.4852	0.316832	-0.439134	1.21871
24	34.0686	24.3084	-1.12324	-0.0193734	0.930227
24	7.40657	35.8931	-0.687447	-1.40761	0.991463
24	32.9386	26.649	0.868724	0.692742	0.944261
24	0.210251	26.7334	-1.12763	-0.198647	1.01251
24	3.03773	28.0742	-0.744305	-1.37846	1.04949
24	29.234	28.6379	-0.0531927	0.491442	0.898944
24	27.8455	30.7299	-0.280075	0.49246	0.876482
24	27.0316	19.5529	-2.16937	0.228603	0.887543
24	2.78551	17.8049	-0.932108	0.847222	0.897621
24	37.1667	28.1649	-1.00764	-0.0933947	1.17575
24	6.46943	21.2469	0.340047	-0.360045	0.856095
24	6.0742	2.14026	0.826604	1.26604	0.962523
24	6.19912	28.8919	-1.6472	-0.413109	0.906882
24	1.91278	35.164	1.27422	1.0986	1.04984
24	0.977943	29.8272	0.157582	2.31665	1.38703
24	0.588414	35.9587	-0.55785	1.71362	0.875627
24	8.80442	30.8041	-1.01683	0.384626	0.970964
24	22.1633	26.4329	0.993617	-0.118251	1.13538
24	5.69966	30.2212	-1.49247	0.148001	0.906234
24	7.44064	17.799	-0.0521805	-0.456798	0.96867
24	25.8111	21.5899	-0.0836249	1.97749	1.05423
24	23.8259	34.2541	-0.0412593	0.0096095	1.07609
24	14.7537	28.2238	1.06567	-0.449548	1.0294
24	21.6807	27.7298	0.840334	-0.0581977	1.08023
24	14.4499	31.6598	0.102397	1.34129	1.02093
24	22.3433	22.9122	-1.49629	0.51661	1.21767
24	21.0444	20.4408	0.159704	-0.800077	1.09072
24	26.3641	31.0481	0.651429	-0.84853	1.0895
24	28.1236	29.5072	-1.05067	-0.275764	0.995604
24	39.0103	27.1016	-1.84431	0.318491	1.05881
24	16.5684	15.3706	0.319875	0.101189	0.916603
24	28.0698	17.2182	-1.20221	1.38418	0.970595
24	0.0701568	22.0627	-0.376486	0.518862	0.902984
24	36.4236	29.2156	-0.332875	0.65194	0.988791
24	24.4108	31.8697	0.368463	0.690591	1.03647
24	38.2658	32.1089	0.628326	-0.927538	1.05155
24	36.7672	25.8685	0.313293	0.738792	0.9909
24	29.2824	33.5885	1.13653	0.807511	0.949671
24	37.4918	29.4784	-0.184723	-0.482017	0.954312
24	31.9471	20.5729	0.0991056	-0.842617	0.946967
24	0.637837	38.3161	-0.217621	0.311687	1.02262
24	8.31157	2.24293	0.904599	-0.667912	0.90491
24	7.17587	37.9558	-0.801399	1.44497	1.02804
24	35.6974	26.0392	-1.12903	0.409048	0.909534
24	10.4524	38.6705	-1.51739	0.916012	1.17336
24	13.2301	24.7664	1.77815	1.60363	1.07297
24	8.46007	25.662	-1.32618	0.0817702	1.03892
24	20.7501	0.583	-1.03473	-0.767173	1.02168
24	3.95785	20.6016	0.0945123	0.963391	0.877559
24	16.3066	32.8395	-0.657906	-0.184584	1.10314
24	15.6144	29.7298	-0.577415	-0.371853	0.953048
24	24.3911	26.7663	-0.203946	-1.02543	1.11905
24	19.9347	38.6586	0.413373	0.027621	0.948019
24	15.2104	32.9093	0.392928	1.28071	0.953359
24	25.6353	32.5034	-2.35127	0.78537	0.881806
24	18.5084	32.0565	1.03013	-0.84711	0.958569
24	23.9781	35.3903	1.36586	0.145775	0.868608
24	16.5203	34.533	0.18012	-2.28513	1.03496
24	19.1034	27.4162	-0.487344	1.74426	0.848648
24	26.9894	29.911	-1.12535	0.0722345	0.90867
24	21.5603	37.7877	0.844701	-0.264148	0.978004
24	22.4726	37.103	-1.66765	0.906446	0.972369
24	29.1532	32.2306	-0.685847	1.76211	1.04646
24	32.0963	27.5561	-0.798575	0.0490113	1.03183
24	27.6059	32.8957	-1.01655	0.767779	1.13415
24	5.6558	26.3254	0.192287	-0.66977	0.967244
24	0.898204	23.2482	-0.477182	-0.0892675	0.95787
24	39.4639	31.4941	0.433845	-0.0957669	0.683338
24	31.6013	28.4517	0.441873	-1.56903	0.917518
24	33.4683	27.6612	-0.169957	-0.593482	1.07866
24	36.7546	30.1949	0.838602	1.1922	0.912687
24	38.5946	38.1083	0.392741	-0.715721	1.01274
24	33.7223	31.3429	1.20175	-0.584716	1.23003
24	6.74357	35.0413	0.314385	-0.595619	0.984129
24	2.85323	26.9371	0.433327	0.613398	1.08388
24	0.242152	1.68349	0.00159216	0.00103013	1.08099
24	3.24453	38.2019	2.04266	1.27833	1.03715
24	39.2288	25.6106	0.300005	0.37233	0.977865
24	13.133	31.4802	-0.527358	-0.255865	0.939672
24	20.5665	24.621	0.754894	-0.0359452	1.05864
24	1.79166	26.6845	0.936214	-0.347363	0.936801
24	12.4123	33.0153	-0.531858	2.00385	1.00744
24	24.0542	25.5575	0.0516198	0.434047	1.14662
24	13.7898	27.5737	-0.94474	0.22922	1.0112
24	18.4885	33.4836	-0.0591504	-0.78117	1.03869
24	11.9561	35.9615	-0.384114	0.771868	1.16802
24	21.3178	25.5477	-0.868167	0.698493	0.935849
24	21.9036	5.42264	-1.57549	0.669859	1.0979
24	12.6028	37.1594	-0.709331	-0.425446	0.957758
24	17.355	1.33556	-0.255022	0.979125	0.754984
24	14.8771	36.2439	0.864771	2.26056	1.01529
24	19.7325	0.772379	-0.40383	-1.69298	0.954975
24	23.6497	21.8816	0.93392	0.920823	0.92256
24	27.9448	34.5491	-1.45001	-1.38515	1.07079
24	29.2279	31.1936	0.982034	0.0565776	0.986661
24	24.4024	36.7869	-1.4452	-1.06941	1.00487
24	34.6528	39.5516	1.15426	2.82832	1.13105
24	36.4074	37.8898	-1.95722	-0.722895	0.897915
24	34.0712	19.5694	0.154036	0.252184	0.970593
24	33.5855	25.5067	0.722871	0.662389	1.13756
24	34.0126	23.2904	-0.442743	0.262849	0.978948
24	0.498403	28.677	-1.08442	0.636919	0.812844
24	29.8929	29.3974	2.02645	1.4159	0.902719
24	27.1624	33.8409	2.31707	-1.40848	0.852532
24	3.39459	30.0861	1.25189	-1.60964	0.942445
24	3.99032	26.2641	0.0324879	-0.678395	1.06955
24	35.2851	33.644	-0.483613	0.223957	0.972498
24	8.3946	24.5718	0.762734	0.367481	1.04494
24	37.8326	34.8407	-0.491978	-0.645838	0.914691
24	37.7964	27.1155	0.512527	-0.142118	0.932613
24	9.43781	24.546	-0.853159	-1.00409	1.05664
24	11.6127	38.7135	0.116297	0.9116	0.955718
24	5.41164	32.606	-1.37321	2.30358	1.03439
24	7.49324	26.1933	0.889285	0.134429	1.10849
24	17.7667	30.1747	1.08018	1.75135	0.949986
24	17.1269	26.8293	0.016299	-1.34637	0.890232
24	13.3256	34.2497	0.835014	-1.50406	0.867628
24	9.57671	27.6056	0.124146	-1.40005	0.978675
24	20.1088	31.5128	-0.0429594	0.382744	1.026
24	34.7695	3.42715	-0.72387	-0.238223	1.08337
24	24.8577	35.0145	-1.03074	0.0230783	1.08619
24	20.7549	39.3752	0.835331	0.642939	1.0097
24	15.8212	37.1649	-1.22692	0.731435	1.17454
24	26.1979	35.782	-0.19914	0.365613	1.0171
24	13.0646	28.5675	1.43465	0.467035	0.964068
24	25.0949	23.0885	-0.741032	-0.361518	0.898918
24	26.6455	32.2739	1.39153	0.534678	0.918085
24	20.3035	29.6683	0.732787	0.58855	0.946318
24	28.8236	25.9868	1.72032	-1.11157	1.11065
24	33.5444	39.7033	0.199461	0.418544	1.05132
24	33.0481	20.3817	0.318902	-1.12655	1.07754
24	33.9343	18.3277	1.35035	-0.421282	1.0575
24	30.295	28.2715	-1.25437	0.204929	1.03775
24	30.3072	31.974	-0.686845	0.412167	0.935274
24	23.4627	20.1863	0.824969	0.781654	1.14903
24	0.682506	31.8272	-0.340564	-1.11153	0.875744
24	27.4336	35.8211	-1.03119	-0.936261	0.980216
24	11.1054	30.6905	-0.967929	0.0945647	0.997946
24	0.449509	34.1711	-0.531319	-1.87976	0.956637
24	3.39497	29.0321	0.681521	-0.778283	0.85566
24	11.3426	6.50855	1.03026	0.429652	0.83691
24	8.50919	36.1445	2.53434	-1.01343	1.00107
24	6.18173	25.337	2.90219	0.963649	1.0346
24	3.39788	4.15716	-0.23393	-0.939154	1.02166
24	6.77871	8.82772	0.251654	1.28136	0.92723
24	12.933	19.8309	-1.62648	-0.709067	1.07261
24	17.276	28.6496	-2.13055	0.449878	1.13526
24	10.8462	35.1938	0.278619	-1.18121	1.02498
24	14.2847	5.10672	-1.12143	-1.06862	0.957029
24	8.97244	31.8439	-0.881391	-0.909045	1.08983
24	9.7469	29.7982	-1.10729	0.955955	1.02311
24	14.3782	4.02434	1.67659	-0.522242	1.00183
24	12.1204	31.013	0.524489	0.327749	1.0354
24	11.1631	32.9305	-0.465107	1.19135	1.08902
24	28.4868	24.7388	0.368917	-0.0140197	1.06525
24	20.3258	3.24193	1.59944	1.89542	0.943208
24	16.3773	30.6648	1.07221	-0.226045	0.856898
24	38.486	29.2204	-0.497125	-0.672262	0.861361
24	29.9009	24.1524	-0.141945	-2.04089	1.00661
24	23.2474	27.066	-0.0583207	-1.03333	0.949876
24	21.7713	32.2381	-0.246867	-0.0458493	0.905565
24	35.1876	31.4919	-0.399059	-0.69791	0.974634
24	36.7262	2.01744	-0.218177	0.351148	1.06793
24	34.9634	35.9354	-0.477987	-0.75737	0.970194
24	35.4979	38.2947	-1.39442	-0.231229	0.986903
24	29.9185	25.2463	-1.47115	-0.464146	1.09479
24	27.1647	24.2857	1.56672	-0.13357	1.06057
24	38.4022	0.62443	1.17113	-0.513008	0.875089
24	39.0536	34.3734	0.782444	1.96176	1.20433
24	25.7279	37.006	0.188893	1.54583	1.09896
24	5.09265	21.6647	-0.48736	-0.176467	0.971233
24	1.69975	27.676	-0.0294483	-1.32865	0.995458
24	7.18896	38.8979	0.89331	0.680505	0.908455
24	6.98294	0.737967	0.51789	0.409721	0.897644
24	9.41805	34.4596	-1.42011	-0.220072	1.06273
24	10.0236	31.0916	-2.16001	-1.3133	1.18546
24	3.41564	35.8953	-0.481013	-1.30671	1.01109
24	5.72968	38.0959	-0.170797	-0.663077	1.04744
24	24.3911	27.9638	0.315026	0.418664	0.962787
24	34.6458	28.0013	-0.0598124	-0.484177	1.13878
24	13.8174	35.2108	0.0956822	-0.351204	1.0573
24	11.7811	29.7008	0.0266912	0.198632	1.07618
24	16.6796	29.6169	-1.12807	0.444361	1.00509
24	12.0635	31.9954	-1.47322	-0.887043	0.887721
24	17.4347	4.94569	1.49997	0.572085	0.920194
24	19.3532	3.31579	0.984838	-0.9005	1.11929
24	25.194	38.0723	-1.4702	-0.469321	0.991367
24	17.437	37.3836	1.04073	1.13119	1.092
24	29.1766	34.6385	0.459963	0.681837	0.977985
24	33.6264	37.0324	-0.289927	-1.37446	1.00606
24	23.7672	23.0012	0.072736	-1.21953	1.18814
24	27.269	28.7513	-0.209566	0.709625	1.0004
24	35.6572	30.3151	-1.5423	-0.0441681	1.07715
24	1.73874	37.762	1.49405	-1.90143	0.943983
24	20.8209	32.5711	-1.66989	0.81271	1.11295
24	25.6694	27.3333	1.4594	-0.845416	1.17036
24	27.7294	26.6832	0.182761	0.926091	1.06997
24	31.6288	33.2313	-0.164691	1.20963	0.951949
24	30.3822	17.5715	-0.234348	-1.85262	1.16375
24	33.031	33.9074	-2.30435	-0.808092	0.973649
24	34.7926	34.5974	-0.338646	0.261915	1.22913
24	2.92161	3.13999	-0.404878	1.53355	0.957514
24	35.6688	23.2816	-0.889803	-0.536671	0.831235
24	2.2278	33.5066	-0.334198	0.530206	0.86062
24	4.47437	34.9658	-0.229464	0.535357	1.09369
24	32.1361	34.3361	1.11095	0.523885	1.02364
24	29.5882	37.055	0.542228	-0.708904	1.0726
24	2.83998	31.4336	-0.639667	-0.646181	0.988589
24	0.570364	32.9116	-2.16955	0.269234	1.06477
24	8.56588	34.0678	0.791417	-1.47169	0.771194
24	11.4449	37.7488	-0.393555	1.18124	0.981508
24	6.76534	29.9476	1.01302	-0.221303	1.10792
24	24.5335	23.9525	-0.0622122	-0.63751	0.896306
24	12.6226	38.3557	-1.08592	0.271042	1.12393
24	16.7558	38.2599	0.836712	0.916565	0.996433
24	24.6987	30.308	-0.0223854	0.307751	1.25186
24	7.83459	30.1966	-0.143239	1.47792	0.946438
24	18.5915	4.12098	0.743847	-0.535606	1.00693
24	17.5617	31.1323	2.26434	0.296361	0.867159
24	31.1917	3.30204	0.978774	-1.60977	0.9394
24	25.3287	25.9684	0.697873	0.95629	1.00997
24	17.64	35.9551	-0.173214	0.354834	1.04254
24	21.4526	36.6284	0.496384	-0.835264	0.924871
24	33.7587	4.27866	-0.839224	1.36878	1.01489
24	18.4184	30.9151	0.835115	1.53779	0.834544
24	30.581	34.1708	-1.57832	-0.596271	0.920987
24	35.8421	35.4635	-2.38581	-0.508993	0.916462
24	17.3152	18.4993	0.447727	0.790344	0.999718
24	23.82	32.9908	-0.242501	-0.523784	0.962089
24	21.8096	31.2515	-0.84002	-0.964985	1.07259
24	30.6934	39.0364	0.698828	-0.940126	0.862297
24	25.9692	24.013	-1.71364	0.590382	1.04291
24	27.774	0.102126	-2.36701	-1.59659	1.04689
24	33.1865	0.721284	-0.964848	0.883284	0.829545
24	38.2835	30.2469	-1.27959	0.308146	0.964022
24	34.6845	32.6	1.31488	0.123186	1.0539
24	39.5232	29.8475	3.08589	-0.627787	1.10701
24	3.64921	1.29733	0.591663	-0.589238	0.906435
24	39.6169	37.5741	-0.377306	0.918271	0.963527
24	6.53395	27.9124	-0.291698	0.797592	1.04972
24	9.86663	35.7639	0.549509	-2.1363	0.976859
24	35.5057	27.1459	-0.89153	0.192226	0.865485
24	12.4276	3.55453	-0.905687	-0.761364	1.01793
24	8.95769	37.3557	-0.729389	-0.611471	1.09418
24	16.3809	39.2406	-1.9555	-1.54333	1.01573
24	24.3966	2.59907	0.101008	-2.01601	0.94182
24	11.0415	31.7012	0.519296	0.322708	0.928245
24	16.1906	3.53626	0.617261	0.590691	0.947174
24	19.7477	33.67	-0.0188852	-0.966432	0.970742
24	14.7745	37.5841	0.619696	-0.727773	0.958173
24	14.4586	33.8694	0.104835	0.0193813	1.05787
24	14.6342	39.9386	0.422388	0.0692664	0.999357
24	22.7492	32.0842	0.245439	0.481873	0.874998
24	24.9967	5.34766	0.103286	0.805571	0.90787
24	24.6874	39.2026	0.378566	0.620911	0.810987
24	25.1358	33.5321	0.756744	1.30686	1.31115
24	23.2673	28.4213	-0.32816	1.88058	1.07389
24	29.6891	38.5126	1.0293	-0.508731	0.984738
24	23.0699	39.2529	0.0244457	-0.370477	0.841995
24	28.3312	36.839	-0.299382	0.679422	1.07683
24	24.4647	22.2713	0.802476	-0.426057	0.754633
24	27.2331	31.5111	1.45513	0.473872	0.939505
24	30.0266	0.79156	0.0108347	-0.703809	1.00663
24	30.7041	37.5917	1.49828	-0.335894	1.06184
24	35.6101	0.13384	-1.0377	-1.51284	1.04467
24	0.532647	2.79814	-0.991041	0.452905	1.05081
24	39.325	2.36338	0.886555	0.499442	1.03991
24	5.06289	39.431	0.61524	0.432525	1.12965
24	39.6162	39.9367	0.331705	-0.594861	0.961272
24	5.82555	0.759496	-0.316553	-0.693489	1.07878
24	33.5659	32.8457	-1.34497	0.127132	0.992426
24	39.4508	32.5233	0.316827	0.0735996	1.01433
24	36.4209	31.2412	-0.216678	-0.517697	1.00942
24	4.28163	3.52914	-1.32348	0.819741	1.01909
24	1.59117	36.4796	1.04277	1.36542	1.03301
24	9.15622	39.1847	-0.46096	-0.774133	0.95529
24	3.31614	34.8618	-0.325379	0.379968	0.869293
24	11.6123	0.795603	0.322072	0.932544	0.989064
24	7.90673	39.8799	-0.426225	0.143488	1.11128
24	11.0517	34.1729	0.0546755	1.1074	0.986113
24	18.9093	39.1418	1.44699	-0.987075	1.05817
24	11.7566	5.44596	1.41853	1.63396	0.94755
24	32.4841	3.33308	-1.4098	-1.59205	1.06177
24	30.7118	1.83216	-0.481311	2.10003	1.06565
24	22.8177	37.9947	0.593888	0.134955	0.871509
24	33.5714	2.96897	0.0733821	-0.49213	1.10119
24	25.5964	39.9674	0.5543	0.617035	0.952636
24	36.6012	27.0839	0.337824	1.17925	1.06296
24	25.2218	36.0473	-1.16756	0.421148	0.95659
24	28.6523	35.5494	-0.230775	-1.6135	0.999888
24	4.26282	5.99008	1.66274	-0.0371249	1.13493
24	31.9905	35.6622	-0.356431	-0.250294	0.909899
24	24.5559	0.413305	0.337438	1.53944	0.876859
24	0.665572	37.2021	0.972526	-0.880664	0.965244
24	38.263	28.3021	-0.71947	1.45098	0.91018
24	28.5059	39.1029	-2.06118	0.124619	0.942904
24	30.9659	0.189436	0.503527	-2.00335	0.94048
24	39.9487	35.2621	-0.642652	-0.733385	1.03991
24	38.9275	35.9032	-1.65143	0.757648	1.00405
24	4.56906	9.28836	1.80112	0.826542	0.930221
24	36.8859	36.7306	-0.879662	-1.40322	1.11385
24	1.37909	2.11068	-0.0686291	1.06555	0.947616
24	10.3803	3.2663	0.66985	-0.174747	1.04578
24	7.18819	6.76502	-0.777623	0.418033	0.954146
24	4.32651	33.0885	-0.0384686	-0.288831	1.04381
24	6.00337	39.1377	-0.185569	-0.0168055	0.844592
24	13.158	2.68369	0.983158	1.67936	1.05415
24	6.73888	36.9938	-0.462415	-1.72923	0.792411
24	6.24172	31.2895	1.57036	-0.967134	1.0835
24	9.04558	0.582272	0.945522	-1.33826	1.03714
24	38.5772	23.8942	-0.260457	-1.45784	1.1377
24	13.7104	30.2894	0.653393	-0.463448	1.02658
24	9.93142	32.4188	0.431323	0.159194	1.01609
24	10.6214	5.63044	1.39233	-0.384817	1.01858
24	38.3965	1.58159	-0.180025	-1.32224	1.09509
24	6.28677	26.9263	0.622536	0.0289715	0.782251
24	15.3734	30.7084	2.01799	-0.463026	0.944361
24	12.3034	39.6634	0.609298	-1.50777	1.19502
24	32.7665	4.39815	1.7764	-1.23885	1.00351
24	23.3021	36.5188	-0.538564	1.22971	0.998294
24	33.4084	8.9274	-0.994911	1.10089	0.844767
24	17.3954	32.1237	0.129775	1.32176	1.06466
24	31.6875	37.1627	0.314159	0.768294	0.971931
24	19.8305	39.8063	0.599364	0.483029	0.9658
24	15.6864	38.4065	1.45742	0.847127	0.968445
24	36.0266	32.3567	-0.600686	1.22103	1.25072
24	34.0575	36.0402	-1.77691	-1.3904	0.876619
24	34.0998	38.6446	-0.512258	-0.173811	0.933907
24	26.0535	1.10619	-0.306843	-0.624885	1.19391
24	1.76303	38.7896	-0.276312	-0.600784	0.978201
24	31.9692	31.2588	-1.31255	0.645395	1.01452
24	2.84328	22.5831	0.556128	1.41244	1.03803
24	25.8668	39.1023	-0.596462	1.74537	0.84063
24	37.4515	30.8838	-0.723036	-0.51181	1.00818
24	35.2497	29.1425	2.18327	0.0333701	0.996256
24	2.58793	37.0164	0.632084	-0.105741	1.09528
