11	35.773	30.6466	0.0881552	1.72528	1.05287
11	33.0122	28.1162	-0.948719	-1.25749	0.947479
11	37.8769	37.7159	0.201835	-1.06805	0.939138
11	33.8775	2.6148	-0.205782	0.457409	1.25706
11	7.85105	38.6299	-1.86921	-1.23749	1.07633
11	39.019	38.3226	-0.215107	-0.233665	0.97114
11	6.58253	2.04225	-0.689052	-1.20455	1.05532
11	14.4563	10.9557	-0.73503	1.16735	1.07242
11	13.8261	2.87152	-0.203105	0.527238	1.026
11	7.78312	2.10657	-0.900761	-0.781569	0.976391
11	14.7504	36.2821	0.882546	-0.108675	1.01192
11	6.42706	3.86636	-1.10673	0.221195	1.18542
11	22.443	35.9314	-0.948713	-0.0557898	0.975637
11	24.7569	33.0044	0.383089	-0.244227	0.92656
11	12.978	29.2512	1.12962	-0.305072	0.976662
11	16.7173	37.7213	-1.35639	1.46806	0.975364
11	3.75928	32.0295	-1.46648	-0.229906	0.997112
11	12.8887	31.9567	0.0557553	0.401895	1.02598
11	23.1784	6.53709	-0.0297972	0.2282	1.24916
11	32.9936	6.32897	0.503523	-0.0164888	1.11083
11	23.6189	36.3435	1.13093	-0.232712	1.16011
11	30.0508	5.95887	-1.77411	1.47312	1.15204
11	23.1126	32.1155	-1.76089	-0.636109	1.04785
11	33.8732	3.96556	0.0527239	-1.18166	0.902038
11	31.1917	0.691421	-0.49172	-0.1915	0.795111
11	28.0334	38.2331	-0.819409	0.465629	0.931817
11	2.87073	0.465135	0.185426	-0.0533143	1.01436
11	38.3978	14.2818	1.18045	1.33901	0.94092
11	33.0784	38.9897	-0.515899	-1.04415	1.06321
11	3.75473	10.6144	-0.749471	0.232112	1.05918
11	7.193	10.8303	0.867302	0.40847	0.809015
11	9.71463	18.1567	-0.761939	-0.384178	1.01917
11	3.82953	4.76346	-0.856951	1.04518	1.03724
11	3.76333	39.7353	0.205566	-0.157273	1.06177
11	5.08271	38.0924	-0.62185	-0.625512	0.885971
11	37.8938	3.04328	-0.876758	-1.35689	1.01255
11	5.47283	9.82933	0.559583	0.760794	0.843364
11	2.12958	36.9505	0.424805	1.14806	0.977559
11	2.81236	39.3036	-0.158523	0.472488	0.965938
11	14.7483	4.28981	-1.70106	0.424765	1.04249
11	7.85013	6.81861	-0.104173	0.921183	1.05394
11	9.30657	34.4081	-0.23447	-1.21954	1.04389
11	0.402412	32.2513	-0.830953	-1.42354	0.849696
11	12.4235	3.90336	2.09957	2.44942	1.15581
11	15.7305	38.5431	1.06174	0.0728557	0.909238
11	11.147	3.64588	2.2419	0.53216	0.895328
11	9.80361	36.6304	-1.07953	-1.06942	0.92336
11	20.5059	4.51335	-0.418745	0.331728	0.976647
11	30.7604	7.00759	-1.80639	0.386586	0.960469
11	29.3056	4.65459	-0.0494893	-1.20698	1.01579
11	17.2175	1.78718	-0.411276	0.379963	0.904588
11	11.381	34.673	-0.595358	0.787168	0.905845
11	22.7833	10.6464	-0.110269	-0.55601	1.16905
11	29.7423	3.28826	-0.491661	0.264224	1.07773
11	31.5323	36.2001	0.465634	0.80489	1.05068
11	26.2755	10.3576	1.12369	-0.0895954	1.07555
11	30.8348	39.3654	-0.198378	0.899901	0.854925
11	25.2896	39.1143	-0.338282	-1.05451	0.992584
11	32.3891	0.9997	0.205086	1.75619	0.978369
11	36.4432	7.38538	-0.991861	0.0121101	1.16716
11	2.52701	1.57287	1.00952	0.933829	1.06387
11	33.386	0.108261	-1.86123	0.287111	0.994022
11	37.3518	9.82765	1.01333	2.01175	0.952121
11	7.01062	7.52113	0.405803	0.549281	1.02988
11	9.99794	2.31261	-0.895674	0.657729	0.834598
11	35.8206	36.1618	0.321821	-1.03974	1.14275
11	39.8113	0.0931034	0.818871	-1.13865	1.06822
11	37.1821	39.7179	0.159488	-0.743136	1.14714
11	14.7206	7.94059	-0.216624	0.208014	0.808892
11	35.2257	38.9566	-0.851926	-1.54708	1.09979
11	37.6301	7.38949	0.500933	-0.674661	0.957236
11	9.25363	7.56911	0.173132	-1.05782	0.945794
11	7.75027	33.9247	1.70891	0.214236	1.13334
11	10.5561	9.91875	0.34189	-0.224958	0.96705
11	3.64442	1.18571	-1.18651	0.195372	1.02799
11	4.60094	12.7486	0.304225	-0.101237	1.00098
11	8.15255	4.47898	-0.334283	0.0208471	0.924032
11	17.6652	38.244	-1.41736	0.481467	1.12374
11	17.0562	2.78779	-0.156243	0.730288	1.04784
11	18.383	8.57451	0.382804	-2.0077	0.899323
11	7.20175	4.93433	-0.321193	0.0492482	0.926327
11	32.7915	4.59278	-0.562717	1.19457	0.998632
11	25.3393	3.80022	1.77515	-0.0277376	1.00461
11	25.582	5.03294	0.308534	0.155181	1.19149
11	29.0719	0.10307	0.947557	0.729613	0.889748
11	26.1331	1.59652	1.72029	-0.813605	1.10798
11	30.9276	7.98499	1.31448	-0.966849	0.926953
11	36.6501	14.5263	0.128109	0.234811	0.987513
11	19.4152	6.15041	-0.161669	0.726673	1.03163
11	32.3767	36.9057	-0.921992	-0.377073	1.12402
11	34.0217	7.17231	0.0243655	-0.273108	0.951236
11	36.9812	6.34398	-0.13042	-0.364923	0.953273
11	25.2979	35.7079	0.292984	-0.284405	0.989545
11	4.97314	8.67777	0.71104	-1.28992	1.13406
11	5.84647	0.799208	1.49881	-1.31069	1.00139
11	38.8847	9.52009	1.09213	-1.02149	0.877926
11	3.88983	2.61476	1.1488	0.359938	0.937331
11	35.0919	35.2139	0.326234	0.368299	1.15401
11	17.7279	4.33978	-0.00908963	0.523094	1.05234
11	9.5975	9.67772	1.69701	-0.999832	0.83217
11	0.513293	3.13722	0.991217	0.650106	1.11106
11	4.11418	6.78126	0.276258	-0.972819	1.07911
11	3.29192	5.75413	0.200519	-1.36667	0.980132
11	1.48419	0.908477	0.582195	0.295622	1.17847
11	4.70202	37.263	-1.0812	0.236416	0.968647
11	3.35277	12.1172	-0.187369	-1.01411	0.910589
11	38.3792	39.8811	-0.5208	0.434441	1.2101
11	10.4853	7.0453	-0.102494	1.22392	1.02193
11	11.6059	7.28495	-0.057058	-0.466267	0.908248
11	14.7012	5.98425	1.68831	-0.897003	0.982876
11	12.6507	5.23105	-0.236497	1.03925	0.797761
11	14.221	37.494	0.868503	1.5288	1.06506
11	17.1293	34.3895	-0.291026	0.551929	0.772408
11	23.2098	8.94073	1.2498	0.249147	0.948526
11	22.8623	38.0026	1.05256	-0.0723408	0.954032
11	13.221	1.58962	0.159934	-0.336626	1.0871
11	31.3096	6.1353	1.59742	-0.281378	0.828045
11	24.2707	8.07238	-1.0141	0.886026	0.966907
11	25.5088	9.49612	-0.421091	0.159866	1.04529
11	23.3179	4.11296	0.89082	-0.503569	1.161
11	31.5687	3.19028	0.351527	0.629672	1.06128
11	26.0009	11.3777	0.312321	-1.33788	0.928709
11	34.7678	10.6389	0.835639	-0.171988	0.966148
11	29.4406	7.19619	0.815281	0.951833	1.11228
11	36.545	0.867384	0.287139	-0.0956081	1.09961
11	27.9415	7.22242	-0.190237	-0.845076	1.00023
11	36.1432	5.67408	-0.529583	-1.46321	0.939589
11	35.6637	1.81459	0.347833	1.77241	1.00976
11	0.2081	4.17453	0.267717	0.774636	0.861294
11	38.7255	11.353	-1.09925	-0.0993249	1.0142
11	35.5747	12.2436	-0.138779	-1.76129	1.03877
11	11.3495	8.31561	0.0212715	-0.149818	1.10492
11	10.6364	32.2224	-0.881442	-0.0812572	0.890209
11	38.9393	4.56715	1.36917	2.21963	1.05727
11	1.88412	12.8419	0.931094	1.06226	1.03069
11	13.373	6.34973	-1.81434	0.636399	0.950758
11	10.2517	8.44066	-0.0905842	1.54453	1.03849
11	7.22686	8.8426	1.97894	0.223972	0.983774
11	5.64706	38.8566	-0.272783	0.176554	0.904413
11	7.43095	29.5005	-0.457932	1.21556	0.875078
11	12.2057	6.43001	-0.832159	-0.102739	1.04267
11	29.6839	34.1258	-1.22735	-0.728448	0.934138
11	10.7148	1.44723	0.724073	-1.07984	1.05154
11	6.70532	30.9837	1.00792	-0.00628179	1.08291
11	12.7861	39.069	-2.21315	-0.380944	1.14691
11	31.717	4.32786	1.33925	0.0983782	1.05957
11	6.50142	0.0664922	0.119136	-0.200474	0.937754
11	24.8531	6.51195	1.43113	0.509934	0.956706
11	23.6189	0.183376	1.05847	0.678965	1.03943
11	30.8513	5.04787	-0.767141	-1.04364	1.03425
11	16.3214	39.7194	0.881393	1.61709	0.968696
11	26.4567	36.1005	-0.375921	-0.42148	0.976431
11	28.6336	1.23996	-0.799924	0.583972	0.969879
11	24.853	0.341554	1.80039	1.11422	1.0033
11	24.1453	3.32206	0.370342	-0.71484	0.988273
11	25.6637	7.062	1.04181	-1.06381	0.90043
11	27.6199	36.4963	-1.14724	-2.29684	1.08115
11	33.399	8.14732	1.37874	-0.448499	1.10996
11	35.2517	9.12992	1.54371	-0.303595	0.921734
11	26.6828	38.6889	1.14946	-2.0798	1.00798
11	24.2118	28.3659	0.323717	-0.457842	0.862318
11	20.6966	5.54772	0.958113	0.64287	0.970769
11	34.0989	6.08871	0.752933	0.32611	0.891255
11	6.77182	37.2912	1.11484	1.92148	1.10178
11	38.1415	10.22	-0.243978	2.34896	0.849497
11	39.2139	10.4086	0.613398	-0.145141	0.964389
11	0.881796	9.47682	0.622837	1.46078	1.10296
11	8.44503	10.7025	-1.11369	1.43396	1.24608
11	6.18778	5.06938	1.03122	-1.25296	0.894324
11	6.79308	5.86922	-0.708021	0.179794	1.04002
11	1.66579	6.97976	0.0363992	-0.000534341	1.05541
11	2.15129	2.54728	-0.735553	0.378582	1.00049
11	15.6266	0.73571	0.856366	-1.02413	1.04691
11	15.4643	5.10684	-0.100665	0.487413	1.02162
11	21.8478	4.83069	0.0116959	0.827581	0.944313
11	5.45476	5.70736	0.126586	-1.40281	0.894753
11	15.136	18.5588	2.45374	1.70433	1.00366
11	20.4607	15.3124	-0.61105	-1.45072	0.999687
11	17.5172	7.38144	2.47742	-0.71531	1.02454
11	3.89293	38.0018	0.452507	-0.349239	0.92108
11	20.809	7.63045	0.967612	1.11384	0.986509
11	17.0829	0.66747	-2.42237	0.460841	0.912131
11	26.5209	9.35062	1.22388	-0.470536	0.968554
11	29.5658	8.64869	0.455936	0.375438	1.0591
11	21.3639	1.27081	0.583903	-0.13176	1.07249
11	30.1971	22.9261	-2.37392	-0.716316	0.926529
11	39.2864	12.2034	0.279165	-1.05894	0.868034
11	34.5905	8.34829	0.626119	0.118122	0.960466
11	24.2767	12.6315	2.31353	-0.587643	1.13284
11	35.1049	7.39845	1.82892	0.24112	1.16335
11	25.7608	13.0756	-0.146039	-0.253013	0.833039
11	37.2808	13.2928	0.442361	-0.695108	0.759895
11	34.7825	37.2299	0.460578	-0.45722	1.16971
11	29.2369	36.2686	-0.0865461	0.786928	1.12323
11	30.1016	11.8504	-1.33534	-2.13765	1.02474
11	0.989945	5.6395	0.100472	-1.49582	1.02669
11	36.0991	9.98174	0.14792	0.559294	1.14343
11	37.8853	4.6033	0.744283	0.0102445	1.08101
11	0.272515	12.5355	0.267646	-1.37785	0.800965
11	1.83963	10.4805	0.0926445	0.387235	1.10481
11	31.7202	16.9764	-0.293079	-1.47575	1.05833
11	10.599	10.9607	1.25131	0.908849	0.922586
11	18.2397	6.59317	-1.29993	1.91611	1.08892
11	10.4475	13.7169	-0.345218	-1.07853	1.0121
11	5.13225	4.58929	1.26893	0.19663	0.92865
11	11.684	35.7059	-1.02758	-0.488392	0.94102
11	2.74871	17.553	-0.431409	0.023143	1.15832
11	9.42208	1.3455	-1.78015	-0.272883	1.08352
11	5.48637	3.57649	-0.901554	0.638457	0.819986
11	11.2962	2.50669	0.746913	-1.13524	1.10243
11	24.522	4.25006	0.453272	-1.38383	0.916297
11	23.2229	2.57636	-1.13773	-0.214879	0.998895
11	15.8433	3.18082	-0.371795	-0.0341677	1.06713
11	24.8498	2.3192	0.68534	1.41035	1.14424
11	15.9441	7.66132	-0.3542	-0.21216	1.15085
11	23.9879	9.72171	0.0909586	-0.106021	1.09502
11	28.6054	14.8287	0.189157	0.911276	0.959073
11	20.761	8.93969	0.653211	0.687264	1.03552
11	26.8742	4.91815	1.55455	-0.940263	1.1048
11	23.3517	1.56732	0.372498	-1.24128	1.02167
11	15.6673	11.4901	-2.09279	0.973526	1.02129
11	26.8491	7.03908	0.189079	1.77842	1.0764
11	32.0275	5.38082	0.495879	-1.73587	1.06753
11	38.8274	16.3682	0.842562	1.00641	0.819467
11	34.6838	14.6335	-0.98648	1.10738	0.909768
11	4.31231	3.77755	-0.112003	-0.391673	0.946268
11	34.9605	3.79197	1.03861	-1.19695	1.04509
11	36.0939	15.5012	-1.0615	0.722952	1.06482
11	26.7661	12.7317	-0.00608169	-1.2788	0.954411
11	0.0600245	11.6149	1.4114	0.772827	0.909098
11	39.1026	7.88871	1.32782	-0.775505	1.10945
11	36.84	10.915	1.93089	1.06233	1.04822
11	34.5856	12.2064	1.15851	0.289504	0.787519
11	2.19579	5.57871	-0.290822	0.582414	1.18516
11	4.29224	11.6798	0.753489	-1.63616	0.835288
11	11.6543	4.68011	0.763703	-2.05288	0.925506
11	4.23383	7.8309	2.02206	-0.546673	1.01144
11	16.1334	13.7304	-0.60613	-0.303683	0.673106
11	10.3145	5.38762	0.625198	1.03441	0.954705
11	24.2779	1.21208	-0.148055	-0.321721	0.911092
11	12.4915	7.78589	-0.48894	0.506169	0.912556
11	19.2768	7.70054	0.579106	-0.816062	1.11182
11	7.5919	3.46937	3.11131	0.841259	1.03823
11	8.78755	37.9743	-0.0377856	-0.400031	1.06344
11	19.3447	4.39766	-0.614785	0.921907	1.02967
11	20.8321	2.40116	1.37885	-2.14537	0.98664
11	14.6833	38.4636	0.134088	0.919656	1.01285
11	23.7714	38.9145	-1.01562	-1.4966	1.14892
11	21.8531	6.08213	2.31646	-0.566645	1.04911
11	17.8685	19.5039	0.0620998	0.257503	1.0118
11	33.469	10.601	-0.24613	0.503772	0.868632
11	19.9211	13.4615	-0.156302	-0.104181	1.11363
11	34.2144	9.57411	-0.693238	0.486987	1.00124
11	35.6537	6.49632	1.47407	0.264436	0.903026
11	31.2307	9.24434	-0.88433	0.369811	0.92553
11	37.087	15.8047	-0.24895	2.00459	0.903086
11	37.9205	5.77172	-1.42274	-0.0361931	1.00988
11	3.2156	36.5283	-0.503289	-1.37262	1.08114
11	36.3041	13.5002	0.163408	0.532084	0.922249
11	33.5455	12.0165	-0.618326	-1.73788	1.03284
11	37.0754	8.29193	-1.29029	-0.946599	0.762293
11	34.8464	16.2317	0.438699	1.45248	0.985325
11	36.876	2.05275	1.68299	0.250272	1.14603
11	7.86578	37.2828	0.783842	0.088766	0.998413
11	5.8923	24.1671	-1.14722	-0.96288	0.760413
11	32.1001	19.839	1.43269	1.27533	1.01886
11	8.27532	7.99154	1.19665	1.66895	1.03306
11	6.8207	15.0824	0.135139	-0.273441	1.19345
11	8.877	15.6743	-3.04677	-0.795639	0.845594
11	11.832	11.0157	-0.0976257	-0.381061	1.15656
11	14.8333	2.63978	-0.699735	-1.2409	1.02494
11	13.0852	8.81191	0.301368	0.618546	0.919059
11	9.64996	10.602	1.08419	-0.608388	0.997357
11	6.13778	9.03239	-0.523464	-0.628584	1.11297
11	12.9558	14.4272	-1.61304	0.904866	0.997899
11	13.5279	7.69479	0.724747	-0.348957	1.16777
11	16.4858	4.55542	0.902539	1.20883	1.12769
11	15.3041	9.11318	-0.140446	-1.47845	0.946353
11	14.1836	6.78131	0.288893	-0.862486	0.795489
11	15.276	39.5332	-1.35968	-0.508241	1.07558
11	22.5748	0.775072	1.7478	-1.84619	1.01272
11	26.0069	6.09203	0.927285	-1.73712	1.04431
11	23.9643	11.1112	-0.280825	-0.571302	0.956197
11	19.4172	8.72737	0.242648	-0.225912	0.887342
11	31.8406	7.72073	0.858099	-1.06924	1.03889
11	31.4184	10.2668	0.66182	0.893526	0.941107
11	21.232	16.7048	0.0739314	1.54533	1.01289
11	36.1757	8.61213	-0.209396	0.743148	1.05199
11	33.8362	15.6003	0.0875046	0.170491	1.01602
11	28.5996	8.16448	0.424224	2.79661	0.948893
11	20.1617	17.4138	-0.911532	1.0372	1.02732
11	32.5136	11.3194	0.798659	0.286541	1.10272
11	34.8403	17.7895	0.871966	-0.308028	1.07192
11	35.0823	13.3156	1.25722	0.760198	1.04503
11	2.16735	18.5396	1.21749	1.52991	1.08444
11	39.8411	8.71434	-0.558243	-0.0863767	1.14986
11	38.9009	13.2674	-1.21544	1.28829	1.04132
11	3.36131	20.7138	-1.64333	-0.754226	0.88976
11	5.26045	39.7311	0.418025	0.0502176	0.871631
11	6.00193	16.7277	1.20018	-1.7587	0.886968
11	36.482	17.0709	0.242594	0.212691	1.14447
11	37.0367	20.6194	0.0230342	0.21102	0.881165
11	9.3255	14.5847	-1.24649	-0.0360414	1.05497
11	9.8264	11.8686	-1.15455	-0.516133	1.05417
11	37.7174	12.0669	-0.357971	-0.189747	1.23637
11	12.9865	10.9684	1.08515	-0.615586	1.05645
11	14.1278	0.51268	-0.452362	0.263765	1.00559
11	18.7613	13.4778	-0.422773	-0.111348	1.00416
11	19.0517	9.70477	-0.401303	0.413639	1.03635
11	13.6576	4.22014	1.263	0.58223	0.900822
11	16.9639	10.2748	0.338778	0.139242	0.851813
11	18.0078	10.1713	-0.741007	1.24847	0.941289
11	28.1956	4.92665	-1.51329	-0.306354	0.988242
11	22.2928	17.1095	1.53701	0.226263	0.929338
11	20.8101	10.2676	0.187907	1.06898	0.825775
11	24.422	5.47447	-1.03094	0.013138	1.06464
11	16.2456	20.113	1.06045	0.0799192	0.849349
11	17.8548	12.873	-0.789459	1.08828	1.02638
11	24.8426	11.6972	0.39986	1.37051	0.931546
11	28.3729	9.20112	1.26873	-1.32474	0.966834
11	36.6043	12.1693	0.390446	0.643576	0.967442
11	12.2714	21.372	2.3841	-0.995687	1.02745
11	38.0149	8.69977	0.178509	-0.752726	1.09178
11	28.9789	17	-0.107972	0.272681	0.931271
11	26.2637	7.89795	0.306799	-0.334483	1.01681
11	39.9772	19.6835	-1.06186	0.772203	1.02293
11	32.5051	20.9511	0.0326912	-2.08319	1.06715
11	31.632	14.4589	0.363899	-0.0536549	1.14209
11	29.5419	12.9081	-0.705243	-1.06402	1.09635
11	31.2639	11.3311	-0.193071	-1.03051	0.962484
11	2.7191	11.2833	1.44129	-1.51656	1.04991
11	9.25759	8.6537	1.41231	0.42618	0.962727
11	0.38928	16.9814	-0.0233542	0.884049	0.92501
11	2.25145	15.2154	-1.05335	-0.0817186	0.918988
11	3.55358	8.79247	0.046269	-1.27427	1.03274
11	13.2092	16.503	-1.49301	0.194343	1.00286
11	39.1906	22.8636	-0.964768	-0.330616	0.740997
11	14.193	8.98358	0.402349	1.11342	1.08731
11	16.0905	6.0937	1.43416	-0.32581	0.975299
11	8.57584	17.874	0.990458	-1.55251	0.958491
11	25.3383	8.43014	1.99323	-1.23464	0.973967
11	19.8916	3.43416	-1.0057	0.157966	1.03814
11	15.6458	2.00525	-1.8464	0.448187	1.06302
11	11.5986	9.87039	0.150777	-0.595561	0.97514
11	21.2706	11.3056	-0.341075	0.257796	0.868623
11	21.7385	10.5709	0.276646	-1.21507	0.801815
11	27.9735	12.6775	1.18338	1.73313	1.12179
11	32.3715	8.97636	-0.741122	0.297047	1.01218
11	22.3974	16.0051	-0.174208	1.10184	0.91505
11	27.6185	10.0811	-0.457251	-0.731118	1.16069
11	28.3338	11.1295	-0.0175154	-1.09325	1.06095
11	21.7309	23.0465	-1.65177	-0.0164061	1.00343
11	32.9471	14.929	0.114851	0.939405	0.857313
11	27.2921	13.5601	-1.02378	0.608061	0.944168
11	35.2486	26.9478	0.631006	-1.51413	0.847043
11	38.7642	6.67175	-1.21907	-0.597231	1.05344
11	18.8586	19.222	0.200443	-1.69035	1.03559
11	27.0431	11.5712	-1.28035	-0.258959	1.01471
11	18.4187	20.4414	0.0756189	0.526667	1.09554
11	35.8035	11.1912	-0.368356	0.485695	0.984209
11	30.7972	13.3695	-0.399966	-0.38884	1.13311
11	32.6794	16.264	-0.482076	-1.59603	1.04724
11	0.252311	10.5454	-0.307608	-0.0819994	0.89063
11	33.3166	13.0525	-0.587341	1.58746	1.02345
11	1.03985	11.8102	0.844589	0.274084	0.944736
11	5.18006	11.8123	-1.14127	1.51603	0.868835
11	2.59667	25.4586	0.0438489	0.866788	1.02386
11	4.86842	10.8992	-0.214091	-0.833183	0.937678
11	6.28506	12.2437	1.18189	0.162605	1.05503
11	15.3113	10.1997	-1.21435	0.387194	1.10561
11	2.93414	7.55462	-0.803878	1.27497	1.09762
11	21.4017	15.659	0.0544581	1.18519	1.06175
11	12.625	12.1707	0.61213	0.0763599	1.19522
11	18.1675	2.21679	-0.160768	1.13684	1.03169
11	16.7679	11.3719	0.984381	-0.281589	1.04318
11	21.8983	2.30532	1.24812	0.0898835	0.918605
11	27.3092	8.65862	-0.201575	0.782952	1.08889
11	22.3583	18.4951	-1.45847	1.60902	1.07294
11	18.9041	12.3305	0.0342404	-0.0401546	1.13561
11	14.8983	21.0157	-0.0428199	-0.934022	1.09488
11	17.2228	6.34107	-0.126084	-0.991555	1.01055
11	20.0318	11.5882	0.847979	-0.527558	0.915896
11	20.7687	12.5648	0.372781	0.666328	0.929554
11	24.8132	15.0579	0.36541	0.440031	0.955324
11	18.5119	11.2262	1.80026	-0.259351	1.00405
11	19.3398	15.4085	-0.848004	-0.30476	1.01627
11	28.6904	6.26651	1.71682	0.752746	1.04402
11	29.6367	1.459	-1.62798	-0.684965	0.978351
11	22.5034	13.5227	-2.5449	-1.43909	1.1435
11	35.3566	20.0681	-0.645684	0.230455	0.902288
11	33.7608	14.0437	-1.32289	1.55124	0.94688
11	31.4794	30.4424	1.22817	1.44287	0.956562
11	38.0526	15.3491	-0.493088	1.39621	1.01331
11	1.31504	8.61381	-0.745082	0.500184	0.838978
11	1.17164	14.8073	0.628469	0.59673	0.986992
11	12.514	13.3518	0.525875	0.881892	1.08988
11	39.1782	23.9193	0.00354782	0.0648944	1.0452
11	39.5919	2.20446	-1.20602	-0.843137	1.03366
11	4.12305	13.6363	-0.799013	0.944245	0.978294
11	0.698618	7.39253	0.774533	0.954182	0.855219
11	11.1976	23.6818	0.897506	0.966885	0.977043
11	10.484	14.8505	0.382716	0.317467	0.90702
11	4.39932	15.1089	-2.18299	0.71827	0.940533
11	15.8847	19.1744	-0.355246	-0.437013	0.926766
11	37.0507	22.5833	-0.210048	0.657482	1.03652
11	11.5334	13.4771	-0.548624	0.747237	0.894836
11	11.2046	22.4443	0.501258	0.0379689	1.05904
11	19.2006	18.0319	-0.951439	0.61685	0.935742
11	14.776	14.2244	-0.829018	0.876355	1.13504
11	9.87233	19.2688	-0.85179	0.789829	1.1254
11	18.7975	5.31604	0.0989718	-1.62841	0.99045
11	13.9143	12.1125	-0.539336	1.66574	1.08772
11	13.7597	13.3754	-0.668961	0.611159	1.02303
11	21.4285	17.7112	1.95779	1.3155	1.0591
11	20.4358	21.4323	-0.958767	-0.856127	1.03903
11	23.2034	23.6111	0.498696	-1.62903	0.900031
11	25.914	16.2921	1.02636	0.599596	0.813238
11	29.1169	9.96438	-0.089706	-0.989667	1.16658
11	32.4824	10.1736	0.963562	1.37782	1.00623
11	28.7661	19.4545	-0.160785	0.204818	1.06807
11	30.152	17.063	-0.997426	-1.93594	1.11145
11	27.4557	6.0237	0.23077	-0.383964	1.24022
11	27.1335	21.1529	1.0659	0.141376	0.938252
11	33.4094	22.7764	-1.03298	-0.26836	0.85336
11	35.2602	21.1049	0.723937	-0.908968	0.969076
11	30.3171	10.3486	1.54776	-0.513237	0.990007
11	32.0897	13.2777	2.21584	0.341524	0.941548
11	38.1484	22.6224	0.402429	0.318469	1.05686
11	35.9175	18.0483	0.106286	0.481403	0.982775
11	5.45612	13.3958	-0.222804	0.804334	0.933066
11	3.09536	13.1045	0.112489	0.338024	0.929152
11	9.55236	23.2981	1.18964	-1.04524	1.01498
11	18.4552	16.0159	-0.883019	0.983541	0.955528
11	2.88847	10.0813	-0.945584	-0.732815	0.960927
11	4.87222	20.9563	-0.110327	-1.05263	0.934051
11	8.13621	24.8588	-0.459444	-0.5146	1.20842
11	2.36616	8.63517	-0.000923845	-0.491448	1.1588
11	17.5133	25.7134	1.19526	-1.01685	1.08392
11	10.9367	15.9445	-1.12442	1.68342	1.18565
11	13.0042	20.2108	0.641445	-0.00402541	0.940922
11	6.76668	9.87527	-0.0546625	1.35894	1.11355
11	16.7351	12.538	1.26369	-0.23989	0.965002
11	20.5554	14.3851	0.97808	-0.745925	0.8697
11	15.428	15.4829	0.0959044	-0.946953	1.04
11	7.91974	15.8946	1.72708	-0.891425	1.00709
11	17.042	15.2214	-0.757254	1.50754	0.998425
11	16.2319	14.4908	0.415798	0.61774	0.841373
11	26.1275	15.085	0.2723	0.914244	1.20383
11	13.001	19.0844	0.524529	-1.01733	1.14444
11	25.3602	17.5489	-0.184488	-0.625	1.08821
11	21.9326	14.5262	0.295753	0.402289	0.995824
11	30.6303	14.8087	-0.050805	-0.269442	0.991229
11	30.158	29.4954	-1.77646	-0.938908	0.94135
11	26.2247	18.1703	1.44991	0.890243	0.847731
11	20.3906	19.8443	-0.26481	-0.461295	1.0312
11	26.0267	19.3886	-0.615593	1.41282	1.05868
11	23.3565	21.0845	-0.817755	0.942984	1.05182
11	36.8445	18.5937	-0.604146	0.526813	1.02989
11	31.5538	12.1718	0.315713	0.243435	0.846784
11	28.0574	20.2013	-0.842487	0.35281	0.841041
11	31.0337	18.1577	0.954135	0.592521	0.971308
11	7.67243	18.4927	-1.24225	-0.109365	1.06054
11	1.36087	17.6799	-0.0305456	-1.37435	1.12303
11	7.3245	12.7907	0.23326	-1.54042	0.804941
11	4.71931	26.3658	0.339303	0.111669	1.13072
11	4.49662	9.75061	0.269059	0.00389031	0.918083
11	5.28868	24.9368	-1.97173	0.0632889	1.08595
11	39.1432	20.5107	0.252836	1.3605	1.08921
11	7.68967	20.526	0.305522	-2.214	0.936757
11	17.8938	14.6136	0.0732659	1.16027	1.04198
11	10.2516	17.2416	0.538309	0.661876	0.93557
11	1.56817	23.1234	0.0380142	0.124987	0.915052
11	16.8625	23.7139	0.82785	-1.76621	1.06008
11	9.82806	20.5239	0.0185802	-1.27903	1.02637
11	20.0096	16.391	-0.253505	-0.0734234	1.03045
11	14.6638	17.5663	0.510617	0.0532855	0.77209
11	19.3253	21.3922	1.23237	2.06454	1.0087
11	17.5617	22.9244	-0.263344	-0.522985	0.85614
11	17.3043	29.5087	-0.21008	0.874047	0.922624
11	11.9462	1.23626	-0.274306	-0.255227	1.19487
11	26.3388	13.7208	1.07923	0.308161	0.9413
11	24.8866	16.4322	0.277595	0.821214	1.02689
11	13.8434	24.0899	0.600199	0.543568	0.993518
11	19.8359	10.4863	0.627473	0.0462771	0.978877
11	27.2751	14.7569	1.16726	-0.470901	1.11033
11	28.8471	20.8058	0.341705	-0.869532	0.892199
11	33.7924	18.2231	-0.546227	0.63998	0.969363
11	35.6345	14.5152	-0.19968	0.221037	0.895891
11	33.7334	16.7892	0.676509	-1.2259	1.01983
11	16.7988	17.4835	-1.36048	-0.776482	0.951229
11	27.9229	18.5445	-0.354994	0.815776	0.914439
11	32.0264	18.753	0.329082	0.191179	1.06388
11	34.5137	19.1558	-0.605226	0.588556	1.09131
11	29.2862	15.914	0.564332	1.10146	1.15311
11	34.3919	20.2774	-0.0774726	-0.513875	1.05816
11	5.78761	7.68028	-0.717556	-0.664979	1.20479
11	6.16535	11.0234	-0.874537	1.04637	1.01035
11	39.3157	14.5471	-1.10796	-0.0427082	0.908373
11	1.14502	24.2523	-0.308269	-1.10197	1.04845
11	12.6335	26.5459	1.54928	0.911354	0.996292
11	7.16895	19.5082	0.689238	0.0194493	1.02373
11	15.1168	12.9179	1.52405	-1.67456	1.17466
11	8.76741	12.3661	0.574901	0.684748	1.11695
11	7.49249	21.9007	1.09363	-0.507357	1.10914
11	24.2306	17.6485	0.839991	0.45698	0.863419
11	19.523	20.2815	-0.674934	-0.760208	0.843172
11	4.59075	19.0527	-1.23125	-0.736269	1.10267
11	8.03257	9.56143	-1.09367	1.56981	0.931626
11	15.5023	22.1384	-0.20611	-1.68431	0.934155
11	24.96	14.098	-0.0260162	-0.29267	0.893692
11	23.3445	16.7371	-0.784691	-0.0734268	0.973185
11	3.35452	18.5977	0.76081	-0.795639	0.999162
11	8.95354	31.3695	0.04941	-1.68484	1.03764
11	12.2016	19.8692	0.0525555	-0.475243	0.711965
11	22.9936	12.0088	-1.18669	-0.677325	1.14118
11	28.5565	27.0253	-1.49448	-1.38033	1.05785
11	11.8956	14.2376	0.144242	0.542599	0.831106
11	28.9308	12.0553	-0.0751131	0.493076	0.888759
11	35.5419	19.0836	-0.22668	0.0797988	1.00896
11	23.5807	30.6025	-0.979669	-1.22924	0.93635
11	26.8498	16.2059	0.312304	-2.48663	0.968958
11	32.1497	26.0618	0.861309	1.59845	1.09966
11	33.4388	26.8983	-0.393418	0.014821	0.890092
11	31.1582	20.5696	-0.326173	0.256384	0.901392
11	36.442	19.6928	-0.783564	0.394565	1.00766
11	32.237	22.9589	-0.215027	0.345537	0.967808
11	32.4537	24.7428	1.42613	-1.00858	0.977735
11	38.8257	21.5812	-0.58512	-1.51695	0.994967
11	34.2785	25.8093	0.0408766	0.312659	0.995407
11	1.94609	13.9211	-0.55238	1.44304	0.951372
11	36.5333	25.8424	-0.667158	-0.758649	1.15396
11	3.34945	14.307	-1.35545	0.391817	0.933548
11	1.01333	19.0483	0.546556	0.397581	1.12214
11	14.3248	16.6245	-0.0391317	-1.42218	1.0442
11	8.64721	19.9789	0.899154	-0.193892	1.02204
11	9.28281	25.5014	-0.136333	0.119174	1.10016
11	11.4823	26.317	0.944913	1.20097	0.92516
11	38.2423	34.219	1.76977	1.36419	1.01689
11	16.4345	8.65492	0.475675	0.585427	0.98146
11	33.2315	19.9284	-0.213991	0.589954	1.14381
11	14.144	20.0656	-0.0298398	-0.279559	1.1643
11	12.4841	25.324	0.0908978	-1.26331	1.16649
11	20.5961	18.6099	0.466786	0.91814	1.12889
11	18.4692	23.5421	2.0114	0.571423	1.02822
11	12.84	15.6101	-0.907417	0.591712	0.882712
11	20.2044	23.4202	-0.667415	-1.82441	1.12953
11	21.434	13.6693	-0.139144	0.00722014	0.881478
11	17.1	18.8195	-0.421707	0.729547	0.929907
11	17.166	16.196	0.0679047	-0.528099	0.938823
11	22.4787	7.96951	0.0441384	0.233102	1.12928
11	23.3765	14.3048	0.36521	-0.017894	1.08029
11	35.3097	22.6142	-0.0263661	-0.0760963	1.14049
11	25.2562	27.5779	0.0952111	-0.319181	1.09221
11	38.5468	26.8355	0.669747	0.281663	1.00816
11	28.9576	17.9514	1.48836	-1.59841	0.884985
11	28.0637	16.4281	1.65702	-0.553985	1.04706
11	29.6848	18.7541	-0.72303	0.203315	0.856262
11	23.6996	19.8182	-0.64597	-1.66509	1.07152
11	35.3265	26.0058	-0.251484	-0.398699	1.08441
11	31.1083	21.6052	1.10362	0.506349	0.909356
11	37.8592	16.5376	-0.449395	-0.558136	0.944952
11	37.9163	18.9733	-1.77148	-0.593129	1.0482
11	0.429689	22.0972	0.80957	0.198983	0.983681
11	1.52384	21.5658	0.60373	-0.810547	1.18314
11	4.29657	16.1118	-0.897482	-1.01892	1.06702
11	3.53666	16.8309	-0.620533	0.636064	0.824006
11	12.0962	23.0731	-1.11375	1.4407	1.15925
11	10.3986	25.6952	-0.746512	-0.190622	0.983577
11	5.68413	23.2051	0.0896498	1.03778	1.06133
11	13.8264	23.0824	-0.194561	0.608824	0.917036
11	12.3592	17.5726	0.913947	-0.639353	1.135
11	9.82178	21.8828	0.511582	-0.00529439	1.104
11	11.1304	21.1054	-1.69835	0.95431	1.09227
11	20.1763	25.0876	-0.426962	-0.225157	0.882439
11	17.1006	20.7036	-1.49267	-0.412235	1.0202
11	20.0331	29.152	-0.988252	0.713244	1.12081
11	18.5483	22.197	0.0360667	1.2964	1.12655
11	27.6946	22.8773	1.67367	0.675778	0.941696
11	22.2863	34.7366	-1.01325	1.33365	1.06539
11	15.5393	17.4911	-0.415442	-0.515682	0.873462
11	19.6895	22.2386	1.35119	0.49656	0.929709
11	16.0062	34.2936	-1.20062	-0.175627	0.93615
11	19.4123	24.3757	0.899981	-0.476845	0.863807
11	16.1543	21.1604	0.92739	1.28477	1.125
11	23.7604	15.2215	-0.50919	0.412268	0.832753
11	28.0069	29.4557	-0.391824	-1.52359	0.82884
11	26.9967	19.9077	0.813205	0.067947	1.00967
11	26.6051	17.1992	0.791448	-0.969834	0.912434
11	31.154	15.7152	1.04424	1.20607	0.897019
11	35.6048	28.3188	-0.0836484	0.797021	1.12667
11	36.4192	21.576	-1.41852	-0.776497	1.08324
11	0.886458	13.3386	0.169066	-0.0295489	1.03485
11	7.33335	17.0945	0.162382	0.205478	1.24276
11	37.6562	17.6548	0.043398	-0.102004	1.12299
11	1.1005	16.1645	0.845649	0.655502	0.994894
11	39.2266	15.5619	0.10826	-0.54417	0.933465
11	5.32696	21.913	-0.0970993	2.39177	0.951556
11	36.1232	20.5522	-2.94718	0.6893	0.841157
11	8.83224	22.4276	0.258683	0.0382035	0.995835
11	11.3983	24.8505	1.27579	0.723066	1.11281
11	8.70948	21.1478	0.421568	1.0282	1.01335
11	6.08173	18.6208	2.71925	-0.291947	0.916288
11	1.47039	31.9399	1.5369	0.894646	1.09607
11	5.84918	19.6954	1.97125	0.337133	1.07224
11	11.8502	18.6515	-1.463	-1.07737	1.07308
11	12.0778	16.4838	0.657533	0.0962979	0.958488
11	6.26185	21.0173	0.112787	-0.349142	1.12881
11	9.23645	16.7155	0.746223	0.049473	1.07562
11	21.5132	21.3991	0.692196	-0.374287	1.05157
11	14.5075	22.1973	-1.75501	-0.012445	1.06381
11	25.2528	10.7033	-0.269331	-0.208389	1.00464
11	25.3734	26.3104	1.22774	-1.23449	1.08725
11	20.9352	27.6371	-0.016375	0.337074	0.904988
11	23.75	18.5241	-0.266683	0.0645852	0.985511
11	21.1644	24.0574	0.311457	0.474299	1.10688
11	27.23	27.2471	0.0155079	1.2359	0.951703
11	28.0569	21.5162	-0.875339	0.526808	0.877738
11	26.06	33.5474	-0.968744	0.0324966	0.973233
11	28.3313	30.5984	0.443625	-1.77023	0.97848
11	31.2467	22.9988	0.289246	-0.021015	0.922796
11	26.3111	24.9268	-0.454904	-0.722584	1.09906
11	26.9412	23.5948	0.635248	-0.816561	1.05922
11	32.7611	17.4219	-0.881254	-1.49522	0.989231
11	21.9322	12.5679	1.11196	0.619632	0.98957
11	37.8561	23.9211	-1.46725	-0.576525	0.986011
11	4.50745	22.645	-2.09742	1.29245	0.958946
11	28.8911	22.9263	-0.984554	1.21449	0.952873
11	2.18041	16.5691	-2.85029	-0.0622939	1.01559
11	37.7366	25.8059	1.386	1.94546	1.02325
11	0.301084	15.3408	-0.557442	0.37964	1.07003
11	4.60778	33.2296	0.562256	-0.0257949	0.96405
11	11.2294	33.2041	-0.456041	-0.681951	0.994874
11	13.8795	21.0706	-0.354702	0.175313	0.940905
11	34.358	26.9655	0.093064	-0.463706	0.859218
11	5.47054	27.6286	0.211592	-0.456951	1.11675
11	13.5387	17.6957	1.08937	0.663984	1.06379
11	9.54658	28.096	0.396638	1.20311	1.03547
11	2.89393	21.5676	0.897857	-0.381841	0.904478
11	14.7115	24.8927	-0.106276	-1.23813	1.03339
11	19.0295	25.6129	0.805953	-0.247212	1.00348
11	8.71236	27.2265	1.71113	1.00945	0.85245
11	17.4433	24.6628	-0.0473254	-1.31594	0.981078
11	12.966	35.655	-0.175286	-0.662356	1.09934
11	15.8769	24.1841	-0.0506144	1.52883	0.929835
11	20.0107	31.6714	1.35382	-0.209525	0.973805
11	31.3781	27.1844	0.318342	2.37483	0.787326
11	18.4636	24.6122	0.929888	-1.01243	0.915032
11	10.8064	18.1356	0.560451	1.19437	1.02309
11	35.2749	23.745	-1.47817	1.26113	0.985308
11	24.7999	18.669	-0.731102	0.00402453	0.882345
11	21.5094	19.4667	-2.8473	-1.65028	1.06327
11	37.733	21.454	-0.0673195	0.74208	1.12307
11	21.8987	32.2833	-0.255628	-1.38299	1.05406
11	25.8946	20.4069	-0.47021	-0.380875	1.01469
11	30.9792	26.2487	-0.444412	0.715876	0.887268
11	31.6563	23.91	-0.442624	-0.641879	1.10091
11	36.4846	33.6196	-0.00889073	0.163447	0.827478
11	21.2324	30.1239	-0.661277	-0.391696	1.05527
11	30.9038	19.2919	0.885104	-0.325608	1.17781
11	37.9967	20.269	0.717796	0.639712	1.04039
11	6.09427	33.6483	-1.27381	0.0687399	1.02947
11	3.78232	28.7907	1.47088	2.33528	0.839922
11	2.74698	19.5581	0.166989	0.379832	1.06345
11	13.6258	25.2204	0.711117	1.57404	0.998966
11	8.19565	23.2643	0.435172	1.30109	1.11453
11	4.02471	21.4835	-0.533566	0.441809	1.07335
11	17.1688	13.7866	-0.330779	0.917455	0.907825
11	5.53971	28.9655	-1.45	-0.0278365	1.20963
11	17.1128	33.1437	1.3174	0.626332	1.06437
11	4.27941	27.6836	-0.117256	0.0430543	1.07832
11	15.4637	25.6861	0.957577	0.563128	1.07419
11	15.1262	31.4687	-0.604232	-0.835586	1.02344
11	18.6339	31.1522	0.101011	0.314478	1.07691
11	22.651	21.7589	0.0620003	-0.987366	1.01678
11	17.9791	33.0892	1.56647	0.171684	0.657501
11	9.3704	29.5496	-0.42688	0.418565	1.17889
11	13.8045	26.4549	1.22119	-0.354609	1.09755
11	25.006	19.6901	1.13206	0.262837	0.987402
11	24.5611	20.5443	-0.187989	-0.385595	0.922283
11	18.3592	29.6507	0.738096	-0.369404	0.935093
11	17.7941	32.2138	0.0262163	-1.62846	1.01199
11	19.5188	28.1524	0.895747	-0.847619	1.00627
11	22.666	26.9251	-0.620563	0.762435	0.956657
11	32.9435	32.4342	-0.962241	0.214443	1.01182
11	29.6402	27.4591	-0.722133	-1.59915	0.968304
11	39.9115	31.1171	-0.834	0.696669	1.00962
11	24.221	26.1574	2.26738	0.638179	1.17263
11	26.4349	22.3298	0.792703	1.18261	1.21871
11	33.4039	23.9705	2.26533	-0.855291	0.930227
11	8.46953	36.4962	1.76591	0.835117	0.991463
11	35.6584	29.4429	-1.45685	0.23549	0.944261
11	2.12895	23.8693	-0.563131	0.0116868	1.01251
11	4.05323	25.4147	1.90117	-0.797631	1.04949
11	30.6126	27.8464	0.361558	0.188626	0.898944
11	32.5102	27.3223	-0.45348	-0.487879	0.876482
11	29.9631	20.0562	0.223544	-1.7825	0.887543
11	5.05953	14.3661	-0.193014	1.09016	0.897621
11	1.89943	26.3455	0.67492	1.40691	1.17575
11	3.74752	19.8018	-0.813081	0.716203	0.856095
11	3.01863	38.4189	0.217477	0.0535661	0.962523
11	7.29528	28.207	0.0325259	-1.41541	0.906882
11	39.4917	33.7743	0.756281	1.25032	1.04984
11	2.38361	33.2772	0.166191	-0.21855	1.38703
11	2.49253	32.0189	-1.09268	-0.918449	0.875627
11	10.2581	33.7877	0.00619106	0.276943	0.970964
11	21.8246	26.3379	-0.92619	-0.918234	1.13538
11	8.68426	32.7424	-0.477573	-1.10527	0.906234
11	8.71596	18.8565	-0.508129	-0.208632	0.96867
11	25.0408	24.8914	0.826853	0.505731	1.05423
11	24.3485	32.0031	-0.00488926	-0.0259138	1.07609
11	16.4676	27.9419	-0.543489	1.96905	1.0294
11	20.4003	26.6752	-0.021908	-0.31661	1.08023
11	16.3252	30.1602	-0.00380712	0.444734	1.02093
11	25.7689	23.8477	0.38727	-0.850794	1.21767
11	24.3539	21.8244	-1.73714	0.209249	1.09072
11	25.6342	28.9596	-0.239877	2.12323	1.0895
11	29.6719	28.5716	-1.18964	0.61586	0.995604
11	1.72609	28.3948	-0.51371	-0.156423	1.05881
11	16.0156	16.5433	-0.0235057	-0.276424	0.916603
11	29.7135	21.1886	0.00809143	0.843109	0.970595
11	0.406881	20.6779	2.67649	1.16001	0.902984
11	39.0474	28.689	-1.30744	-0.790725	0.988791
11	24.9527	29.8393	-0.298159	0.190528	1.03647
11	38.6643	32.8651	1.57326	-0.284818	1.05155
11	39.8396	24.8968	-0.759249	-0.635879	0.9909
11	27.0083	29.8058	-0.308574	1.08397	0.949671
11	2.70562	27.2873	-2.2396	1.09121	0.954312
11	33.0395	21.9568	-0.133212	-0.392267	0.946967
11	39.7338	36.7593	-1.55042	-0.740826	1.02262
11	4.65903	0.418628	1.81959	-0.291524	0.90491
11	6.68016	32.3626	0.273983	1.81504	1.02804
11	36.8485	27.946	0.388202	-0.417521	0.909534
11	11.7546	38.0357	1.31881	0.99509	1.17336
11	12.7277	24.0571	1.66643	3.05923	1.07297
11	7.25329	25.656	0.0775756	-0.0730884	1.03892
11	21.5163	37.5237	0.216151	0.5291	1.02168
11	5.72399	17.7272	1.34105	-0.56925	0.877559
11	17.874	28.5175	0.496229	2.553	1.10314
11	13.9377	27.5487	-0.537924	-0.0131187	0.953048
11	23.6945	29.4435	-1.21659	0.693629	1.11905
11	19.4157	34.3512	0.440806	1.71135	0.948019
11	17.342	30.8581	-0.80841	1.9779	0.953359
11	25.0105	34.0637	-1.37726	0.526753	0.881806
11	19.6788	33.2349	0.521457	0.0483425	0.958569
11	22.9863	33.2143	-1.20738	0.0503757	0.868608
11	16.2708	31.9371	1.12247	-0.00720308	1.03496
11	17.9176	26.7714	0.893718	1.02777	0.848648
11	26.7222	31.7234	-1.21836	-0.556194	0.90867
11	27.3144	33.445	-0.483792	-0.531134	0.978004
11	28.0625	35.3519	0.443466	1.19097	0.972369
11	28.9148	29.4198	-1.33344	-0.0659159	1.04646
11	33.3448	25.2323	1.82956	1.75518	1.03183
11	30.2943	30.7248	0.582282	0.837378	1.13415
11	3.49185	22.4017	-1.78627	-0.968339	0.967244
11	39.0078	19.2909	0.132687	-0.749412	0.95787
11	0.464823	28.6831	0.151995	0.256696	0.683338
11	34.7774	31.2226	-1.01664	1.82815	0.917518
11	36.9067	31.2009	0.314872	-1.14042	1.07866
11	1.69734	27.406	-1.74703	-0.83428	0.912687
11	37.3121	36.1397	1.03137	-0.827314	1.01274
11	33.5441	30.3134	1.41197	0.38475	1.23003
11	8.31359	34.9974	-1.91596	-1.0953	0.984129
11	0.993439	25.581	0.03745	1.69154	1.08388
11	38.9096	1.00949	-0.560089	0.070938	1.08099
11	1.79005	39.7277	-0.0912202	-0.644521	1.03715
11	2.88448	28.4721	0.674062	0.322771	0.977865
11	12.921	30.9483	-0.569926	-0.364991	0.939672
11	21.2761	25.1921	0.0228673	2.16632	1.05864
11	3.69519	26.661	-1.64209	-0.828119	0.936801
11	14.1076	32.117	-0.407223	-0.847697	1.00744
11	22.3844	24.9729	0.32792	-0.476368	1.14662
11	11.7221	27.4261	0.229322	0.623373	1.0112
11	20.5986	34.1495	-1.12749	-0.0952069	1.03869
11	16.1229	36.2363	-0.534525	-0.0755352	1.16802
11	22.6771	30.2486	2.11844	0.194136	0.935849
11	19.4865	2.3351	1.77907	0.942466	1.0979
11	15.048	34.9978	-0.801894	1.18902	0.957758
11	19.266	37.1288	1.14631	-0.137554	0.754984
11	17.0478	35.3832	-1.40996	-1.2304	1.01529
11	21.6592	0.162911	-1.12287	-0.894554	0.954975
11	21.0843	20.5398	-0.554501	1.26923	0.92256
11	25.6594	32.3754	2.20875	0.313146	1.07079
11	31.0923	28.929	-1.02036	0.38543	0.986661
11	30.9322	31.7887	-0.126612	-0.15273	1.00487
11	36.7277	38.5848	0.145298	0.515603	1.13105
11	38.2129	36.6603	-0.42784	-1.06874	0.897915
11	34.1893	23.3515	-0.0205599	-0.84785	0.970593
11	35.0917	24.8264	-0.728635	0.796558	1.13756
11	36.3023	24.8254	-0.632629	0.805298	0.978948
11	1.18931	30.419	-0.935249	0.255182	0.812844
11	32.718	29.3072	1.01462	0.325136	0.902719
11	29.3301	30.3123	0.370557	-1.12419	0.852532
11	3.80418	29.7485	0.461784	-0.650338	0.942445
11	3.52862	23.593	-1.22704	0.333948	1.06955
11	38.046	31.8481	-0.608475	-1.36624	0.972498
11	6.88345	23.3075	-0.342558	1.27365	1.04494
11	36.8365	37.4665	-0.47325	-0.200913	0.914691
11	38.4806	24.807	-1.60889	0.743417	0.932613
11	9.17968	24.3568	1.13753	0.131809	1.05664
11	13.0455	37.8011	-1.51756	0.348121	0.955718
11	8.2531	30.1897	-1.21994	1.56023	1.03439
11	8.40193	29.01	-0.81711	-1.43398	1.10849
11	18.9015	27.3469	-0.261976	0.987867	0.949986
11	17.5457	21.641	-0.159417	0.789588	0.890232
11	15.1203	33.0847	-1.01023	-0.456883	0.867628
11	10.232	27.0046	-0.469693	0.764564	0.978675
11	20.2639	35.6364	1.36574	-1.62546	1.026
11	28.2664	2.41001	0.912946	-0.708362	1.08337
11	23.9372	33.9405	-0.65845	-0.992131	1.08619
11	19.856	38.0526	-1.79446	0.266506	1.0097
11	18.0478	34.127	-1.15964	-0.442988	1.17454
11	27.302	30.8926	-1.33974	0.89064	1.0171
11	11.0344	29.7644	-2.76082	-0.629468	0.964068
11	24.0499	25.0031	1.0865	0.513525	0.898918
11	26.5031	28.2348	-0.169516	-0.0764115	0.918085
11	21.0136	31.2514	-0.601779	-0.596812	0.946318
11	31.3299	25.1622	-0.735169	-0.863238	1.11065
11	33.7149	1.26342	-0.327631	-0.733233	1.05132
11	36.6302	23.5529	0.284647	-0.598408	1.07754
11	33.8375	21.3083	-0.527948	-0.284949	1.0575
11	34.6026	29.9118	0.440225	0.16308	1.03775
11	34.3245	28.7991	-0.787924	0.658332	0.935274
11	22.4182	20.4325	-0.0879983	-0.574751	1.14903
11	0.923347	32.911	-0.0623131	0.836017	0.875744
11	31.8297	33.0892	-1.82912	0.323912	0.980216
11	7.48379	26.9421	0.990356	-1.05952	0.997946
11	2.19637	35.9062	-1.33892	0.691036	0.956637
11	2.84055	30.7992	0.0657555	1.17295	0.85566
11	9.47072	6.01706	0.113438	-0.0467164	0.83691
11	9.70822	38.6189	0.790403	-1.60292	1.00107
11	6.93923	24.4353	-1.1445	0.599142	1.0346
11	2.29959	4.18957	1.28105	-0.881718	1.02166
11	9.21197	4.49715	1.12855	1.29502	0.92723
11	11.2322	19.5914	1.72889	0.138967	1.07261
11	16.7308	26.6951	-1.05767	0.882834	1.13526
11	10.6951	36.1362	0.18044	0.104256	1.02498
11	14.4477	1.56566	0.93232	0.280826	0.957029
11	14.0588	30.9692	-1.15483	1.09236	1.08983
11	10.7828	31.2768	0.895721	0.0350726	1.02311
11	13.0324	0.49968	0.344729	0.962007	1.00183
11	11.8252	28.7787	-0.569661	-0.245922	1.0354
11	13.6062	34.6529	-0.93093	-0.709512	1.08902
11	26.6459	26.1522	-1.5488	-0.912894	1.06525
11	18.6054	3.55115	0.521552	0.0138854	0.943208
11	17.6202	27.56	0.372561	-1.19035	0.856898
11	0.546556	29.5168	-1.28665	1.17686	0.861361
11	29.213	24.0195	0.703645	0.0546287	1.00661
11	24.1738	27.3563	-1.05601	-0.308654	0.949876
11	24.0356	37.7403	1.26341	-0.410219	0.905565
11	35.7193	32.162	1.26935	-0.248296	0.974634
11	33.9787	5.04718	-1.38645	0.27173	1.06793
11	34.3926	0.316059	-1.32706	0.522102	0.970194
11	37.818	38.7982	-0.625257	-1.68862	0.986903
11	29.9725	26.3901	0.749468	0.628678	1.09479
11	30.0982	25.1422	0.603235	-1.8331	1.06057
11	36.9301	3.86653	-1.34793	0.832595	0.875089
11	37.805	30.2452	0.0843662	0.0447379	1.20433
11	30.0112	32.8969	1.0617	2.38799	1.09896
11	6.48533	22.3573	-0.482294	0.0053244	0.971233
11	2.05552	29.581	0.171513	0.038009	0.995458
11	4.51059	36.1914	-0.254865	0.12786	0.908455
11	4.54572	39.025	1.5442	0.339693	0.897644
11	9.25276	35.6255	1.52838	-0.251207	1.06273
11	11.7025	32.1244	-1.21848	-1.08321	1.18546
11	1.5665	38.4466	0.584967	0.470817	1.01109
11	7.39893	36.083	0.00333378	0.0344192	1.04744
11	22.0429	27.6925	1.07909	0.947477	0.962787
11	38.9997	30.4316	2.58654	1.02059	1.13878
11	18.7213	35.0943	0.977535	0.931574	1.0573
11	12.8267	28.2168	-0.627811	0.860547	1.07618
11	16.4767	25.0335	0.937407	-0.00117867	1.00509
11	12.3367	32.9659	-0.818918	-2.05799	0.887721
11	16.6646	38.8124	-0.726996	-0.695391	0.920194
11	18.8602	38.6476	0.00908524	-1.07066	1.11929
11	26.3155	34.5945	-1.42646	0.504061	0.991367
11	20.1785	1.43224	0.790607	0.849568	1.092
11	32.269	34.072	-0.386364	1.00381	0.977985
11	32.0859	35.0571	0.36185	-2.59867	1.00606
11	24.2772	23.3701	-0.6658	0.628301	1.18814
11	28.625	28.2796	0.296293	-0.452671	1.0004
11	33.5909	31.5364	-1.23563	-0.593408	1.07715
11	0.771741	34.0842	1.47385	0.862304	0.943983
11	20.6959	32.6131	-0.845357	0.613501	1.11295
11	22.8537	28.6348	0.731972	0.325877	1.17036
11	27.7858	26.2414	-0.917679	-0.800735	1.06997
11	33.2291	33.6201	0.455425	-0.77919	0.951949
11	30.3527	24.0373	0.170598	0.749229	1.16375
11	33.544	36.8981	0.953751	1.45424	0.973649
11	31.6116	38.352	-2.03509	0.484591	1.22913
11	1.52424	3.60927	0.565354	2.00593	0.957514
11	37.4542	24.7872	-0.549282	-1.13171	0.831235
11	5.49648	32.8392	0.118804	-1.13577	0.86062
11	1.02652	35.9558	0.103642	-0.148275	1.09369
11	33.2767	34.7325	-0.773226	-0.271118	1.02364
11	30.9039	33.6986	0.0441689	0.179742	1.0726
11	3.8028	33.9841	-1.93532	-1.16895	0.988589
11	4.81915	34.4015	-1.21393	1.25592	1.06477
11	10.5171	34.9916	-0.738556	-1.01875	0.771194
11	13.498	36.7331	0.206504	1.9403	0.981508
11	9.72043	32.8983	-0.692637	0.854313	1.10792
11	22.8841	25.9045	-0.228579	-1.16968	0.896306
11	18.1401	36.877	-1.68212	-1.17594	1.12393
11	20.1351	36.8546	-0.379782	-1.19963	0.996433
11	21.7531	33.4951	2.99516	-0.274671	1.25186
11	10.1237	30.3329	-0.607762	1.30694	0.946438
11	18.2027	0.802315	2.37697	1.15151	1.00693
11	16.5076	29.0152	-1.02243	0.462004	0.867159
11	27.4873	1.70081	2.48013	0.752901	0.9394
11	27.7205	24.5025	-1.22181	-0.179832	1.00997
11	22.6083	36.9859	-0.446037	-0.367474	1.04254
11	28.2708	33.737	-0.504063	0.204253	0.924871
11	30.2549	2.321	-0.208068	-1.27505	1.01489
11	19.778	30.7008	0.280284	-1.66079	0.834544
11	34.1658	36.0072	-0.641641	0.17001	0.920987
11	36.0521	39.6599	-0.433927	-1.80805	0.916462
11	18.5144	17.0924	0.231845	-1.02152	0.999718
11	24.6605	30.8407	-0.855564	1.60737	0.962089
11	24.5011	34.9339	0.771738	1.40243	1.07259
11	30.5415	38.1149	0.620741	-0.0846771	0.862297
11	28.7744	25.2853	-0.625242	0.0056286	1.04291
11	28.0587	39.9553	-1.10817	-0.569087	1.04689
11	30.8448	37.2813	-1.19016	1.04477	0.829545
11	39.5685	27.5071	-1.2657	-0.918976	0.964022
11	35.8052	34.3214	0.8577	1.22525	1.0539
11	4.07345	30.7298	1.10047	-0.829894	1.10701
11	3.32904	3.89309	-1.00449	-1.3395	0.906435
11	0.0618386	37.9244	0.940208	-0.745396	0.963527
11	5.98367	26.0961	0.273949	-0.142774	1.04972
11	11.0198	37.0533	-0.188385	-0.170014	0.976859
11	0.506458	26.85	0.190646	-0.704084	0.865485
11	7.6426	0.100769	0.306134	1.44655	1.01793
11	12.1693	36.8271	-0.270308	-1.99598	1.09418
11	20.7163	0.0989784	-1.00459	-0.54338	1.01573
11	21.0216	3.47025	-0.611628	2.21974	0.94182
11	11.7744	30.827	-0.630894	-0.201194	0.928245
11	12.4521	2.65247	0.122537	-1.26425	0.947174
11	21.206	36.4176	0.0808556	0.632169	0.970742
11	20.1485	39.2007	1.05394	1.53855	0.958173
11	14.6635	34.0459	-0.435274	0.187309	1.05787
11	15.2703	37.4533	0.172509	1.43351	0.999357
11	23.4421	34.9281	-0.186722	-0.580806	0.874998
11	23.1728	5.2385	-0.517458	-1.15339	0.90787
11	27.2102	37.8406	0.623779	1.06872	0.810987
11	29.3109	31.7723	0.0481902	-0.534857	1.31115
11	22.2432	31.1993	-0.54733	-1.52295	1.07389
11	29.0985	38.2417	-0.664196	0.919315	0.984738
11	26.8019	37.0367	-0.937111	-0.413496	0.841995
11	30.0068	35.3839	-0.634768	0.555104	1.07683
11	25.5307	21.7335	0.700784	1.61802	0.754633
11	27.5457	28.3772	0.120801	-0.299395	0.939505
11	27.0414	0.697571	0.113893	-0.424537	1.00663
11	29.8894	37.3219	-0.0726019	-1.04722	1.06184
11	31.3075	1.70956	0.512494	-0.674672	1.04467
11	38.4521	2.05507	-0.407037	-1.51939	1.05081
11	35.6633	4.61681	1.49617	-0.316262	1.03991
11	0.612415	39.1296	-0.668811	0.242872	1.12965
11	0.26864	1.09602	-0.27428	-0.0618652	0.961272
11	6.33004	36.2256	-1.01676	1.11049	1.07878
11	32.875	35.9653	0.934898	-1.22781	0.992426
11	39.0409	31.6477	-1.80039	0.659514	1.01433
11	36.897	32.2452	0.122496	-1.89333	1.00942
11	1.36435	4.63188	1.31776	0.381561	1.01909
11	3.0533	34.9572	-1.08959	1.67079	1.03301
11	7.06888	39.2514	-0.818512	-2.07667	0.95529
11	1.48631	34.8712	0.128457	0.790814	0.869293
11	8.84108	39.4782	-1.28301	-0.0138874	0.989064
11	7.17331	35.0028	1.01821	-0.264354	1.11128
11	12.5604	34.6399	-1.26262	1.23387	0.986113
11	21.4769	38.9908	0.583539	0.373591	1.05817
11	11.3996	5.77742	-0.919246	0.199756	0.94755
11	28.6192	3.65121	0.698291	0.581954	1.06177
11	26.5636	2.95989	0.240832	-1.98728	1.06565
11	26.8526	32.6059	1.02718	0.0264388	0.871509
11	30.1354	0.302903	0.67223	-1.68902	1.10119
11	24.9375	38.0588	-0.725268	1.04301	0.952636
11	38.0907	27.9246	-0.0081914	-1.24723	1.06296
11	28.7162	32.8067	-1.55977	0.394057	0.95659
11	30.538	36.4326	0.857441	1.58807	0.999888
11	39.6675	5.85323	-0.791292	-0.770072	1.13493
11	34.1549	38.6659	0.457964	0.654636	0.909899
11	24.7493	36.562	0.175216	0.732359	0.876859
11	38.9239	35.9425	1.06176	-0.0632546	0.965244
11	37.1779	26.9818	1.6794	1.16926	0.91018
11	29.5776	39.327	-0.231374	0.787125	0.942904
11	32.0493	39.4859	-0.138528	1.36301	0.94048
11	38.0532	35.3279	-1.09582	-0.426483	1.03991
11	37.5248	33.3131	-0.556449	1.63703	1.00405
11	4.35378	5.77683	-1.79046	1.00263	0.930221
11	39.5476	35.114	0.819882	0.702539	1.11385
11	38.9245	3.53839	0.0070726	-0.0998153	0.947616
11	5.38456	2.36418	1.01081	-0.625255	1.04578
11	9.44133	3.45941	-1.82401	0.483985	0.954146
11	7.8169	31.7393	0.0633875	-0.589187	1.04381
11	4.97106	35.3613	1.98348	-1.71616	0.844592
11	11.986	39.9607	-1.71758	1.30399	1.05415
11	6.00727	35.0219	-0.0165456	-0.141293	0.792411
11	6.38273	29.8976	-0.559692	0.918408	1.0835
11	9.92145	39.9082	-0.0946832	0.266416	1.03714
11	39.6381	26.1575	-0.584552	-0.870126	1.1377
11	15.2544	29.7499	0.479859	-1.26344	1.02658
11	10.7097	28.4756	0.140319	0.350739	1.01609
11	8.91739	2.55699	0.819497	-0.0175829	1.01858
11	32.8381	3.3751	1.29234	-0.534721	1.09509
11	8.25406	26.1027	-1.301	-0.937066	0.782251
11	15.1669	28.3024	0.140381	-0.116581	0.944361
11	14.0544	39.4362	-1.73904	0.135946	1.19502
11	27.3942	3.924	-0.882891	-0.803561	1.00351
11	25.6425	31.3573	-1.25541	-0.353145	0.998294
11	33.3142	9.4097	-0.55884	0.919909	0.844767
11	18.9013	32.3982	1.16679	1.00159	1.06466
11	34.1461	34.0911	-0.729703	-0.447485	0.971931
11	18.9857	39.8582	0.355397	-0.210029	0.9658
11	19.3054	36.1407	-1.53732	-1.08382	0.968445
11	36.6032	35.1735	0.582416	-0.282501	1.25072
11	33.0079	37.7931	-0.534477	-0.664986	0.876619
11	32.6499	2.05734	0.282886	0.75147	0.933907
11	26.1268	0.0405159	-0.725139	1.79999	1.19391
11	0.997205	2.01315	1.55576	0.341184	0.978201
11	34.1532	32.8801	-0.69844	-0.300097	1.01452
11	1.56973	20.0853	-0.906315	0.670302	1.03803
11	27.2206	39.5086	-0.390813	0.104541	0.84063
11	38.1365	29.1407	0.141052	0.614377	1.00818
11	36.6705	29.31	-0.0041035	0.369307	0.996256
11	1.03171	37.1792	2.21869	0.00700252	1.09528
