10	1.12603	33.7068	0.0786573	1.34025	1
10	11.4373	38.9751	0.979139	0.239423	1
10	37.8551	28.6663	0.934547	-0.916556	1
10	17.825	36.5158	-0.977855	0.912025	1
10	12.2501	36.8889	0.0389894	-0.652761	1
10	4.27389	0.232223	0.108947	-1.61821	1
10	4.57522	39.294	1.10726	-0.980622	1
10	4.14784	3.69933	-0.720133	1.84704	1
10	17.4451	0.0529361	0.251335	1.20553	1
10	15.3467	12.2334	-0.806235	0.284194	1
10	20.5828	31.2191	1.2537	0.600812	1
10	12.7119	3.91267	-1.08326	-0.181093	1
10	9.03387	37.2419	-0.53093	1.2246	1
10	11.7508	33.1913	1.07998	0.531619	1
10	27.3994	6.83029	1.35277	0.845437	1
10	16.927	2.06194	0.51216	-0.0181546	1
10	23.4137	0.806474	0.914834	-0.869937	1
10	27.5659	39.4218	-0.929965	0.0775825	1
10	32.7071	37.4478	1.06971	0.525467	1
10	24.5626	5.70032	-0.735462	-0.728141	1
10	24.3353	35.3231	-2.10408	0.0450511	1
10	20.7761	5.78183	-0.00227107	-1.07203	1
10	33.2439	1.74296	-0.442353	0.191628	1
10	32.3171	0.977759	1.12204	-0.523085	1
10	30.7768	39.4427	-1.42474	0.0641274	1
10	34.6062	6.17651	1.94178	-1.08829	1
10	33.9878	4.81672	-1.05381	-0.140686	1
10	0.68654	37.5322	1.87143	1.13383	1
10	28.6104	2.61631	0.0873756	-1.71789	1
10	34.6639	17.6092	-0.410318	-0.638564	1
10	0.357303	39.7156	0.304211	0.273209	1
10	6.16074	3.24108	-0.636988	0.0183606	1
10	3.01961	37.8575	-0.494295	-0.280112	1
10	39.9251	8.4631	-1.07088	-0.074034	1
10	34.572	34.9466	0.542726	2.03964	1
10	38.9089	38.5883	-0.895661	-0.616379	1
10	37.8803	6.96588	-1.66562	1.46281	1
10	0.0644216	38.3221	0.588384	-0.645181	1
10	14.063	5.04235	0.323326	-0.667626	1
10	7.82008	4.93273	-0.692869	0.209614	1
10	14.077	29.6833	0.529077	-0.121427	1
10	6.30739	11.3657	0.867929	-1.66677	1
10	7.98119	39.87	-0.813286	0.0816987	1
10	11.3948	37.6733	0.149319	0.926097	1
10	12.0642	1.83092	-0.0812903	-1.70002	1
10	11.7741	35.2636	-0.799753	0.242141	1
10	28.8351	33.4039	-0.46326	0.741598	1
10	11.1191	3.24011	-0.919967	-1.82398	1
10	12.4402	34.499	0.486525	0.316322	1
10	26.0247	3.13242	0.546789	-2.00974	1
10	14.5476	3.97978	-0.756106	-1.76685	1
10	18.5335	30.9169	-1.12747	1.16294	1
10	22.0829	6.59477	1.65806	0.378611	1
10	25.6532	0.85656	-1.32425	0.310535	1
10	27.5266	8.91125	0.345947	-1.01335	1
10	33.4164	3.9031	0.751899	-0.0459284	1
10	27.507	0.492213	0.365655	-2.11781	1
10	28.9901	14.8229	-1.30133	-0.679661	1
10	27.4348	37.9784	0.947377	0.189703	1
10	31.8349	39.3373	0.929981	0.22504	1
10	1.2812	32.1741	-0.253567	1.68089	1
10	29.5067	39.2041	0.122995	-0.452544	1
10	26.5393	1.52992	-1.24551	-1.01717	1
10	39.5434	6.41243	0.538392	-0.794743	1
10	0.116436	36.5922	-0.227707	-0.842803	1
10	39.3707	7.51233	-0.540052	1.13699	1
10	0.275613	4.05912	0.208429	0.167015	1
10	9.67194	4.64984	-0.981754	-0.13008	1
10	5.77626	0.573343	-0.380534	-0.211977	1
10	1.41108	9.07651	1.11078	-0.557548	1
10	35.139	5.2254	-0.0905057	-1.17765	1
10	15.3918	8.99627	-2.11162	-0.689313	1
10	39.2045	14.167	-0.297313	-0.566973	1
10	1.35395	5.37205	0.576213	-1.86186	1
10	15.244	7.08426	0.0977379	-1.1634	1
10	14.3571	0.631074	0.681885	-0.938098	1
10	16.487	3.46096	-0.919359	1.13003	1
10	15.0303	35.6699	1.39516	-0.529877	1
10	10.0386	39.5306	-0.571706	-1.08067	1
10	14.3104	13.2531	-0.729503	0.101207	1
10	20.1122	38.7985	0.584519	-0.531954	1
10	23.3569	39.2429	0.683473	-0.236502	1
10	28.2315	34.4853	0.608658	-1.88776	1
10	24.1782	4.58234	-0.307729	2.10469	1
10	9.38698	38.2675	0.0352317	0.785138	1
10	26.6088	38.8225	-0.0898662	0.11964	1
10	20.4315	8.82466	-0.708965	-0.219668	1
10	19.8641	4.80997	-0.663211	0.213717	1
10	30.5048	5.46143	-0.627674	-1.26507	1
10	28.7711	1.56106	-0.678582	-0.351041	1
10	36.1961	13.032	0.460222	1.42027	1
10	23.1919	9.3259	-1.36417	-1.37359	1
10	38.2242	35.0689	-0.77872	0.523428	1
10	39.0752	4.68089	-0.470928	0.913077	1
10	35.8567	6.2591	0.239239	-0.0542161	1
10	35.3606	9.84056	0.559501	0.0957333	1
10	28.7884	36.5185	0.197472	-0.869425	1
10	39.079	35.6884	2.1286	-0.66255	1
10	12.653	8.54197	0.166451	0.206154	1
10	38.6847	13.2643	-0.318758	-0.302996	1
10	36.9419	16.6268	0.0955384	0.572692	1
10	8.34822	1.47829	-0.705569	0.737936	1
10	2.97022	4.0821	-1.78808	-0.509326	1
10	6.16121	1.58572	0.882545	-0.0996189	1
10	2.09615	38.7854	-0.593328	1.51106	1
10	9.22608	2.14887	-0.880999	1.62468	1
10	14.745	14.3792	2.12975	1.20503	1
10	4.10945	37.2888	-0.136185	-0.832051	1
10	9.08087	3.67931	-0.611649	-0.913807	1
10	18.9345	6.13841	1.10613	0.267235	1
10	10.2131	3.85726	0.307326	2.46939	1
10	15.4621	2.00061	0.890266	1.69527	1
10	12.6043	35.9328	-0.745698	0.474468	1
10	24.9599	2.97553	-0.643677	-0.46592	1
10	25.5895	4.94306	0.569408	-0.872132	1
10	14.4166	1.80465	-0.872866	-0.367242	1
10	22.9512	31.6813	-0.38809	-1.26952	1
10	19.8903	7.82925	-0.392855	0.112169	1
10	29.9419	0.359561	0.0186049	-0.976148	1
10	36.5853	2.30903	0.827876	1.07775	1
10	19.3278	3.50659	0.612519	1.59627	1
10	30.1309	7.38738	-0.253773	-2.11869	1
10	32.6449	10.8353	0.841809	-0.454152	1
10	27.6875	36.9061	0.430802	-0.700049	1
10	29.8622	2.13015	0.300593	-0.212488	1
10	36.581	1.32758	-0.104195	0.186813	1
10	3.21663	33.2089	1.40517	-0.0564086	1
10	36.5148	8.63958	0.760803	1.33626	1
10	1.67897	6.63111	-0.285361	2.03731	1
10	36.9652	7.57646	0.0749226	-0.191168	1
10	27.9559	5.35461	0.240363	1.14781	1
10	1.49295	35.0244	-0.299117	0.280918	1
10	34.9452	15.9211	-0.600943	-0.0584393	1
10	3.31109	12.3162	0.831662	-1.71325	1
10	5.7061	6.58605	-0.669026	0.731442	1
10	4.02908	5.38146	1.99739	-0.594971	1
10	6.24786	7.6229	-0.672849	-0.587397	1
10	39.9804	13.2086	-0.886837	0.79126	1
10	5.81737	39.2562	0.685283	1.08441	1
10	7.22264	2.57791	1.35929	-0.924061	1
10	5.21942	34.0203	-0.910285	-0.576662	1
10	15.4726	0.917387	-0.900224	0.623916	1
10	20.1641	2.2959	-0.831184	0.923384	1
10	12.3842	38.1693	0.563625	-0.29326	1
10	12.9695	32.9367	-0.383135	0.344702	1
10	10.1686	8.87508	0.916844	0.884043	1
10	13.7694	38.8707	0.158584	-0.148371	1
10	11.6121	4.23702	-0.532418	-0.465874	1
10	20.7234	7.06457	-0.903636	-0.289351	1
10	20.8964	38.0275	0.333431	0.205877	1
10	25.2125	4.00327	-0.295072	1.12577	1
10	25.4356	8.6802	0.0850491	-0.840407	1
10	28.591	8.5915	-1.00139	-1.16312	1
10	17.5415	9.23879	-0.115738	0.779888	1
10	18.7777	9.06069	0.695924	-2.34562	1
10	17.9079	2.16114	0.286662	-0.412011	1
10	18.1959	5.24426	-1.0126	1.03778	1
10	34.9051	3.09011	0.390421	-0.629368	1
10	23.8511	38.3319	-1.08154	-0.748755	1
10	27.8198	3.626	0.846571	-1.5792	1
10	2.39146	1.27145	0.133225	0.256794	1
10	27.6533	2.19749	-1.43008	-0.349245	1
10	8.06022	32.8736	-0.64408	-0.147142	1
10	34.0769	8.66023	-0.136609	0.909377	1
10	0.882337	3.01441	-0.121526	0.247605	1
10	28.9416	17.5393	-1.09254	-0.309236	1
10	33.0539	6.85881	0.169081	-0.338848	1
10	1.75561	4.06602	0.671767	0.0509907	1
10	37.1488	11.3572	-1.80496	0.570178	1
10	1.09277	38.5206	-1.24086	0.317828	1
10	39.0428	2.98677	-0.912842	0.505877	1
10	4.09454	2.57714	-0.454432	1.29623	1
10	5.20244	10.9565	-1.02347	0.781441	1
10	10.3125	5.96298	-0.195355	-1.12307	1
10	15.7686	33.9128	-1.42328	-0.111156	1
10	10.8024	9.96853	0.143311	0.532324	1
10	13.76	34.5322	-2.39191	-0.520506	1
10	15.2022	32.7882	1.10463	0.000347996	1
10	14.2101	9.23052	0.0620448	0.0997487	1
10	14.0343	2.82454	-0.345253	0.0914556	1
10	15.7858	10.1409	-1.05041	1.7498	1
10	22.265	39.553	0.15237	-0.520599	1
10	20.3006	10.6253	0.511117	0.217769	1
10	16.994	5.56454	-1.998	-0.182222	1
10	31.447	18.5488	-0.581306	0.290506	1
10	28.9007	19.157	-0.39152	0.628858	1
10	22.1309	3.56866	-0.128611	-0.499646	1
10	24.9422	11.5737	0.239539	-0.322311	1
10	27.6896	18.4796	0.11438	-1.46276	1
10	31.1342	4.14533	1.60128	0.221447	1
10	26.9323	36.3066	-0.0357722	0.480451	1
10	26.484	7.36758	0.319629	0.14186	1
10	37.6882	5.03013	0.372574	0.0173067	1
10	35.0605	8.15308	0.284561	-1.77722	1
10	3.24133	2.99168	-1.05826	0.0251809	1
10	35.9708	37.5717	-0.384011	-1.31472	1
10	37.887	12.1515	1.81469	1.18839	1
10	36.0114	16.2501	0.522098	-0.0789759	1
10	0.505309	7.57486	0.863552	0.274941	1
10	3.60594	9.55314	-0.220077	-1.53763	1
10	5.09799	16.1055	-1.36904	0.160981	1
10	4.03367	1.47676	1.15765	-0.478239	1
10	14.0653	7.08077	1.18726	2.11306	1
10	20.6731	15.3804	0.295226	0.965019	1
10	11.4788	6.53304	0.0907486	0.109433	1
10	16.6221	8.75567	0.457152	-1.28487	1
10	14.7731	8.01731	0.880651	0.551539	1
10	16.7103	38.2567	0.782205	-1.16525	1
10	14.1163	37.8602	0.236336	-1.27206	1
10	21.7552	35.2699	1.90386	1.37933	1
10	14.6368	6.10639	2.26972	0.955304	1
10	18.2494	6.84205	0.257341	-0.871638	1
10	10.4246	10.9597	0.211535	-1.79197	1
10	23.5221	6.17343	-0.251524	-3.60847	1
10	16.4517	0.499787	-0.783666	-0.730383	1
10	16.6349	36.7066	2.06395	-1.03905	1
10	33.6973	18.2661	-0.190071	1.5323	1
10	23.31	3.21172	-1.21598	-0.649575	1
10	33.2835	2.81608	0.247975	0.0933379	1
10	19.2703	17.305	-0.589933	1.99459	1
10	27.3471	7.88892	-0.193535	-0.741143	1
10	21.5649	12.2095	-0.480776	-0.125438	1
10	34.6044	18.7683	0.956786	1.22593	1
10	31.107	6.52253	1.87708	-0.83151	1
10	32.2942	8.67265	-0.875271	0.485549	1
10	1.60745	7.82367	1.56119	0.861031	1
10	34.2253	9.75157	-1.44454	0.622766	1
10	32.3872	5.8815	-1.07143	-1.07856	1
10	32.6651	15.8236	0.526323	1.10963	1
10	32.4997	12.6132	-0.548277	1.24112	1
10	36.0054	10.748	-0.443543	-0.588028	1
10	36.9907	21.9628	0.0740907	-0.978214	1
10	34.9237	11.3464	-0.905735	1.83297	1
10	3.70103	13.3487	0.0327605	-0.35822	1
10	5.00244	5.8091	-0.567373	0.470623	1
10	4.58191	6.78702	0.686269	-1.09814	1
10	38.4835	14.8818	0.646657	1.63436	1
10	20.4481	11.8453	-0.410503	1.00128	1
10	0.0559631	9.52981	-0.941556	1.60969	1
10	12.7268	4.9943	0.0189975	1.29421	1
10	7.00278	8.68763	0.433633	0.151207	1
10	7.96016	11.5019	-0.205561	0.542044	1
10	16.7341	34.1825	-0.147697	-0.0494276	1
10	15.1898	39.9301	-0.382451	-0.756568	1
10	12.8416	39.2817	-1.04557	-0.397665	1
10	12.9225	2.57537	-1.0271	0.701495	1
10	18.6189	4.37079	-0.124664	-0.057512	1
10	20.5917	0.522345	-1.51047	-0.0180902	1
10	16.4144	12.7102	-0.177184	-0.587867	1
10	22.9628	5.25701	0.547856	0.650383	1
10	23.3962	7.62198	-1.16354	0.403018	1
10	28.0741	12.3752	0.102665	-0.349613	1
10	26.2971	11.0959	0.877813	-0.21003	1
10	29.2715	10.4396	0.777778	0.833367	1
10	26.7553	17.8794	0.383813	-1.13878	1
10	27.9113	14.6697	-0.428078	-1.43864	1
10	35.132	12.5547	-0.479043	0.607481	1
10	34.269	36.7485	-0.277609	0.207657	1
10	38.5853	5.6875	-1.0745	0.0384934	1
10	30.0232	4.29986	-1.59258	0.73479	1
10	32.9562	13.8756	-0.16603	-0.509871	1
10	29.0005	7.46195	0.547773	2.21848	1
10	33.5974	35.4009	-2.29622	0.163467	1
10	29.0695	5.71804	-1.79838	0.989825	1
10	36.2603	19.703	3.09575	0.248043	1
10	2.42578	23.5745	-1.09874	-0.0148841	1
10	3.15155	1.98262	-0.277613	-1.19852	1
10	2.04389	13.3333	1.19881	-1.61541	1
10	9.309	21.7623	-1.01681	0.850779	1
10	1.49077	11.6219	-0.619664	-0.275208	1
10	15.282	38.319	-0.578599	-0.124566	1
10	20.4276	14.3352	-0.747935	0.242211	1
10	4.51592	9.08594	1.22676	-0.402461	1
10	9.35977	15.3548	0.874776	0.253064	1
10	16.7312	4.42715	-0.161815	-0.799239	1
10	15.3032	36.8935	1.2974	0.484706	1
10	15.9787	7.8238	0.598298	-0.36529	1
10	15.2919	15.3827	0.433077	0.498134	1
10	13.0623	7.29211	0.70406	-0.0473512	1
10	26.0722	5.76983	-0.28988	0.551481	1
10	20.9825	1.5004	-1.54932	0.637041	1
10	29.7679	8.34712	-2.36262	-1.43191	1
10	19.9018	6.47382	0.731285	2.04064	1
10	23.0041	10.7295	0.738704	-1.40717	1
10	34.1355	7.25408	-0.302696	-1.65076	1
10	19.7453	9.64309	-0.549853	0.622162	1
10	20.0747	18.4017	0.90877	0.882407	1
10	17.3455	12.9959	-0.55252	0.621277	1
10	29.5598	9.39972	-0.401916	-0.257117	1
10	18.7413	7.68561	-0.706666	-2.15499	1
10	33.4306	5.67227	-0.785905	1.27588	1
10	31.5217	9.64529	-0.218876	-1.28885	1
10	24.8747	17.4296	-0.658164	-0.29885	1
10	33.8051	21.5439	-0.277962	-1.75241	1
10	4.6117	12.3612	-1.1551	-0.433451	1
10	2.37624	16.5786	-1.76154	1.43242	1
10	0.0750114	21.3543	0.614679	0.558483	1
10	8.27116	18.3287	0.159064	2.77131	1
10	2.5075	8.84543	-0.382854	-0.860796	1
10	37.7468	9.10149	0.880469	0.298283	1
10	11.0232	39.9294	1.01703	1.35205	1
10	13.1901	13.0398	-0.511639	-0.131733	1
10	9.8524	7.99589	-2.00065	-0.808397	1
10	3.42234	7.0899	0.953058	0.478775	1
10	8.44846	2.73644	-0.734583	0.264751	1
10	2.438	9.97741	-0.227304	-0.0135366	1
10	6.16042	26.0597	-0.117126	0.431479	1
10	15.9595	5.42597	0.0460601	0.526854	1
10	9.8084	9.92242	-0.816095	-0.765553	1
10	9.28181	13.4196	-1.38356	-1.59264	1
10	19.1498	10.6532	1.18183	-0.679603	1
10	10.2211	1.63157	-0.466164	1.15783	1
10	30.2835	13.2587	0.661281	2.30331	1
10	15.5942	4.17089	-0.640387	0.66808	1
10	24.0152	8.53646	1.86112	0.935548	1
10	10.7168	4.87775	-0.0110324	-0.472232	1
10	17.7552	3.33647	0.920382	0.560305	1
10	26.8541	12.1286	0.948051	1.28156	1
10	25.7621	12.2901	1.35559	1.1882	1
10	15.6144	16.6734	-0.590332	1.00179	1
10	29.9609	11.9258	-2.99486	0.0565894	1
10	21.6095	10.8892	0.39004	-2.69092	1
10	23.8945	23.0356	-1.49617	-0.811672	1
10	32.4306	20.7284	-0.752203	-0.259026	1
10	38.3815	8.06914	-1.09052	0.114774	1
10	22.8701	12.302	-0.564853	-0.303168	1
10	35.3095	13.803	-0.202913	2.58997	1
10	31.415	13.6562	0.333698	-0.432359	1
10	29.9653	14.3364	-0.113092	0.4302	1
10	3.30337	22.0352	-1.29822	0.148801	1
10	36.2008	18.4732	0.18461	1.08436	1
10	0.198629	14.6549	1.32123	-0.448215	1
10	5.14055	2.51148	-0.575305	1.11031	1
10	3.61973	8.43492	-2.40009	0.266531	1
10	0.942329	10.4921	-0.38082	0.188899	1
10	9.03302	10.8648	0.00977475	-1.39414	1
10	12.1815	12.3749	-0.0281261	-0.79324	1
10	9.39162	17.6268	0.201804	0.0826251	1
10	11.2073	13.3441	1.78349	-1.01692	1
10	10.6485	7.27064	0.667743	1.93966	1
10	12.4649	16.9699	-1.53232	-0.0819418	1
10	17.6709	38.7362	0.42201	-0.806549	1
10	18.3737	15.1171	0.544288	0.337558	1
10	19.4771	12.3129	-0.64398	0.565548	1
10	22.5693	8.31718	1.64414	1.02279	1
10	24.2117	13.2767	-0.509722	-1.96241	1
10	17.213	7.78391	-0.22592	-0.852444	1
10	33.2214	8.13123	0.599525	0.368374	1
10	25.4084	7.43525	1.12032	0.333436	1
10	24.0796	16.7627	0.0666254	-0.0906075	1
10	26.4372	8.65718	-0.171953	-0.288855	1
10	30.3025	21.1957	-1.31833	0.527614	1
10	29.4661	15.9924	0.788042	-1.00859	1
10	26.6216	19.0097	0.0573466	0.489057	1
10	27.6296	17.2876	-0.20571	-2.6735	1
10	35.3306	21.8603	-0.0031087	1.03515	1
10	34.1059	12.2202	-0.778083	0.973053	1
10	28.801	4.32669	0.567493	0.553699	1
10	31.4166	12.6271	-0.882417	-1.16252	1
10	31.9191	14.8899	-0.393522	1.02978	1
10	36.8013	5.65877	0.423008	0.622333	1
10	30.5768	9.01638	0.894717	1.91919	1
10	1.13067	12.6781	-0.676414	0.957071	1
10	33.8462	23.6668	1.4182	1.05278	1
10	38.9437	17.0929	-0.758127	-0.966123	1
10	12.2987	0.530891	0.743645	1.8098	1
10	2.84171	14.1775	0.666289	-0.660654	1
10	6.97937	13.2186	-0.577455	-0.951271	1
10	35.2588	14.88	0.570054	0.146211	1
10	6.77022	20.5922	-0.657949	-0.661183	1
10	11.1074	12.0112	-1.1817	0.571211	1
10	12.1274	11.4074	-0.745086	-0.867133	1
10	14.1261	19.3999	-0.293876	-1.2292	1
10	17.6442	14.3046	-1.22137	0.172134	1
10	8.04776	10.1668	-0.0998864	0.405667	1
10	8.21918	13.4529	-0.198036	-0.748233	1
10	10.3263	18.4583	-0.12898	1.15734	1
10	13.7156	14.0974	0.695807	-0.205381	1
10	12.7319	14.9338	-1.06717	-0.921474	1
10	11.4075	8.79935	0.0259891	-0.104466	1
10	16.6061	15.8738	-0.659673	-0.231543	1
10	21.4473	14.2737	-2.10185	-0.0696564	1
10	26.4228	9.73493	0.809266	-0.571468	1
10	17.1951	6.63984	0.496694	-1.09388	1
10	25.7494	18.102	-0.243819	-1.15042	1
10	25.3143	9.91054	0.734732	-0.309718	1
10	38.1774	10.8369	-0.510066	-0.161665	1
10	28.6428	11.3285	0.396772	-0.222558	1
10	32.5824	22.3012	-0.331829	0.781478	1
10	30.4567	10.121	1.62897	1.22326	1
10	0.954239	20.8079	1.50962	0.0119914	1
10	37.75	15.6681	0.811062	0.00838251	1
10	1.33818	16.9944	-0.0537677	0.291561	1
10	19.6278	0.201137	-0.305369	0.998618	1
10	4.59201	17.384	3.36275	-0.795714	1
10	18.0961	21.362	-0.831331	-0.726713	1
10	31.2377	23.0609	-0.147209	0.230921	1
10	39.397	12.2059	0.790924	0.513384	1
10	0.126083	5.36861	-0.452887	-0.0527206	1
10	4.70322	23.4791	-0.254616	-2.26902	1
10	15.3988	19.0138	-1.31967	-0.115416	1
10	5.77815	19.8485	-0.698772	-0.589956	1
10	9.17317	12.3855	0.367132	-0.972762	1
10	2.7106	20.5701	1.2056	0.954796	1
10	0.518881	11.8496	1.05529	0.258288	1
10	25.1942	13.9953	1.45587	-2.12347	1
10	2.68739	15.2334	-0.518835	0.924445	1
10	11.9472	15.8335	1.32912	-0.304805	1
10	11.8235	10.3479	0.639917	-0.438648	1
10	13.1238	19.8723	1.28468	-1.78188	1
10	24.3434	7.20994	1.02794	0.731924	1
10	4.54105	7.85081	0.212622	0.587286	1
10	12.4784	28.4882	-0.287156	-0.980627	1
10	15.9001	11.2983	0.0728694	0.608959	1
10	23.7491	27.6668	1.06366	-1.10749	1
10	15.2688	21.1595	-0.972387	0.929172	1
10	23.8537	17.8916	0.365861	-1.70868	1
10	23.1775	19.3593	0.0200892	-0.495704	1
10	35.1632	26.812	-0.466971	0.990274	1
10	31.4012	16.4099	-0.410233	-0.0301816	1
10	32.6691	18.0446	0.655862	0.874589	1
10	31.8767	11.771	-0.232099	1.14137	1
10	26.1524	15.5792	1.73551	-0.232492	1
10	23.4186	28.7258	-1.7418	0.526387	1
10	30.6284	17.177	-0.277078	0.390261	1
10	1.68398	14.4596	0.633236	1.4925	1
10	31.4866	24.8594	1.45843	-0.221633	1
10	33.4632	20.5568	0.0250096	0.679055	1
10	0.0939694	20.1882	-0.169306	-0.145567	1
10	14.5365	16.1865	-0.720436	-0.345462	1
10	4.42659	14.1141	-1.90388	1.36232	1
10	3.65887	10.9966	1.1145	0.134785	1
10	13.9887	15.1546	-2.37018	-0.676596	1
10	0.759621	25.563	0.458052	0.251154	1
10	5.33588	21.0524	0.440837	0.0730058	1
10	39.6323	22.3632	1.62541	-0.580493	1
10	3.76241	21.0621	-0.626083	0.0789535	1
10	7.0247	10.5091	1.16877	0.25081	1
10	3.5194	17.9507	0.238572	-1.27519	1
10	14.0576	20.639	0.5632	0.347014	1
10	4.25347	19.2577	-0.578728	-0.074259	1
10	18.198	19.2803	-0.468773	-0.839264	1
10	18.8623	20.2754	0.264176	-0.740937	1
10	16.8468	19.1399	-1.52987	-0.19195	1
10	13.4435	6.25388	-0.13357	-0.221789	1
10	17.638	15.9087	0.356468	1.52159	1
10	26.4939	14.2425	-1.31495	-0.0188192	1
10	23.002	16.7876	-0.746167	0.832822	1
10	24.0512	10.801	-1.12307	0.896728	1
10	16.908	16.9358	0.66699	0.185001	1
10	20.7918	25.58	-1.45421	0.534002	1
10	25.2569	25.797	-1.19178	1.17491	1
10	21.8767	25.3633	0.793676	0.465951	1
10	26.2016	22.179	-1.17339	-1.75076	1
10	34.3055	0.934225	0.819139	0.199847	1
10	27.8361	27.9324	-0.263312	-0.0218016	1
10	34.7249	20.9641	-0.302108	1.38534	1
10	37.6786	2.54733	-1.30012	-0.109696	1
10	30.7549	15.1015	-0.00370157	-1.09999	1
10	33.7704	14.8118	0.618168	0.306336	1
10	33.6937	15.98	-1.37185	0.720986	1
10	1.02894	22.0299	0.766034	-0.518779	1
10	6.72997	16.5502	1.17323	1.16995	1
10	7.79233	20.3666	0.736418	-0.157321	1
10	11.3552	22.0713	-0.475008	-0.127182	1
10	0.987511	13.6509	-0.10463	1.26631	1
10	7.24975	19.3442	-1.23956	-0.755387	1
10	7.70672	27.6809	0.225286	0.526211	1
10	0.830337	18.0961	0.0815383	-0.657266	1
10	5.08467	18.6197	-1.77526	1.08213	1
10	5.71307	12.2455	0.114238	0.23763	1
10	14.14	18.3948	-0.898173	0.790558	1
10	7.38913	22.5966	0.455676	-0.933585	1
10	11.0756	24.4089	0.036072	-0.511924	1
10	10.3376	17.3135	-0.811637	0.836001	1
10	17.509	11.1157	0.13667	0.162431	1
10	15.9687	18.0175	0.898089	-0.876532	1
10	4.25542	22.3152	-0.198776	-0.493512	1
10	9.77467	28.3741	-0.930669	-0.325898	1
10	33.8566	10.8121	0.443825	-1.15442	1
10	13.6546	17.1667	1.34057	0.831407	1
10	18.0884	10.245	0.0761273	2.23858	1
10	32.2502	7.57848	1.59112	-0.370964	1
10	22.2076	10.0078	-2.18698	-0.898213	1
10	18.7446	18.3372	-0.826429	1.3061	1
10	19.6604	29.1846	2.4558	-0.443122	1
10	31.0725	7.89526	0.579261	-0.484972	1
10	24.9843	22.2022	-0.00768791	-0.735348	1
10	30.1608	22.9806	0.0189245	-0.846767	1
10	37.7383	31.3658	-0.647401	0.441339	1
10	6.26752	18.1247	-0.34092	1.06372	1
10	35.7934	20.5817	1.47066	1.5117	1
10	32.3362	17.1296	0.608449	0.560745	1
10	0.0613978	17.206	-1.19586	-0.838258	1
10	39.2969	15.6519	0.509058	1.10807	1
10	28.4432	15.7969	1.35828	-0.0338322	1
10	3.81378	16.4127	0.391419	-0.977762	1
10	8.41816	14.5784	-1.68873	-0.456902	1
10	0.323026	23.2897	0.508716	0.828863	1
10	5.18423	26.6007	-1.44338	1.79663	1
10	2.43352	24.5509	0.12953	-0.348296	1
10	13.2799	1.34596	2.73604	-0.326972	1
10	14.0382	12.1151	-0.837976	1.28607	1
10	11.5446	14.9358	0.60134	-0.459159	1
10	7.33273	7.65831	-0.211442	-0.732384	1
10	15.5085	13.6208	-1.10656	-0.911226	1
10	18.6601	11.5522	-0.128278	-1.43319	1
10	22.5023	14.3492	-0.962648	-1.58149	1
10	9.64605	19.5841	-1.72572	1.14581	1
10	19.3373	14.2455	0.202475	0.224428	1
10	8.7284	20.5666	0.622993	-0.835569	1
10	20.5092	17.2808	-1.11735	0.56773	1
10	19.3329	19.1714	-0.773118	0.898766	1
10	25.4714	27.1539	-0.512006	0.416769	1
10	28.0703	13.5213	-0.600441	1.20985	1
10	20.7893	19.1006	-0.586377	-1.96533	1
10	23.245	25.6629	-0.379319	-0.447377	1
10	16.4311	14.4467	-0.85601	0.778469	1
10	31.7969	21.6104	0.362155	-1.29437	1
10	31.8865	23.9632	1.05471	2.01787	1
10	36.272	11.8257	1.20273	-0.108692	1
10	33.6146	19.4882	0.234351	-0.48152	1
10	31.4564	30.4093	-0.373934	0.495182	1
10	27.1666	15.3515	1.65782	-0.606578	1
10	34.8971	19.8204	-0.239153	2.0207	1
10	31.0793	20.2953	-0.439372	0.268198	1
10	37.4293	26.6617	0.834441	-0.618314	1
10	31.0413	10.8767	0.108288	-0.661151	1
10	38.0438	20.1282	-0.643924	-0.408463	1
10	6.47148	21.7319	-0.288986	1.20458	1
10	37.9621	21.3817	-0.750366	-1.27897	1
10	36.2579	25.8542	0.0240294	-0.947354	1
10	36.5655	15.3054	-0.248591	1.07506	1
10	10.1943	14.3879	0.582115	-0.620065	1
10	1.48437	23.0788	0.01334	1.53284	1
10	1.92147	19.7488	0.480475	0.633734	1
10	8.60169	7.20291	0.536746	0.349183	1
10	7.60729	21.361	-1.66208	-0.520598	1
10	11.2131	16.6528	-0.529949	-1.09587	1
10	21.8407	18.8889	1.37903	1.08942	1
10	19.5412	15.3626	1.31057	2.40097	1
10	20.973	9.84552	0.383109	0.833897	1
10	24.2386	9.69264	-0.52438	-1.40015	1
10	19.829	16.3611	-0.25419	-0.550849	1
10	17.4316	24.9796	-0.309128	0.713163	1
10	13.407	26.5943	-1.655	-0.320343	1
10	27.5199	11.2221	1.96235	-0.467193	1
10	28.3759	9.6697	-0.0347131	0.576838	1
10	33.5789	22.5971	1.41813	0.25906	1
10	27.499	19.799	-0.517896	0.138215	1
10	27.946	29.5776	-0.331125	-0.475351	1
10	25.7328	30.8974	0.612504	-0.192418	1
10	27.8681	25.258	-1.69336	0.793368	1
10	37.0351	24.883	1.36252	1.71665	1
10	21.7109	15.3684	1.00072	0.137928	1
10	39.9467	18.5462	-1.21909	2.63716	1
10	29.2501	23.5959	1.18587	0.351168	1
10	34.5829	28.3324	-0.274237	0.341586	1
10	38.2919	18.1594	0.878514	-0.614391	1
10	1.48323	24.056	0.216699	-1.20381	1
10	1.91149	18.3912	-0.65969	0.125477	1
10	4.5745	10.1304	1.22714	0.477151	1
10	26.628	16.7874	-0.173495	-0.951839	1
10	39.1011	19.5172	-1.80919	-0.696844	1
10	37.683	14.1263	-0.44214	-1.44814	1
10	10.9049	23.1116	-0.781169	-1.58694	1
10	5.34248	25.2192	0.976027	1.75439	1
10	13.5454	11.1722	-0.237568	-0.842632	1
10	2.83743	19.0588	-0.859003	1.33654	1
10	39.126	20.7958	-0.415592	2.00182	1
10	1.79413	26.7153	0.978716	-0.222927	1
10	3.87511	15.0706	-1.50983	0.238993	1
10	14.7866	17.3431	-0.150743	1.35679	1
10	9.60334	26.5865	0.85192	-1.04766	1
10	29.0039	20.4083	-0.198679	-0.349178	1
10	15.9955	22.2904	-0.792288	1.41059	1
10	23.9421	11.8397	0.572652	1.90916	1
10	21.0073	21.2338	0.974293	-0.74992	1
10	19.7161	26.0063	0.92278	0.510787	1
10	20.8886	24.0011	-0.441924	-0.67723	1
10	21.2686	27.5345	-0.913435	0.612179	1
10	25.1197	23.2678	-0.254964	-0.0630393	1
10	16.5636	27.2795	-0.457215	-0.829887	1
10	25.6068	20.7674	-1.02001	0.15598	1
10	26.1032	24.7331	-0.8227	1.47577	1
10	27.131	24.2753	1.61969	1.08144	1
10	31.0303	2.21919	1.27711	-0.145586	1
10	24.8106	16.0319	0.27121	-0.309152	1
10	35.7039	27.8435	0.276604	-0.994478	1
10	28.4657	22.2997	-0.662804	0.0261404	1
10	37.1885	17.928	-0.775499	0.141076	1
10	39.7473	26.2573	1.8037	-1.12021	1
10	39.3538	30.2805	1.16329	0.91812	1
10	7.27431	17.8579	1.69089	-2.13887	1
10	4.36405	24.597	-0.4187	0.583397	1
10	36.8501	23.3825	-0.588602	0.0712887	1
10	0.404588	24.3719	2.11443	0.541592	1
10	9.92173	20.8894	-1.22727	1.08502	1
10	1.38954	27.797	2.74909	0.38848	1
10	8.45873	22.5097	-0.293233	0.557139	1
10	12.1764	21.182	-0.0257738	0.0679121	1
10	5.56077	24.0306	-2.33294	-0.139207	1
10	14.5722	22.1766	-0.280359	0.512549	1
10	14.6695	24.5141	0.165416	-0.106503	1
10	5.34742	22.6683	-0.38216	0.757491	1
10	13.2441	31.7573	0.853889	-0.0832216	1
10	12.7802	18.7725	0.462732	-0.315279	1
10	29.2822	13.3131	0.804953	-1.20816	1
10	22.7671	21.5331	2.00764	-0.118223	1
10	18.1182	17.231	0.0425269	-0.305815	1
10	21.7845	26.3982	-0.776004	0.716682	1
10	18.7145	24.2835	0.128089	0.838101	1
10	19.8226	13.3261	1.15243	-0.628925	1
10	22.0054	20.8774	-0.413185	-0.156491	1
10	25.5626	19.2009	1.16864	0.579981	1
10	21.9791	22.1337	0.474541	0.951616	1
10	25.7662	28.512	0.405005	-1.53066	1
10	30.2939	30.5816	-0.241337	0.281543	1
10	16.2663	25.152	-0.284134	-0.172641	1
10	38.9684	28.2346	-0.318875	0.661156	1
10	24.3299	23.9908	-0.50531	0.712945	1
10	0.471196	30.4561	-0.0228752	0.322596	1
10	22.7085	22.862	0.294723	0.670992	1
10	30.2268	19.4315	-0.0428488	1.1634	1
10	36.5599	34.8967	-0.556971	0.436742	1
10	38.4212	23.2152	-0.707766	-1.67129	1
10	34.6348	22.7956	0.122699	1.312	1
10	34.6381	25.7499	1.78353	-0.611196	1
10	4.08637	30.9427	0.79561	-1.81871	1
10	11.2132	20.6672	0.24108	-0.11777	1
10	3.02954	31.0305	-0.418486	0.972895	1
10	10.6949	30.6386	2.61437	-1.07455	1
10	17.4252	20.0865	1.6924	1.28974	1
10	2.58532	27.4589	-1.59377	-0.592032	1
10	20.062	21.7619	1.09441	0.509503	1
10	8.98978	27.5605	1.01435	-1.55007	1
10	10.2571	22.1647	0.651471	-1.57851	1
10	13.2042	21.5055	0.265787	-0.904067	1
10	13.5869	24.0119	0.415991	-0.457074	1
10	18.4952	12.718	0.0103429	-0.166609	1
10	12.0535	24.9634	-0.738643	0.676013	1
10	23.4099	14.9695	-0.358223	1.04059	1
10	13.909	27.8256	1.09828	-0.150465	1
10	11.291	34.2619	1.90109	-1.42597	1
10	20.944	13.4278	0.304621	1.28127	1
10	21.4908	17.3201	-1.22872	0.05291	1
10	27.0449	22.8001	0.856255	-0.33725	1
10	21.23	20.0776	0.448851	0.736666	1
10	24.6382	29.1673	0.349879	-2.1939	1
10	22.1936	28.2439	0.161938	0.502949	1
10	22.8349	17.9687	0.814722	-0.932116	1
10	25.7546	29.5303	-1.17436	-0.0656751	1
10	26.1542	33.9045	0.659367	0.253394	1
10	35.4933	31.2695	1.30022	0.66438	1
10	39.5393	33.3765	2.06552	0.395386	1
10	34.0665	24.8622	0.95922	-0.3905	1
10	3.3873	23.1305	0.901157	0.213547	1
10	38.0408	27.5847	-1.99332	0.132153	1
10	36.8183	29.2948	-0.163937	-0.331059	1
10	28.2745	32.5568	0.629217	1.01617	1
10	8.60029	16.4483	-0.628475	1.28967	1
10	9.32572	23.2358	0.811091	0.613133	1
10	0.798238	26.8778	-0.293141	0.899174	1
10	39.599	29.2759	-0.0798091	-0.0859175	1
10	11.0575	31.6773	0.443816	2.1752	1
10	9.73938	24.537	-0.907484	0.332121	1
10	4.34923	33.0259	2.00028	-0.633572	1
10	11.298	27.878	0.518384	-0.386717	1
10	7.86816	15.695	0.0898357	1.92216	1
10	16.6389	21.2623	-0.882754	-0.188254	1
10	20.0531	20.0808	0.691017	0.206195	1
10	12.1429	26.7083	0.82294	-0.493942	1
10	15.946	30.6279	-0.208732	0.0796637	1
10	24.2366	24.9869	0.255918	0.74681	1
10	17.3163	22.3493	0.822159	1.44757	1
10	7.19112	23.6326	0.239578	0.367791	1
10	24.7185	19.9573	1.74607	0.266788	1
10	23.3211	24.4483	0.572071	0.330164	1
10	22.3257	13.3666	-0.020346	-1.30857	1
10	19.7763	24.1565	-0.695777	0.134567	1
10	24.9612	31.9078	-0.072198	0.843555	1
10	33.1814	36.5212	-0.70713	-0.660126	1
10	33.6205	25.9111	1.10074	0.108003	1
10	37.0417	30.4897	-0.888104	0.633847	1
10	28.3947	21.2529	1.03547	-0.837454	1
10	1.95355	31.34	-0.0729584	-0.925528	1
10	26.1097	23.5276	0.365672	-1.82009	1
10	36.1429	22.4742	-0.0917574	-0.368942	1
10	37.5136	32.3646	0.263764	0.352827	1
10	38.5991	24.8101	-0.571503	1.05676	1
10	3.4011	29.3663	0.798662	-0.241858	1
10	33.432	17.1712	-0.576701	0.0487723	1
10	0.26144	27.7529	-1.42742	-0.0328007	1
10	23.9339	32.4476	0.755217	-0.346593	1
10	4.52629	27.5434	1.12994	-0.976106	1
10	7.51508	0.973631	0.0561508	-0.956445	1
10	2.58688	32.0889	-0.0255475	0.975386	1
10	1.81445	25.3569	1.15931	-0.57546	1
10	8.19894	37.9045	-0.350171	1.45442	1
10	8.59129	38.9003	-0.583823	2.47743	1
10	39.2778	23.9104	-1.13828	0.795865	1
10	3.07527	39.4002	1.31182	-2.08123	1
10	15.783	24.2527	-0.0263716	-0.946753	1
10	14.7651	28.8323	-0.170029	-1.89259	1
10	13.051	30.0694	-0.131578	-1.35226	1
10	9.9932	31.6472	-0.392349	1.90402	1
10	22.0921	24.0511	1.679	0.439384	1
10	18.9306	32.8284	-1.32365	1.60732	1
10	13.076	25.0794	-2.2745	1.15491	1
10	23.0742	20.5822	1.09399	1.65148	1
10	13.9741	30.6976	1.70384	-0.23861	1
10	15.0127	27.7633	-1.00233	-1.22615	1
10	24.7085	28.0375	0.522352	0.772545	1
10	17.8582	32.0412	0.439987	1.18742	1
10	31.3731	28.6926	-0.473541	-0.780084	1
10	24.0962	31.274	-0.127947	1.24809	1
10	35.2825	23.8846	0.550638	0.667895	1
10	26.0748	37.0535	0.243438	0.108407	1
10	24.9375	36.6744	-1.63324	0.499349	1
10	19.2145	28.0566	-0.569129	0.570442	1
10	29.5811	29.5795	0.920328	0.464708	1
10	27.5118	26.9041	-0.81712	1.85855	1
10	26.9451	30.7094	-1.06729	-0.215865	1
10	34.5217	32.5324	1.64499	1.35828	1
10	3.94817	25.7904	-1.56322	-0.00648589	1
10	5.25979	28.1888	-1.01719	0.957506	1
10	10.0416	29.86	1.25709	1.13721	1
10	32.6113	30.5454	-0.0929668	0.315297	1
10	2.86994	25.6124	-0.918281	-0.75411	1
10	37.7622	24.1187	0.582202	-0.125627	1
10	2.4193	22.4268	-1.08456	0.111367	1
10	4.08334	35.5389	-0.65768	0.272738	1
10	3.51665	26.8312	0.197294	-0.0333032	1
10	22.327	19.9037	-0.398305	2.20464	1
10	9.32671	18.6377	1.2145	0.396408	1
10	12.864	27.5589	-1.14831	-0.306038	1
10	14.0988	25.499	0.694282	-0.561431	1
10	13.0961	16.0567	1.13788	1.598	1
10	17.6584	37.5949	-0.498021	-2.20966	1
10	13.8679	23.0083	-1.07328	0.831989	1
10	10.411	32.6277	0.288909	0.848338	1
10	20.5105	35.3028	0.611406	0.828432	1
10	15.8389	28.6116	-0.11017	-0.589918	1
10	19.0355	22.1169	0.236579	-0.542883	1
10	18.5795	25.5349	-0.723106	-0.681022	1
10	14.6106	26.5494	1.72749	1.21382	1
10	24.997	33.9397	0.554729	-0.205021	1
10	20.1007	33.5156	-0.168014	-0.0504111	1
10	18.725	16.2601	-0.343196	-0.0110999	1
10	33.8416	33.2716	-0.289853	0.102521	1
10	24.6573	18.7259	-0.328491	0.307149	1
10	31.8594	31.4742	-0.938119	-0.442456	1
10	30.8637	25.8394	0.605413	1.44343	1
10	30.6814	27.6158	-0.348703	0.215743	1
10	17.6632	27.1994	-1.28633	1.17044	1
10	30.7378	29.5759	0.651548	0.551451	1
10	38.5825	25.9304	-0.557513	-0.272659	1
10	8.54569	26.4889	0.147445	0.0329502	1
10	6.09744	33.16	0.367346	1.87145	1
10	36.9678	20.5948	0.194599	0.183489	1
10	5.20444	31.2191	-0.196308	0.359491	1
10	6.52113	28.2235	-1.84194	0.258409	1
10	1.88134	37.6942	2.17065	0.156997	1
10	6.28794	38.2916	0.714531	-0.436568	1
10	32.7568	38.8443	-0.161992	0.122111	1
10	4.0852	33.9936	-0.612308	-0.169636	1
10	0.773211	19.3	-0.237626	1.02501	1
10	13.4032	28.8208	-2.03315	0.111785	1
10	6.15909	27.1945	0.544774	0.894081	1
10	18.397	35.3341	0.223889	-0.106373	1
10	17.0308	28.5903	-0.844555	1.46376	1
10	10.7288	28.9822	1.33518	-0.454451	1
10	16.9132	24.0043	-0.907432	0.391033	1
10	18.3203	29.5245	2.12554	0.0609569	1
10	23.2124	35.9183	-0.156278	0.308857	1
10	22.051	37.2217	-0.568291	2.17611	1
10	16.0835	20.1653	-0.681404	0.414516	1
10	16.9825	26.0979	-0.347556	-1.84298	1
10	28.9587	28.1611	-1.0182	0.61485	1
10	23.6282	29.7621	0.716925	0.927894	1
10	27.1931	33.7124	0.00958516	0.905173	1
10	26.912	29.2832	-0.601605	0.162497	1
10	29.9922	28.62	-0.0831479	-0.845381	1
10	22.3279	29.4308	-1.53715	-0.917001	1
10	28.9746	31.6997	-0.371432	-2.50349	1
10	0.138044	32.4119	-0.611495	-1.44807	1
10	29.8759	35.4085	0.582536	-0.198795	1
10	35.6811	28.8628	0.146661	0.855807	1
10	3.7929	32.0354	0.0761333	-1.04461	1
10	38.8311	32.2146	-1.24097	0.934864	1
10	39.7676	25.1848	-0.361458	-0.439916	1
10	2.55254	29.9253	-0.616725	0.727384	1
10	10.6496	35.143	-0.280731	-0.590162	1
10	32.9829	24.403	0.18571	1.20101	1
10	4.37725	28.6669	1.17953	0.651392	1
10	3.44282	28.2727	-1.11803	1.93894	1
10	12.3177	31.1249	-1.61337	-1.79397	1
10	11.9075	19.774	-0.510983	1.07067	1
10	12.6671	22.4978	-0.753879	-0.803353	1
10	3.202	0.51586	0.846479	1.21298	1
10	11.3688	17.6955	1.24283	0.3586	1
10	10.5305	15.8541	0.137863	-0.872654	1
10	11.5517	18.7031	0.0793433	1.36406	1
10	10.6666	19.7258	0.331015	-0.799449	1
10	21.3793	29.1152	2.16074	-2.50418	1
10	7.38075	26.6642	-1.25095	-0.733394	1
10	7.16355	30.2778	-2.3996	-0.496654	1
10	15.9577	35.1351	-2.39123	-1.01399	1
10	19.8679	1.24098	1.1127	0.396431	1
10	7.47303	35.6961	0.373611	-0.737897	1
10	18.4819	34.0309	-0.757457	0.985357	1
10	25.7206	38.2813	-0.686396	-2.52036	1
10	37.2242	34.0717	1.53312	-0.0837023	1
10	23.9403	21.6741	-1.30302	0.0148133	1
10	32.5608	28.9069	0.750854	-0.121652	1
10	28.3135	24.0477	-2.8247	0.625933	1
10	28.8812	35.3072	-1.92225	0.400977	1
10	32.3208	25.4849	0.0207544	0.363208	1
10	27.9001	30.7578	0.477862	0.199604	1
10	33.9101	27.059	-0.4038	0.720014	1
10	33.9922	31.4731	1.18269	-0.986824	1
10	1.46652	29.8736	-0.77033	-0.303094	1
10	38.3117	30.2292	-0.208856	0.587307	1
10	36.812	28.1226	0.29311	-0.328835	1
10	7.37847	29.001	0.89861	0.606227	1
10	9.40042	35.1667	-0.0609993	0.302285	1
10	5.25919	36.0189	0.459337	-0.842359	1
10	2.03943	21.42	0.912011	-0.961723	1
10	14.8804	34.4772	0.961649	-0.037466	1
10	7.03008	37.3718	0.71327	0.606251	1
10	13.7805	35.5245	-0.95962	1.06817	1
10	6.08928	29.1386	-0.0422524	-0.938628	1
10	7.62474	25.6809	0.181508	-1.45704	1
10	8.13247	34.4607	-0.260361	-0.919329	1
10	9.87359	34.2967	-1.48611	1.59247	1
10	5.16482	3.48757	-1.11606	-0.241213	1
10	18.8513	39.4024	0.293617	-0.277565	1
10	18.5688	26.6665	0.312681	0.206676	1
10	17.0449	35.243	-0.125163	-1.08113	1
10	21.3336	8.15597	0.13923	1.03767	1
10	30.7736	31.69	-0.0512064	-0.535835	1
10	22.9468	34.6979	0.543283	0.466799	1
10	10.0035	25.4725	-0.172565	-0.394862	1
10	32.9728	31.6256	1.25482	-1.18713	1
10	27.2663	32.6402	-0.990557	0.591553	1
10	26.4869	31.8365	1.07563	1.23304	1
10	20.2562	27.5429	0.162685	-0.0374324	1
10	3.7125	38.5918	1.59163	1.81771	1
10	18.041	28.3354	0.0400898	-0.328938	1
10	39.2675	34.5183	2.62323	-0.606956	1
10	30.3684	37.4519	-0.0522216	0.313972	1
10	29.7112	25.6629	1.13475	1.03323	1
10	33.7418	28.8709	-0.478493	-1.90024	1
10	34.6975	29.4453	-0.580901	-0.512031	1
10	37.2976	19.2253	-0.430389	0.229932	1
10	31.332	33.6763	-0.0859887	0.131559	1
10	1.30018	28.7526	0.0161029	0.575021	1
10	35.1961	1.49936	-0.0826111	-0.477023	1
10	37.3764	36.13	-0.541434	1.14201	1
10	7.65096	31.4208	1.02115	0.0249377	1
10	5.69874	37.1149	-0.150036	2.02257	1
10	2.50769	28.8002	0.428907	0.0550676	1
10	7.02588	33.8269	1.27387	0.380754	1
10	14.7681	31.3622	1.03915	-0.0508447	1
10	10.2528	0.590544	1.3491	-0.6654	1
10	8.82592	31.5381	0.0160492	-1.9671	1
10	10.224	37.5408	-0.962716	0.66669	1
10	9.00468	29.813	1.25149	2.43233	1
10	20.9533	34.2867	1.35147	-0.560875	1
10	16.5097	29.5936	0.784862	-0.632161	1
10	12.1847	32.1502	0.0261268	0.086798	1
10	8.41678	28.5138	1.26868	1.47892	1
10	16.2872	32.9088	-1.74301	-0.298021	1
10	19.5361	34.5371	-0.418446	0.176215	1
10	23.1358	37.5758	-0.0713462	-0.160788	1
10	22.564	30.7455	-1.32518	0.589196	1
10	21.4111	36.3662	0.750978	0.361337	1
10	26.7504	21.158	1.00488	-0.0585474	1
10	20.9874	39.5294	0.80606	-0.634313	1
10	25.3534	32.887	0.529604	0.229332	1
10	30.439	24.1429	1.18052	-0.819744	1
10	31.4677	26.8326	0.759627	0.965474	1
10	26.7299	34.9965	-0.585653	-0.135786	1
10	31.362	34.9169	-0.755004	0.260571	1
10	2.29271	36.3218	-0.955224	0.698944	1
10	37.9986	0.043788	1.14983	0.66542	1
10	6.40516	31.0732	-2.0161	-1.25591	1
10	1.68958	0.176283	-0.982734	-0.986596	1
10	28.5117	39.9151	0.181179	-0.0102665	1
10	33.521	29.7928	-0.678135	-0.137956	1
10	1.28941	36.634	0.975454	-0.0343515	1
10	28.4404	37.7503	-0.979775	-0.191161	1
10	35.1207	38.5466	0.208812	-0.133679	1
10	9.06416	39.8849	1.4521	-1.30852	1
10	5.1754	38.3133	-0.57172	0.169928	1
10	8.55401	35.6525	0.32404	0.396736	1
10	9.66376	6.73639	0.270205	-0.528037	1
10	11.9662	7.55928	-0.610801	0.401924	1
10	10.4207	27.4236	1.18475	0.86825	1
10	15.2303	25.5123	-1.09735	0.75416	1
10	10.8801	26.3644	-0.147839	-1.22672	1
10	14.0677	32.5699	-0.180286	0.43016	1
10	14.0914	36.6146	1.99116	1.00215	1
10	18.7099	1.52327	0.749228	1.56882	1
10	20.2126	23.0375	1.33167	-2.46301	1
10	25.9315	36.0092	1.1717	-1.24654	1
10	19.9425	37.2752	-0.910741	-0.131995	1
10	26.6855	4.17223	0.125873	0.0264007	1
10	24.3347	1.98496	-0.308175	-0.0392057	1
10	18.6516	37.2335	-0.669494	2.5116	1
10	28.7583	27.1357	-0.0648131	-0.439168	1
10	28.4981	38.7455	-0.416709	0.417861	1
10	29.1658	30.7192	-1.17092	0.260472	1
10	21.0636	3.48132	-0.285519	-1.91268	1
10	32.2103	35.7671	-0.268295	0.715445	1
10	35.7881	17.5904	-1.10843	-2.58793	1
10	27.699	31.6951	-0.784834	-1.47868	1
10	34.892	33.5256	0.254766	1.61046	1
10	33.3756	0.0339776	1.33431	0.868936	1
10	36.2146	32.0611	-2.0765	0.00603186	1
10	5.69082	4.62677	-0.308246	0.203738	1
10	6.88681	39.8843	-0.0635606	1.07866	1
10	0.112085	35.418	-1.41507	-1.01073	1
10	35.5855	34.5131	1.83897	-0.765962	1
10	39.927	2.05849	-0.371883	-0.371855	1
10	39.6626	31.2265	0.00862885	0.780823	1
10	7.78458	6.6293	-1.12144	0.65085	1
10	9.58857	36.1067	1.13538	-0.824472	1
10	7.14255	32.4155	-0.993918	-0.0760062	1
10	21.0708	32.7595	1.12144	-0.722077	1
10	13.1852	37.067	1.09125	0.378816	1
10	16.1296	6.4292	0.553353	1.45832	1
10	15.2986	29.7187	0.203747	0.44501	1
10	17.5018	30.7289	0.381971	-0.475287	1
10	11.0936	2.16853	0.601733	0.884744	1
10	39.1373	27.1525	-0.556114	0.385506	1
10	12.2597	5.98801	1.11907	-0.152974	1
10	7.02582	4.1786	-0.659807	-0.487135	1
10	22.8636	33.5717	-1.38205	0.0237551	1
10	21.9881	5.43015	0.636887	-2.66191	1
10	23.138	2.16041	0.709353	-1.88282	1
10	24.5862	26.5255	-1.39168	1.27824	1
10	16.6269	31.903	0.496132	-1.46318	1
10	38.2656	33.1569	-0.33981	0.308231	1
10	24.5232	30.2594	0.122564	0.485493	1
10	25.5624	34.8809	1.87124	-0.38299	1
10	29.5306	3.16637	0.667374	-0.685603	1
10	38.6592	36.8104	1.25635	1.24614	1
10	30.9796	36.4345	-0.889151	0.142682	1
10	29.3202	24.616	-0.842859	1.634	1
10	32.3424	3.80722	1.39557	0.981546	1
10	32.9444	32.6122	0.319164	1.36765	1
10	31.9489	38.2711	1.21894	0.804576	1
10	2.06846	32.9977	0.731117	-0.17364	1
10	32.7967	26.8781	1.01504	0.492087	1
10	2.33411	5.14806	1.02075	-0.386821	1
10	29.4706	37.9852	0.112111	0.226606	1
10	5.33731	32.2351	-0.446573	-0.540817	1
10	34.3101	13.2448	0.108097	0.302406	1
10	0.654484	6.37831	-0.219115	-0.241797	1
10	6.79228	5.435	0.612589	0.350761	1
10	9.36462	1.09939	-1.18968	0.288314	1
10	5.86964	9.71199	0.429856	-0.832697	1
10	34.7643	4.127	1.75483	0.712181	1
10	8.83006	33.5294	-0.198448	-2.85289	1
10	19.1395	36.266	1.3808	0.550409	1
10	6.703	6.66011	-0.637539	-1.29178	1
10	3.30535	36.4198	0.0937052	0.445866	1
10	18.896	38.3284	0.708842	0.76516	1
10	8.02987	3.76325	0.0890691	-0.157752	1
10	14.3155	33.5594	-0.0908657	-0.209459	1
10	19.3798	31.7889	0.268578	-0.877835	1
10	27.7233	35.6025	1.26679	-0.795436	1
10	37.0099	38.8702	1.3272	-0.104589	1
10	14.8719	23.2667	-0.915534	-0.389686	1
10	35.7778	3.75981	-0.379012	-0.706583	1
10	23.7943	36.8183	-1.56029	-2.13981	1
10	30.6234	38.4169	1.11628	-0.54415	1
10	29.8895	32.3455	-0.940987	-0.101692	1
10	25.6903	2.0272	-1.56774	-0.941358	1
10	31.5807	37.3372	0.740362	-0.746806	1
10	36.8886	9.88807	1.03018	-0.388469	1
10	31.4783	32.528	-1.13258	-0.0655284	1
10	33.6037	38.1188	0.333445	0.595233	1
10	36.8586	3.41274	-1.14621	1.94809	1
10	21.53	30.3833	-1.21116	-0.00495019	1
10	33.1419	9.30984	-0.22692	0.90198	1
10	1.41059	1.75574	0.958037	1.02161	1
10	2.43869	34.0207	0.0221593	1.80362	1
10	1.94402	2.731	0.01621	-0.116461	1
10	7.85166	36.7488	-0.0328478	-0.612343	1
10	7.45714	38.6933	-0.918912	0.427616	1
10	9.17091	32.5023	1.21491	-0.452157	1
10	6.84731	34.8272	1.14068	-0.29528	1
10	8.31587	9.11478	0.557979	1.14865	1
10	33.4098	34.2332	0.956368	-1.78698	1
10	21.9462	34.1596	-0.622009	-0.84688	1
10	10.1727	2.70071	-0.757809	0.699128	1
10	4.98141	1.28492	-0.875364	0.757539	1
10	36.4782	4.45619	-1.00712	-0.766753	1
10	11.2841	0.92743	-1.08775	-0.913144	1
10	22.2529	32.6357	0.0456237	-1.17233	1
10	16.0406	39.2182	-1.15795	-0.613951	1
10	11.6211	30.2534	-0.336396	0.734348	1
10	18.3547	0.449782	-0.310621	-0.366027	1
10	22.2675	38.2717	0.559079	0.298365	1
10	38.2183	37.6911	-0.230236	-1.06435	1
10	21.3465	2.53987	-0.966034	-1.01451	1
10	24.8518	39.8637	0.486585	0.00311064	1
10	21.2532	22.8045	-1.01805	1.12124	1
10	26.4667	39.8959	0.726639	-0.268364	1
10	26.7043	27.7036	0.41915	-0.0381014	1
10	30.1347	26.7303	-0.754107	-0.412734	1
10	32.4787	4.78068	0.122171	-0.488948	1
10	34.3497	2.19537	0.671685	-0.683127	1
10	37.15	37.2574	-0.90228	2.00635	1
10	35.871	0.380491	2.13058	0.320844	1
10	21.7391	31.6394	-0.126144	0.148143	1
10	31.0429	0.549652	1.12018	0.281214	1
10	34.9186	39.785	0.0398831	0.582523	1
10	39.534	1.00861	1.46238	0.0597611	1
10	3.30903	34.885	0.833359	-1.03676	1
10	6.33078	35.9178	0.926628	-0.981458	1
10	37.8099	3.63137	0.754282	0.919028	1
