5	36.9537	31.129	0.416773	-0.109591	1.05287
5	34.8639	30.6652	-0.0321337	-1.1069	0.947479
5	38.9869	38.9223	0.052797	0.348494	0.939138
5	34.8409	2.68212	1.38183	0.506017	1.25706
5	7.74214	39.0065	1.47187	0.927418	1.07633
5	38.9017	0.081556	-0.0814816	-1.4277	0.97114
5	6.25371	2.56946	-0.695226	-0.54516	1.05532
5	15.4794	10.9313	-1.57278	0.879591	1.07242
5	12.4882	2.969	-0.339335	-0.987791	1.026
5	7.13039	0.403498	2.09071	-0.27276	0.976391
5	14.7355	36.8308	-0.0130203	0.521056	1.01192
5	7.38221	2.03208	1.7463	0.689881	1.18542
5	21.6386	34.6318	1.1735	0.493293	0.975637
5	25.7326	33.7979	0.238193	-0.325339	0.92656
5	15.9167	30.5128	1.51482	0.595306	0.976662
5	17.0854	36.6878	0.594838	-0.373702	0.975364
5	4.7466	28.8767	1.00581	-0.869896	0.997112
5	13.5445	31.7098	1.0288	0.0218132	1.02598
5	22.9266	4.27653	-0.0621301	0.16162	1.24916
5	31.7555	6.58266	0.389558	0.160637	1.11083
5	23.8196	37.3118	0.519344	0.793416	1.16011
5	29.1791	5.29634	0.00189925	0.851111	1.15204
5	23.603	32.2181	0.0567111	-1.41916	1.04785
5	31.7224	4.51819	-1.28078	-0.103642	0.902038
5	32.2466	1.07781	1.04765	-0.458288	0.795111
5	27.5309	39.1001	-0.844951	-0.112907	0.931817
5	1.41363	2.39625	0.266249	-0.622809	1.01436
5	37.813	11.8419	1.49141	0.567773	0.94092
5	34.2749	39.5595	-2.03714	-0.921926	1.06321
5	2.81992	11.5392	0.593957	1.26889	1.05918
5	6.48881	13.2341	1.68959	-0.239062	0.809015
5	9.55031	14.4573	-1.47061	0.427483	1.01917
5	2.86824	5.1927	2.67385	-0.410299	1.03724
5	3.24049	39.7907	0.181225	-0.60244	1.06177
5	4.71103	1.13093	0.897714	0.066533	0.885971
5	36.0986	1.74322	1.09997	2.54021	1.01255
5	4.77147	9.31134	-0.495002	-0.668479	0.843364
5	3.22976	37.7218	-0.728096	1.05945	0.977559
5	4.14122	38.1813	1.57999	-0.42135	0.965938
5	14.4276	4.1514	0.874805	-0.261677	1.04249
5	9.92323	3.44563	-0.0539438	-2.00107	1.05394
5	11.3456	34.8328	-1.52497	1.08711	1.04389
5	0.964999	33.916	-1.086	1.09165	0.849696
5	11.7469	3.83478	0.674999	-0.559969	1.15581
5	18.4895	39.1369	-0.53128	1.85982	0.909238
5	10.9088	1.78009	-0.29122	-0.477378	0.895328
5	10.9996	37.0362	1.83754	0.61768	0.92336
5	17.2872	3.96127	-0.589816	1.51253	0.976647
5	28.2354	6.26028	1.11507	1.61355	0.960469
5	28.0281	4.26391	0.0724998	0.963329	1.01579
5	18.1184	0.29115	-2.22157	-0.16462	0.904588
5	13.5929	35.8892	-0.33639	-0.263773	0.905845
5	22.0543	9.16719	-0.533841	0.16162	1.16905
5	28.4705	3.1794	-0.973093	-0.702464	1.07773
5	32.2735	34.8021	0.586727	-0.424725	1.05068
5	25.516	11.3443	0.423871	-0.392642	1.07555
5	28.5345	36.7685	0.394803	-0.995769	0.854925
5	25.7711	38.4498	-0.298968	-0.249305	0.992584
5	33.0867	0.730009	0.908997	0.678014	0.978369
5	34.0669	7.3326	-0.170596	-0.9355	1.16716
5	0.647849	1.5791	-0.824303	-0.359541	1.06387
5	35.51	0.362782	-0.823936	1.0343	0.994022
5	35.7829	8.92373	-0.95022	1.08217	0.952121
5	3.58861	7.14801	-1.14688	0.669573	1.02988
5	6.77119	39.4351	1.19127	-0.0203438	0.834598
5	36.1927	37.86	0.815801	0.268701	1.14275
5	39.6852	1.09935	-0.812756	0.459351	1.06822
5	36.5185	0.634292	1.8568	-0.00112304	1.14714
5	12.6751	7.95066	-0.649416	-0.0335511	0.808892
5	36.5903	39.2404	0.711902	-2.22635	1.09979
5	35.5441	6.80194	0.737474	-0.258459	0.957236
5	6.22886	6.89391	-0.317998	-2.55432	0.945794
5	10.2987	34.3035	1.68836	-0.444604	1.13334
5	7.76856	7.25344	2.20286	1.95242	0.96705
5	2.32248	1.76859	-0.288091	0.23242	1.02799
5	6.29786	15.3123	-1.58671	-1.93322	1.00098
5	9.74744	2.32102	-0.620643	2.50933	0.924032
5	18.1916	35.9152	1.13729	-0.553026	1.12374
5	16.1388	1.9913	0.131751	-0.718972	1.04784
5	16.6744	7.9632	1.15841	0.803049	0.899323
5	9.89303	4.6836	-0.470873	-0.407417	0.926327
5	31.8919	5.44849	-0.523218	-0.0582323	0.998632
5	26.1092	1.09824	-1.94948	-0.315761	1.00461
5	25.1868	4.4689	0.706133	-0.211852	1.19149
5	31.0372	0.651714	-1.30133	-0.489365	0.889748
5	25.1134	0.457313	-0.432669	-1.53958	1.10798
5	30.777	9.94522	0.835759	1.8825	0.926953
5	35.79	11.4407	1.62441	1.10284	0.987513
5	18.2867	4.99154	2.29073	0.321672	1.03163
5	29.4082	36.0191	-0.451101	0.334823	1.12402
5	32.2562	8.11793	1.07375	-0.68331	0.951236
5	36.5106	4.36664	-0.386741	0.415028	0.953273
5	28.2172	37.7577	-1.13082	0.0147767	0.989545
5	2.79128	8.15811	-0.795158	1.14544	1.13406
5	3.71717	1.39415	-0.286687	0.475959	1.00139
5	38.7436	7.47697	-1.11026	1.89304	0.877926
5	3.42626	2.93786	0.316929	-0.59084	0.937331
5	35.1067	36.1984	0.895536	-0.488959	1.15401
5	16.6749	3.12259	-1.23457	-0.510747	1.05234
5	7.25843	8.11649	1.51489	0.948764	0.83217
5	0.166709	2.67693	1.91987	-1.30984	1.11106
5	4.14805	8.50082	-0.805313	1.01991	1.07911
5	2.60097	6.23119	0.925289	0.0207087	0.980132
5	1.63602	0.763407	0.502723	0.658208	1.17847
5	5.26069	39.7103	-0.177884	-0.483967	0.968647
5	3.52413	13.5827	0.293434	-1.02237	0.910589
5	39.9494	39.5871	-0.324987	-0.733629	1.2101
5	8.56071	5.38993	0.0373208	0.746323	1.02193
5	8.66769	6.59067	0.428556	1.33398	0.908248
5	11.3435	4.97162	-1.36926	-0.00172578	0.982876
5	10.6842	4.34029	1.29511	1.60689	0.797761
5	13.4125	37.0973	-0.725945	0.240011	1.06506
5	17.5986	33.044	-1.50738	-0.351168	0.772408
5	21.264	8.27289	1.27914	0.199728	0.948526
5	22.7996	37.7739	0.501612	-0.427345	0.954032
5	13.7473	0.258014	-0.337045	0.716358	1.0871
5	28.198	7.95392	0.362942	-1.34764	0.828045
5	21.5765	7.35752	-1.13939	1.41889	0.966907
5	23.0403	9.69784	0.712185	-0.230671	1.04529
5	20.1872	3.56903	-0.180608	1.49628	1.161
5	30.7704	2.38422	-0.118001	0.381143	1.06128
5	25.4217	12.749	-0.406137	1.10899	0.928709
5	32.486	11.376	-0.00607695	-0.124647	0.966148
5	26.7743	7.65404	0.726997	0.303906	1.11228
5	37.2314	2.09981	0.361977	0.366704	1.09961
5	25.6791	8.12861	0.591394	-1.42164	1.00023
5	34.2628	6.21749	1.53537	0.595118	0.939589
5	34.9017	1.3917	0.506874	-0.373757	1.00976
5	1.44451	4.95789	-2.0389	-0.114008	0.861294
5	37.2355	9.0499	1.32851	-0.545549	1.0142
5	33.9866	10.423	-0.0975846	3.06437	1.03877
5	8.9086	7.65915	-0.5375	-0.453423	1.10492
5	11.1392	30.8416	-0.546197	1.76733	0.890209
5	36.9256	3.43726	-0.161079	-1.05512	1.05727
5	39.7601	12.3678	0.644402	-0.534785	1.03069
5	11.3673	6.18383	0.0390487	-0.133865	0.950758
5	6.25341	5.68558	1.77622	0.971268	1.03849
5	7.70595	9.91833	-1.20154	-1.54543	0.983774
5	4.25873	2.24834	0.219353	0.0259912	0.904413
5	9.12931	30.9744	-1.14655	0.302417	0.875078
5	9.91611	6.95542	-1.17234	0.432014	1.04267
5	29.2308	33.6665	-0.457594	0.915222	0.934138
5	11.3253	0.591989	-0.320764	-0.856645	1.05154
5	5.85415	31.8521	1.06002	-0.575839	1.08291
5	13.0595	39.2723	0.905006	0.7095	1.14691
5	29.4734	3.94688	1.57606	0.0534423	1.05957
5	6.08573	1.50199	-1.32563	-0.790174	0.937754
5	22.7239	5.89824	-0.0398838	-0.21251	0.956706
5	23.7371	0.275309	-0.602631	-0.111845	1.03943
5	30.1494	6.02704	0.394206	-0.780583	1.03425
5	18.1842	37.5659	-1.12002	-0.944156	0.968696
5	29.6788	37.1736	-0.596609	-0.489611	0.976431
5	29.4047	1.20004	1.62527	0.770181	0.969879
5	24.8774	39.3062	1.10789	-0.349245	1.0033
5	25.1026	3.22796	-0.822582	1.2555	0.988273
5	24.5683	8.18858	0.72191	-1.26644	0.90043
5	29.4268	38.3451	-0.786707	-0.159154	1.08115
5	30.3614	7.54965	0.947346	2.65892	1.10996
5	34.1317	9.0558	1.41187	0.199034	0.921734
5	27.2128	37.6699	-0.0241722	-1.5841	1.00798
5	24.7797	27.9014	-0.294891	0.764018	0.862318
5	17.9997	6.15186	0.50969	-1.78414	0.970769
5	33.3507	5.55715	-1.17328	0.297969	0.891255
5	5.32599	38.7105	-0.985903	-1.13215	1.10178
5	39.4421	8.75323	0.315653	0.49208	0.849497
5	0.466754	8.77727	0.282646	0.682325	0.964389
5	39.832	7.66282	0.463494	-0.645588	1.10296
5	7.97014	11.0374	0.772196	0.534703	1.24608
5	6.08212	4.25977	0.293523	-0.871019	0.894324
5	7.15635	4.84103	0.134068	-1.11101	1.04002
5	39.6946	6.35157	1.33361	-2.25185	1.05541
5	2.13548	3.76948	2.12372	-0.0183711	1.00049
5	16.8075	1.25716	-0.366603	2.01731	1.04691
5	14.7169	6.07029	0.408787	1.2189	1.02162
5	19.3585	4.68274	0.0277443	0.167172	0.944313
5	5.35222	5.21936	-0.408809	-0.408922	0.894753
5	12.7452	16.165	0.30344	0.174874	1.00366
5	18.9591	13.8009	1.37156	0.148957	0.999687
5	15.7108	8.08451	0.0634799	-1.07191	1.02454
5	4.07781	39.2	-0.960758	1.16078	0.92108
5	17.1555	6.889	1.69949	1.1857	0.986509
5	14.9304	0.584658	0.376933	-1.14888	0.912131
5	24.4792	9.63211	-0.846511	-0.910939	0.968554
5	26.7001	9.61336	0.963953	-0.367504	1.0591
5	22.9049	1.92006	-1.41308	-0.379959	1.07249
5	30.969	21.9587	-0.725641	0.662914	0.926529
5	37.493	12.8811	1.99056	-0.110396	0.868034
5	33.2733	8.27344	1.45933	0.686286	0.960466
5	24.2306	12.0683	0.431137	-0.755202	1.13284
5	32.8848	6.81624	0.365513	0.269676	1.16335
5	25.1766	13.8858	-0.11092	-2.2227	0.833039
5	34.6005	13.5285	1.24171	0.204331	0.759895
5	33.1351	38.4761	0.43472	-0.88254	1.16971
5	27.4312	36.2891	-0.820873	1.57699	1.12323
5	29.6748	14.0292	0.975313	-0.4817	1.02474
5	38.615	6.20467	0.869323	-1.4564	1.02669
5	34.9785	9.74221	0.159694	-0.782563	1.14343
5	36.4858	5.76762	0.706445	-1.09378	1.08101
5	38.7431	12.4553	-1.52623	-0.754987	0.800965
5	0.260016	9.84625	0.82105	0.326376	1.10481
5	33.7587	16.8593	-0.552851	1.35664	1.05833
5	9.42077	10.903	0.855437	-1.02971	0.922586
5	16.6877	5.77863	-0.159692	-0.682598	1.08892
5	11.4107	11.3488	-0.422448	-0.171523	1.0121
5	3.90056	4.62613	-2.21479	0.550338	0.92865
5	13.0802	34.964	-0.135926	0.763509	0.94102
5	2.84555	16.5961	-0.913464	-0.228491	1.15832
5	9.72475	39.7177	0.162164	0.846039	1.08352
5	5.01252	4.27067	-0.425761	0.293687	0.819986
5	10.1864	0.912705	-0.847508	0.232967	1.10243
5	21.179	3.0999	-0.503516	-1.47661	0.916297
5	24.1293	3.9204	0.45184	-1.29168	0.998895
5	12.9806	4.47093	1.71752	0.593914	1.06713
5	25.1512	1.85718	-0.147425	0.900314	1.14424
5	13.847	8.10285	0.841861	-1.90592	1.15085
5	22.2983	10.554	0.826862	-0.427298	1.09502
5	28.1724	13.72	0.932127	0.853698	0.959073
5	20.5953	7.24326	0.312211	-0.375116	1.03552
5	25.7625	7.03187	-0.0112453	0.829281	1.1048
5	23.8946	2.69157	0.59228	0.120002	1.02167
5	16.5421	10.5663	-0.0230309	1.24729	1.02129
5	25.2347	6.00567	0.223625	1.20215	1.0764
5	29.2947	7.14794	0.230683	-0.235611	1.06753
5	0.00934206	16.3361	2.2494	-1.0889	0.819467
5	32.7359	13.4247	-0.755616	0.258581	0.909768
5	4.06776	5.81313	2.44301	-0.853317	0.946268
5	31.7147	3.15069	-0.522121	-0.271153	1.04509
5	36.7498	15.5314	0.194694	-0.0606677	1.06482
5	26.974	14.0091	-0.245433	0.0624566	0.954411
5	38.718	10.5965	0.077552	1.91993	0.909098
5	37.6062	6.87167	-0.390019	-0.660264	1.10945
5	36.1824	9.97978	-0.111359	1.08341	1.04822
5	33.4909	11.515	-0.132396	-0.406138	0.787519
5	1.02984	7.1963	0.180684	-1.5455	1.18516
5	4.67765	12.0161	-0.081523	-0.424607	0.835288
5	10.5144	5.57136	-0.237708	-0.906789	0.925506
5	2.75723	9.34753	0.0165327	-0.198632	1.01144
5	17.0247	13.2564	-1.27359	0.627633	0.673106
5	11.0471	2.73114	-0.508249	-0.615621	0.954705
5	23.839	1.26691	1.14273	0.778688	0.911092
5	12.0812	7.04824	-0.251027	-1.04164	0.912556
5	15.8326	6.8797	0.805328	0.1284	1.11182
5	8.68475	2.05605	-0.138236	-0.860531	1.03823
5	8.80649	36.7689	1.35181	-0.724412	1.06344
5	17.9371	3.09206	0.554736	0.417684	1.02967
5	20.1907	2.29816	0.0719185	0.849923	0.98664
5	15.9031	38.4609	-0.533369	-1.16175	1.01285
5	23.4186	38.7001	-0.797577	0.644043	1.14892
5	19.638	5.87024	-0.583756	-1.23974	1.04911
5	19.5464	17.422	1.08307	0.478336	1.0118
5	30.9051	12.3796	0.315958	0.299853	0.868632
5	20.7432	13.8253	0.465287	0.398401	1.11363
5	33.2025	9.33153	-0.743376	-1.55421	1.00124
5	34.0705	4.69428	-0.59396	0.177682	0.903026
5	27.3873	8.51673	0.50091	-0.660197	0.92553
5	36.6372	12.5784	-0.556398	0.654292	0.903086
5	35.0529	5.56478	-0.448913	-0.160206	1.00988
5	2.27183	38.8322	0.0552323	-1.37955	1.08114
5	35.4804	13.1014	0.611689	0.241167	0.922249
5	31.9449	12.5808	-0.717719	1.36668	1.03284
5	34.905	8.65101	-1.01532	0.665341	0.762293
5	35.6167	15.4809	-0.34787	1.21916	0.985325
5	35.1056	4.43773	-0.263227	-1.476	1.14603
5	8.81733	38.1637	-0.127905	0.708984	0.998413
5	5.05024	23.8925	0.250688	0.569347	0.760413
5	32.3002	17.8581	0.566583	-0.664866	1.01886
5	5.18407	6.29559	1.31615	-0.0356566	1.03306
5	8.53568	15.4852	-1.7996	-0.989115	1.19345
5	11.2847	15.4901	0.412441	0.314729	0.845594
5	10.7384	8.87187	0.258682	-1.45659	1.15656
5	13.3997	3.50528	-0.520302	-0.166752	1.02494
5	8.85185	9.18082	0.570269	0.111103	0.919059
5	8.19568	12.707	-1.07452	1.37587	0.997357
5	5.59972	9.80132	-0.467829	0.833215	1.11297
5	13.8608	14.0956	-1.08795	-0.921678	0.997899
5	13.4703	6.57866	-1.21085	0.917938	1.16777
5	15.7023	4.03602	0.515	-0.334076	1.12769
5	15.7788	9.45148	-0.337759	0.0117688	0.946353
5	12.3711	5.36802	1.93666	0.412382	0.795489
5	15.7138	39.6279	-0.448406	-0.653908	1.07558
5	22.4088	3.01886	1.06078	-0.399962	1.01272
5	23.6921	6.51291	1.18042	-1.46821	1.04431
5	23.1942	12.3763	0.240895	-0.693514	0.956197
5	19.6618	8.06429	-0.0518674	-0.182733	0.887342
5	29.1232	8.39742	2.12806	-0.849583	1.03889
5	30.1509	13.1019	1.3438	0.362999	0.941107
5	21.7076	17.2951	-1.01907	0.689619	1.01289
5	35.6069	7.79853	-0.963725	-0.532264	1.05199
5	33.0304	14.8974	0.443959	1.43921	1.01602
5	25.3595	9.06861	1.20427	-0.129793	0.948893
5	17.2799	15.9587	0.934982	-0.501133	1.02732
5	30.7811	14.1372	1.90999	1.53886	1.10272
5	36.2104	17.5501	1.83806	0.710575	1.07192
5	34.6385	11.9983	0.0845174	-1.36211	1.04503
5	1.45735	16.5327	1.74898	-0.876257	1.08444
5	36.5685	7.14565	1.30971	0.373565	1.14986
5	39.1846	13.5617	-0.880299	-0.152427	1.04132
5	2.58389	18.5624	-0.25323	1.29373	0.88976
5	4.20386	0.209888	-0.592558	-0.430706	0.871631
5	6.102	18.5773	-0.691506	-0.151008	0.886968
5	37.9102	15.9479	0.417852	-0.24293	1.14447
5	37.1555	18.3564	0.418054	0.0200925	0.881165
5	10.3891	12.9938	-0.367118	0.895964	1.05497
5	9.78909	9.74214	0.190813	-0.650647	1.05417
5	37.3025	10.4075	-0.557875	-0.24874	1.23637
5	12.0501	9.02687	0.921902	0.704615	1.05645
5	15.0252	1.98981	-0.683786	0.622225	1.00559
5	17.5488	11.261	-0.374301	-0.00633642	1.00416
5	18.0858	7.57413	0.707519	-0.453654	1.03635
5	15.4854	5.00216	0.727641	-1.1234	0.900822
5	18.3889	10.637	-2.50171	-0.713485	0.851813
5	17.8115	8.57074	-1.06513	0.982797	0.941289
5	26.9116	4.31747	-0.198887	-1.23646	0.988242
5	23.0133	17.212	0.0352679	0.334618	0.929338
5	19.6191	9.20977	-0.133853	0.183969	0.825775
5	23.9564	5.26333	0.650386	0.533589	1.06464
5	14.949	18.9992	-0.0934588	-0.889924	0.849349
5	19.2025	10.0286	-0.42159	-0.0855345	1.02638
5	24.3154	13.2953	0.658536	1.56001	0.931546
5	25.6568	10.1413	-0.711261	-0.590982	0.966834
5	34.9872	10.9018	1.34055	0.664633	0.967442
5	13.8826	19.2786	-0.915622	1.2161	1.02745
5	37.9204	8.0146	1.27179	-0.312047	1.09178
5	28.3788	17.1309	-1.61848	1.18596	0.931271
5	24.5523	10.7937	1.1445	-0.548905	1.01681
5	0.438831	17.2229	-0.657372	-1.29418	1.02293
5	34.1226	19.483	0.494566	0.479478	1.06715
5	32.6324	16.4118	-1.2164	-1.22978	1.14209
5	29.1162	14.9269	0.941427	-1.2079	1.09635
5	29.6179	12.0691	0.879085	-1.16075	0.962484
5	0.767263	10.7953	0.151558	1.15451	1.04991
5	7.12946	6.36029	-2.18987	0.410582	0.962727
5	0.692336	13.4355	-0.362893	1.50941	0.92501
5	2.25153	12.5006	-0.527426	1.01143	0.918988
5	3.83404	9.61322	-0.196279	1.22306	1.03274
5	12.6891	14.7252	0.164254	1.23928	1.00286
5	2.98953	22.7162	0.268136	-1.08556	0.740997
5	10.7563	7.73278	0.267948	1.36127	1.08731
5	13.8436	5.32473	0.571192	0.227039	0.975299
5	8.6763	14.0487	0.523847	1.20657	0.958491
5	22.8153	7.1125	-0.709283	0.196215	0.973967
5	20.6912	0.720315	-0.457504	1.20857	1.03814
5	16.954	39.8523	0.723275	-0.861474	1.06302
5	8.76839	10.2749	0.899847	1.37545	0.97514
5	20.9828	12.7301	-0.587385	-0.825382	0.868623
5	21.0956	10.8859	1.17568	0.484354	0.801815
5	29.4663	9.50186	1.7678	0.292384	1.12179
5	31.7025	9.54307	-0.95143	-0.292114	1.01218
5	19.938	15.9546	-0.682972	0.158276	0.91505
5	26.722	11.844	1.00044	-1.04918	1.16069
5	29.3057	10.7931	-0.31716	0.00813755	1.06095
5	20.5652	23.528	1.13765	0.671906	1.00343
5	31.6565	13.5273	0.554286	0.215664	0.857313
5	28.4253	12.2514	1.27409	0.0977151	0.944168
5	33.098	25.5853	0.806451	-0.136567	0.847043
5	37.8328	5.3958	-1.39139	1.92516	1.05344
5	19.8059	20.1998	-0.134477	-1.76187	1.03559
5	26.0592	13.5457	-0.927265	-1.23265	1.01471
5	19.3588	21.3033	-0.827293	0.0149365	1.09554
5	32.7805	10.2058	-0.41647	1.24883	0.984209
5	31.1542	15.2761	-0.148595	-0.437215	1.13311
5	34.4292	15.8225	-0.0768732	0.390313	1.04724
5	38.7622	9.38525	1.29617	0.220433	0.89063
5	33.1552	12.4283	0.333755	0.423642	1.02345
5	39.1514	11.4084	-0.21399	-0.357259	0.944736
5	9.17809	11.8513	-2.66424	1.78129	0.868835
5	2.24438	24.6259	0.108097	-0.672441	1.02386
5	6.02844	11.6311	0.751146	1.96346	0.937678
5	7.50421	13.4947	2.1403	0.7847	1.05503
5	14.7217	8.83065	1.77221	0.0706424	1.10561
5	1.54206	8.2565	1.29083	0.959648	1.09762
5	20.4403	16.9466	-2.20349	0.482727	1.06175
5	11.2819	10.0384	0.911923	-0.279031	1.19522
5	17.6021	2.02097	-0.171514	-0.154534	1.03169
5	16.3453	11.745	-1.17656	-0.639613	1.04318
5	18.5699	3.99076	0.684027	0.592678	0.918605
5	23.4599	8.72955	0.566921	-2.04875	1.08889
5	21.8951	18.4827	0.214035	-0.482754	1.07294
5	19.6749	12.3265	-0.74349	-0.297746	1.13561
5	15.2452	20.6025	1.52878	-0.0020187	1.09488
5	14.6217	7.26797	-0.858711	1.5614	1.01055
5	20.9698	11.8659	-0.584605	-0.113108	0.915896
5	21.9016	13.0745	-0.51245	0.949159	0.929554
5	23.9026	17.7533	0.0866858	-1.29696	0.955324
5	19.4995	11.0861	0.510169	-1.61878	1.00405
5	18.3307	12.0437	-0.81509	1.75611	1.01627
5	27.6698	5.32384	-1.12082	1.6956	1.04402
5	31.4369	1.59611	-1.48878	-0.148014	0.978351
5	23.0169	13.5114	0.418214	0.629564	1.1435
5	37.2622	19.3942	0.955304	-0.751304	0.902288
5	33.6117	13.9118	0.759258	-0.681217	0.94688
5	32.6051	26.746	-0.141942	0.416296	0.956562
5	38.0774	13.6757	-0.427752	0.566769	1.01331
5	1.35672	9.50686	0.534576	0.389407	0.838978
5	0.914231	12.391	-0.823194	0.403067	0.986992
5	13.3071	11.6506	0.130004	1.06105	1.08988
5	1.02613	23.8058	-1.09432	0.606479	1.0452
5	39.5204	5.10942	1.30761	1.07995	1.03366
5	4.77171	15.398	0.533138	0.0814429	0.978294
5	1.45106	6.04497	0.124415	0.899005	0.855219
5	9.80399	23.2656	0.963162	-0.506339	0.977043
5	11.5268	12.4668	-1.51294	2.14794	0.90702
5	4.04908	16.7161	1.679	-2.47955	0.940533
5	15.1058	17.9457	0.522624	0.375445	0.926766
5	39.0683	21.1886	-1.42084	-1.99592	1.03652
5	10.3856	10.6691	1.06368	-0.253515	0.894836
5	11.3635	21.2724	-0.379046	0.321495	1.05904
5	18.4617	18.3428	1.10464	-0.561188	0.935742
5	15.152	12.1958	-0.974182	-0.48283	1.13504
5	9.2721	17.6935	0.646697	-0.398242	1.1254
5	18.8129	6.67471	0.708071	-1.12502	0.99045
5	13.6687	9.26649	1.87	-0.700202	1.08772
5	15.408	13.4395	0.468793	-0.648039	1.02303
5	21.7277	16.0174	0.0500587	1.62358	1.0591
5	18.2958	22.0059	-0.1478	0.239891	1.03903
5	21.3887	24.5063	-0.111566	0.835256	0.900031
5	27.0612	15.5128	-0.0255155	-0.434066	0.813238
5	27.8756	11.3296	-0.202054	-1.30998	1.16658
5	30.4579	8.80575	0.778534	0.508992	1.00623
5	29.9497	18.8165	0.101569	-0.830959	1.06807
5	29.549	17.2255	-1.2158	-0.851828	1.11145
5	26.9015	6.37843	0.196831	0.558499	1.24022
5	28.8821	18.2961	1.75282	0.225065	0.938252
5	35.2454	23.6323	0.645236	0.400572	0.85336
5	36.4388	20.8567	-0.585278	0.802808	0.969076
5	30.5868	11.3311	-1.83886	-1.33954	0.990007
5	30.1635	15.006	0.365586	-0.72515	0.941548
5	39.4676	24.2846	0.956426	1.74991	1.05686
5	36.2185	16.4258	-1.08172	0.349566	0.982775
5	6.16808	14.3099	1.31208	0.31358	0.933066
5	4.62432	13.3875	0.07813	2.03065	0.929152
5	10.3011	21.3743	1.78415	0.714122	1.01498
5	17.8552	14.6442	-0.272839	-0.487581	0.955528
5	3.18358	10.4467	-0.0841103	0.393229	0.960927
5	3.14867	19.564	-0.502278	-1.17518	0.934051
5	7.55098	23.9049	0.730801	-1.66499	1.20842
5	2.01689	10.3398	0.835856	-0.704494	1.1588
5	14.7593	27.1668	1.38858	-0.172852	1.08392
5	14.0771	12.9591	-1.3389	-0.93192	1.18565
5	12.1184	20.0652	0.413444	-0.790778	0.940922
5	7.044	12.2922	-0.775502	-0.61609	1.11355
5	16.3188	12.7845	0.161084	0.125106	0.965002
5	18.6344	15.211	1.84914	0.618553	0.8697
5	14.9924	15.1137	0.326741	-0.252817	1.04
5	9.3084	13.3094	-0.0209179	1.68456	1.00709
5	16.1339	16.0483	-1.47632	-1.10977	0.998425
5	16.3399	13.9222	1.51369	0.689568	0.841373
5	25.9575	14.7119	-0.969491	0.318345	1.20383
5	12.1909	18.7547	-0.626491	-2.40509	1.14444
5	26.2434	17.6596	1.22435	0.430529	1.08821
5	24.6275	14.6824	-1.86884	-0.332855	0.995824
5	30.3217	16.0109	1.16085	-0.283599	0.991229
5	29.084	28.6075	0.566901	0.277646	0.94135
5	26.6929	18.6063	-0.0687039	-0.301679	0.847731
5	21.6152	21.0024	-0.734201	0.096117	1.0312
5	25.6636	18.7616	0.785393	-0.149873	1.05868
5	22.461	22.3224	-0.0713871	0.248888	1.05182
5	37.6294	14.8444	0.887813	-0.311808	1.02989
5	32.044	14.4881	0.0858353	0.350502	0.846784
5	28.8342	19.2936	0.881864	-0.81693	0.841041
5	30.6239	17.8296	1.22131	0.109399	0.971308
5	8.0521	16.7867	-0.0733437	-1.26611	1.06054
5	0.936579	14.7458	1.46216	1.88835	1.12303
5	7.3007	14.6862	-0.637296	-0.631044	0.804941
5	3.51125	27.1009	-0.0927025	-0.573038	1.13072
5	4.67497	10.4181	-0.27193	-0.354092	0.918083
5	6.88634	26.9642	0.53143	-0.157325	1.08595
5	38.2266	20.2902	1.87582	-1.44404	1.08921
5	7.84685	19.8891	0.274498	-0.55508	0.936757
5	17.8579	13.5288	-0.186856	-1.08241	1.04198
5	10.133	15.3157	0.353034	1.55229	0.93557
5	2.47901	20.3918	0.943403	1.8786	0.915052
5	15.6276	22.7783	0.249781	0.0858784	1.06008
5	8.38728	18.8278	-3.29661	0.0316186	1.02637
5	18.7608	16.4278	2.36367	-0.00589702	1.03045
5	13.7267	16.9426	-0.937432	1.22015	0.77209
5	18.842	19.498	0.761832	0.0398242	1.0087
5	16.9188	20.4802	-0.547007	1.69058	0.85614
5	19.2677	28.4858	2.25868	2.03982	0.922624
5	13.7687	2.34613	0.638107	0.388518	1.19487
5	27.4686	12.9596	-0.179653	-1.90457	0.9413
5	24.9166	17.0858	-1.75484	0.175228	1.02689
5	12.262	22.7552	-1.91372	-0.0562162	0.993518
5	18.8523	8.61923	-0.911424	-1.0192	0.978877
5	27.9173	15.2001	0.398981	-0.284409	1.11033
5	30.2047	20.8071	0.248839	1.27291	0.892199
5	34.2768	17.8705	0.277397	0.0443306	0.969363
5	35.047	14.6209	0.086274	-1.96817	0.895891
5	35.0379	16.9506	1.08506	0.161144	1.01983
5	18.4244	17.4314	0.993802	-0.627712	0.951229
5	27.413	19.3078	-0.149741	0.276573	0.914439
5	32.5467	18.9731	-1.16363	0.607959	1.06388
5	35.1998	20.2785	2.162	0.674444	1.09131
5	28.8876	16.179	0.658806	1.92188	1.15311
5	35.0363	18.7583	-0.816884	0.82355	1.05816
5	5.99858	8.21107	-0.870323	0.410092	1.20479
5	5.09786	14.2725	-0.637033	-0.517853	1.01035
5	38.6344	14.9658	-0.025625	1.04372	0.908373
5	3.9586	18.7357	-1.05426	-1.92968	1.04845
5	12.6615	25.8548	-0.953841	0.575016	0.996292
5	7.60412	17.8208	-0.293165	0.760133	1.02373
5	14.3527	10.7216	0.0382759	0.768235	1.17466
5	10.3106	11.9373	-0.896603	0.538535	1.11695
5	6.95443	22.8018	-0.473574	0.434541	1.10914
5	22.6854	19.1771	0.532396	-0.487897	0.863419
5	20.2892	21.9287	-1.52929	-1.92246	0.843172
5	5.16028	19.4747	-1.60159	0.789623	1.10267
5	8.0006	8.69067	0.187092	0.108051	0.931626
5	14.5325	22.9434	-1.60473	-0.114033	0.934155
5	25.3874	15.617	-0.535347	-0.317414	0.893692
5	23.1391	18.3453	-0.13176	-0.758749	0.973185
5	3.15762	17.7245	0.614975	0.20008	0.999162
5	9.53572	30.0888	-0.792793	0.23271	1.03764
5	11.2009	19.1225	-1.40504	0.938193	0.711965
5	22.1755	11.7215	-0.209011	0.698738	1.14118
5	29.9007	26.6893	-0.767263	0.442737	1.05785
5	13.5407	15.2147	-0.24565	-0.900667	0.831106
5	29.0012	13.0625	-1.0979	-0.0327591	0.888759
5	37.4946	17.114	0.457746	-0.450607	1.00896
5	23.5199	30.9296	0.145778	0.0718161	0.93635
5	27.6002	16.2581	-0.0835769	-1.45726	0.968958
5	33.0254	24.4361	0.350575	-0.413761	1.09966
5	32.0984	24.843	0.973874	-0.244694	0.890092
5	33.9113	21.2367	-0.934874	0.455031	0.901392
5	38.4274	17.7	0.342372	-0.42661	1.00766
5	35.1982	21.463	-0.783878	-0.498843	0.967808
5	33.0822	22.8099	-0.940704	-1.01378	0.977735
5	0.615409	21.6103	0.169988	-0.150889	0.994967
5	34.135	24.9398	0.198195	-1.26923	0.995407
5	1.64953	11.571	1.18783	-0.718455	0.951372
5	36.6417	25.7232	0.446089	0.00403147	1.15396
5	4.14651	14.2206	-0.718457	-0.766317	0.933548
5	2.08571	17.5485	-0.919735	1.3303	1.12214
5	15.1528	16.2435	-0.714091	-0.416851	1.0442
5	8.92397	20.9674	0.0249186	-0.349983	1.02204
5	8.16045	24.9722	-1.80429	1.07641	1.10016
5	10.2828	26.4316	0.700262	1.24952	0.92516
5	2.30741	33.0011	-1.63572	1.67488	1.01689
5	17.2781	9.59816	1.67555	-0.190676	0.98146
5	36.2103	18.7319	-0.434509	0.313272	1.14381
5	13.8812	17.9324	-0.939154	-0.0951317	1.1643
5	10.321	25.3428	-0.141845	-0.044219	1.16649
5	20.9837	19.9939	0.554261	-0.0846458	1.12889
5	17.9889	23.225	-0.58672	-0.13773	1.02822
5	14.0296	16.1338	-0.811594	-0.123781	0.882712
5	16.9749	24.0363	1.16057	1.54303	1.12953
5	22.9615	16.122	-0.825323	0.199425	0.881478
5	16.0944	18.0038	-0.227294	-0.344543	0.929907
5	16.7354	15.1025	-0.134546	-0.42266	0.938823
5	20.9832	6.09743	1.38468	-0.614537	1.12928
5	24.1331	16.2127	0.68041	0.13554	1.08029
5	36.9436	22.4816	-1.79766	-0.293131	1.14049
5	25.8208	27.5177	-1.0388	0.0895079	1.09221
5	36.5128	27.0992	-0.260451	1.62584	1.00816
5	27.9357	18.3095	0.536059	-0.033637	0.884985
5	27.3408	17.3579	0.68975	-0.775069	1.04706
5	31.4615	18.3046	0.646321	0.016537	0.856262
5	25.1434	22.9052	1.03232	-1.13231	1.07152
5	35.3439	24.8097	0.704185	0.704628	1.08441
5	31.9886	20.482	-0.689878	-0.869757	0.909356
5	37.0507	13.8869	-0.228536	-0.196153	0.944952
5	38.2756	19.0313	-1.47839	2.16195	1.0482
5	1.75234	21.9356	1.70085	0.652209	0.983681
5	2.99572	21.4452	0.0210811	-0.209188	1.18314
5	5.41743	16.3623	-1.33794	-0.866069	1.06702
5	4.12037	17.7043	0.742621	0.95032	0.824006
5	10.7054	22.5013	0.869074	-0.502118	1.15925
5	9.40656	24.6714	0.793506	-0.775521	0.983577
5	7.72537	25.9789	1.96037	-1.59591	1.06133
5	13.4876	23.2959	0.755456	-0.901931	0.917036
5	12.7611	17.5817	0.46069	0.496538	1.135
5	9.04808	19.8216	1.06205	0.319202	1.104
5	10.4673	20.152	0.407588	-0.332246	1.09227
5	15.6317	26.4294	0.581748	1.19695	0.882439
5	18.1112	20.2979	-1.03928	0.727319	1.0202
5	20.5181	28.0278	0.850771	0.851651	1.12081
5	16.8358	21.9702	-0.478149	-0.554036	1.12655
5	27.3377	20.4368	-0.0208003	1.21214	0.941696
5	24.3668	34.7054	-0.157843	0.858401	1.06539
5	17.0807	17.8018	-0.640777	-2.03952	0.873462
5	17.7621	24.647	1.44331	-0.271327	0.929709
5	18.9161	31.2267	-0.777646	1.95402	0.93615
5	15.6886	24.4248	-0.27402	0.0387336	0.863807
5	16.6512	19.1388	-0.507183	0.67862	1.125
5	24.6468	18.3401	0.207085	1.07092	0.832753
5	30.9259	30.0815	-1.20698	-0.635807	0.82884
5	26.1849	19.9664	-0.238139	-1.28794	1.00967
5	26.0527	16.497	0.0241228	0.944252	0.912434
5	31.6023	16.2181	0.166409	1.45708	0.897019
5	35.9578	28.0733	-0.663391	-0.246368	1.12667
5	38.9073	23.0376	-1.61652	-0.101086	1.08324
5	1.8437	13.5415	-0.217257	0.668829	1.03485
5	6.52523	16.9476	-0.46532	0.0666063	1.24276
5	39.0479	16.8393	0.685086	1.8091	1.12299
5	3.02406	14.5303	0.857883	-1.19112	0.994894
5	39.4604	15.4125	-0.12909	1.21239	0.933465
5	3.56486	20.4382	-0.319481	0.0818392	0.951556
5	37.2411	20.2726	-0.270095	-0.327818	0.841157
5	8.16918	22.3156	-0.0924017	0.304186	0.995835
5	11.2186	23.7371	0.354715	0.689752	1.11281
5	9.23005	22.1711	-0.370004	-0.368246	1.01335
5	6.96725	19.3694	0.379302	-0.745775	0.916288
5	1.02534	32.6836	-1.22374	0.125979	1.09607
5	6.25445	20.5333	-1.08083	-0.0197556	1.07224
5	10.5213	18.1234	-0.986939	-0.736401	1.07308
5	11.5234	13.909	0.277326	-0.128695	0.958488
5	7.57813	21.278	-0.280598	1.01065	1.12881
5	10.5873	14.1851	-0.0624033	-1.19273	1.07562
5	19.3905	22.6447	2.86151	1.22812	1.05157
5	13.7781	21.6612	-0.524453	0.416643	1.06381
5	23.536	11.2088	-0.0111218	-0.732425	1.00464
5	25.743	26.224	0.196676	0.638049	1.08725
5	20.8059	26.6765	-0.764612	-0.0323077	0.904988
5	22.8221	20.318	-0.744476	-1.5198	0.985511
5	19.3243	23.9274	1.06045	-0.776617	1.10688
5	29.2666	27.483	-2.23406	-0.255248	0.951703
5	29.9306	22.6954	0.631716	-1.68681	0.877738
5	28.5656	31.6341	0.288901	2.04441	0.973233
5	28.7012	30.6114	-1.52336	0.667673	0.97848
5	29.4898	23.6235	1.12326	-0.741682	0.922796
5	27.0601	25.9738	0.0869177	0.19412	1.09906
5	25.9288	25.0496	0.741901	-0.234925	1.05922
5	31.5171	17.2277	0.598801	0.713877	0.989231
5	21.4812	15.0284	-2.01331	-1.07864	0.98957
5	1.07711	24.9344	0.367766	0.760018	0.986011
5	3.54276	24.8138	1.4833	-0.626045	0.958946
5	29.8214	21.7328	-1.06226	-0.785515	0.952873
5	3.75645	15.727	-1.77802	0.201651	1.01559
5	37.6374	27.6037	1.052	-1.8149	1.02325
5	1.81039	15.5231	2.68367	-0.444127	1.07003
5	2.4759	30.1219	1.44953	0.352255	0.96405
5	9.72809	33.2881	-0.16663	-0.00106514	0.994874
5	13.189	20.7064	1.79688	-0.457222	0.940905
5	34.8536	25.7868	0.428793	0.44569	0.859218
5	6.57557	25.8299	-0.550932	1.18141	1.11675
5	11.5392	17.412	1.17617	-0.337044	1.06379
5	11.2621	27.4584	-0.158912	2.02553	1.03547
5	4.59003	20.5129	0.00920271	-0.933944	0.904478
5	14.4094	24.9357	-0.789445	-2.58184	1.03339
5	15.8703	27.5483	-1.45643	-0.538345	1.00348
5	7.74144	29.3525	1.0068	1.8822	0.85245
5	15.825	25.4698	-2.1002	-0.108085	0.981078
5	14.6451	34.7586	-0.604452	0.830764	1.09934
5	14.785	24.0263	0.495389	-1.09456	0.929835
5	21.5174	28.9867	0.711946	0.193634	0.973805
5	29.9225	25.7329	-0.398599	1.77523	0.787326
5	15.8034	28.7117	2.76084	0.846483	0.915032
5	10.254	16.9945	-0.605171	0.361948	1.02309
5	37.5757	24.0312	-0.495991	-0.243705	0.985308
5	23.9943	19.8071	-0.624139	-0.349936	0.882345
5	23.7953	22.1532	-0.53166	-0.374185	1.06327
5	37.7288	21.3876	0.0329751	0.231203	1.12307
5	24.8609	33.3577	-1.29485	-0.814516	1.05406
5	26.8025	21.4086	-0.557097	-1.21821	1.01469
5	32.1435	23.5327	-0.43738	-0.088024	0.887268
5	29.158	24.8817	0.152199	1.11184	1.10091
5	36.897	35.3477	-0.341404	0.652245	0.827478
5	22.0859	30.3745	-2.07491	0.414273	1.05527
5	33.0468	20.3197	-1.20568	-1.13353	1.17781
5	39.2952	19.3907	-0.834047	-0.609276	1.04039
5	8.99002	34.0212	0.0669523	0.108197	1.02947
5	5.77603	26.8176	-2.67756	-0.370265	0.839922
5	1.51274	19.9048	-0.462293	0.211806	1.06345
5	13.4154	24.6964	0.537621	0.690787	0.998966
5	5.65824	21.6691	0.425078	0.421172	1.11453
5	4.86356	22.5017	-0.355692	-0.817791	1.07335
5	17.4023	12.4376	-0.852696	-0.58813	0.907825
5	7.84583	30.9154	-0.039775	1.2108	1.20963
5	18.5547	32.2728	-0.47267	0.0311544	1.06437
5	5.79563	28.0409	0.623688	-1.5162	1.07832
5	13.732	25.8023	0.897535	-0.77362	1.07419
5	13.4259	30.5254	-0.755008	1.05029	1.02344
5	19.1762	29.8772	-1.11054	-0.156748	1.07691
5	21.8197	23.3564	0.139075	-0.192274	1.01678
5	18.4814	30.5326	-2.43504	0.324972	0.657501
5	9.0927	28.8326	1.05144	-0.67256	1.17889
5	11.6015	24.9463	0.660422	-0.118582	1.09755
5	23.6985	21.0216	-1.62109	-1.55701	0.987402
5	24.9393	19.4682	0.442647	-0.117393	0.922283
5	20.0274	29.1994	-2.38855	0.868039	0.935093
5	20.8141	29.7619	0.484638	-0.870291	1.01199
5	19.2789	27.3934	0.354185	-0.678746	1.00627
5	24.0918	26.5849	-0.188197	1.10312	0.956657
5	32.6072	31.1007	-2.41015	0.471368	1.01182
5	31.0101	24.1927	2.38855	2.84484	0.968304
5	0.660751	28.4459	0.676257	-0.0332304	1.00962
5	23.4728	28.0147	-0.466574	-0.220916	1.17263
5	25.6733	21.848	-0.678792	-0.112676	1.21871
5	31.9268	22.5663	0.36488	0.989561	0.930227
5	7.57679	36.7862	0.175834	1.21729	0.991463
5	38.0986	30.8965	0.374933	-0.465188	0.944261
5	2.05143	22.9494	-0.99909	-1.06009	1.01251
5	3.08092	25.7253	1.00865	-0.203162	1.04949
5	31.1705	26.4755	1.29294	-0.289508	0.898944
5	31.1788	25.1612	0.915634	-0.821188	0.876482
5	31.0338	20.0523	-0.366933	0.850648	0.887543
5	7.26457	15.7191	0.114599	1.05775	0.897621
5	2.31389	26.7245	-2.2984	-1.22651	1.17575
5	5.22398	18.2228	-0.142521	-1.33302	0.856095
5	2.26478	37.4347	-0.610943	0.885804	0.962523
5	8.54045	30.1217	-0.643764	0.632735	0.906882
5	3.34073	33.4543	-0.201249	-0.75272	1.04984
5	3.97798	32.1029	-1.38546	0.696788	1.38703
5	2.65999	31.3677	0.589125	0.667259	0.875627
5	6.36234	34.1723	-0.00117208	-0.0830201	0.970964
5	20.344	24.913	0.625255	-0.225273	1.13538
5	10.0378	31.6165	-1.49773	0.573704	0.906234
5	9.17826	16.5494	-1.41244	-0.114758	0.96867
5	23.0461	26.091	0.527701	0.0608841	1.05423
5	25.7849	32.7208	-0.15101	0.889332	1.07609
5	14.2357	28.9895	0.101219	-0.27015	1.0294
5	19.5465	26.1848	0.00720743	1.15681	1.08023
5	16.9644	30.8533	1.31121	0.993916	1.02093
5	23.797	25.0882	0.909527	0.232245	1.21767
5	24.66	24.0256	1.83746	0.457012	1.09072
5	25.5692	28.7866	0.0902846	-1.42712	1.0895
5	30.6592	27.8346	-0.593278	-1.9346	0.995604
5	2.03566	27.8614	1.1354	1.3602	1.05881
5	16.657	16.8558	-0.829	-0.869471	0.916603
5	32.9575	21.7963	-0.853786	0.427093	0.970595
5	0.0565154	20.3058	1.4977	-1.18649	0.902984
5	0.360689	30.2107	0.427667	0.972375	0.988791
5	27.1915	29.3619	0.14224	0.0635242	1.03647
5	39.4768	35.0128	-0.367489	-1.10242	1.05155
5	1.38452	25.9211	-0.330815	-1.63238	0.9909
5	28.2688	29.2901	2.03424	1.89992	0.949671
5	4.86913	27.6362	0.137336	0.722481	0.954312
5	36.1501	21.7482	-0.788242	0.55085	0.946967
5	1.44172	35.9152	-1.32038	0.561381	1.02262
5	2.81259	0.825863	-0.0829834	0.00461727	0.90491
5	8.61381	32.9851	0.479039	-1.43456	1.02804
5	34.5389	29.6838	1.72569	-0.896554	0.909534
5	11.7888	38.7058	0.913982	0.783247	1.17336
5	12.6181	23.9432	-0.82114	-0.764539	1.07297
5	8.31361	27.1392	-0.227075	-0.134968	1.03892
5	22.7254	35.0872	-2.21077	1.34407	1.02168
5	4.96905	17.3335	1.76122	0.191811	0.877559
5	18.416	25.6863	-0.0822704	-0.256006	1.10314
5	12.0549	29.8179	-2.09893	-0.410914	0.953048
5	26.0921	29.7873	-1.35024	2.32247	1.11905
5	21.0391	33.4369	-0.122563	-1.85001	0.948019
5	17.9377	31.4476	-1.69963	0.00174167	0.953359
5	26.5453	34.322	-0.121228	1.96889	0.881806
5	22.3022	33.4634	-0.26606	-0.761191	0.958569
5	24.6756	32.2032	0.445256	-0.730284	0.868608
5	17.0461	32.3091	-0.419712	-1.56608	1.03496
5	16.5865	28.2127	-0.518242	-2.07736	0.848648
5	27.2518	30.4582	-0.115375	-0.487055	0.90867
5	29.6432	31.513	-1.60879	-0.840905	0.978004
5	28.6398	34.4817	-2.08626	0.981247	0.972369
5	30.2205	29.0593	0.0906926	0.463053	1.04646
5	35.3455	22.564	-2.1063	0.712296	1.03183
5	31.7356	28.6756	0.652838	0.317304	1.13415
5	4.15473	25.7245	0.0574555	-0.84018	0.967244
5	39.2287	18.3256	-2.25032	-0.612261	0.95787
5	38.6674	28.797	0.475921	1.26816	0.683338
5	33.973	31.844	-0.43568	-0.513237	0.917518
5	38.5166	32.0447	-0.259442	0.341044	1.07866
5	3.99056	28.1907	0.683432	0.554817	0.912687
5	38.53	37.6041	0.191819	-0.0604456	1.01274
5	33.8323	26.656	-0.501303	0.855859	1.23003
5	7.05268	35.8421	-0.660227	0.884458	0.984129
5	0.816809	26.9873	-0.399641	0.543386	1.08388
5	38.4713	1.27559	-0.0498718	1.04639	1.08099
5	1.09227	38.1308	0.820672	-0.328265	1.03715
5	2.80301	28.8221	0.880515	-1.0397	0.977865
5	15.0124	28.1874	-1.27882	0.918909	0.939672
5	16.8887	25.364	-0.91789	1.19126	1.05864
5	4.73984	26.4621	1.02159	-1.69619	0.936801
5	16.008	31.7908	-1.39917	1.6949	1.00744
5	21.5344	25.5629	0.717672	0.204338	1.14662
5	12.465	27.4612	-0.428475	0.747836	1.0112
5	18.7626	34.6641	0.712901	0.532084	1.03869
5	15.7616	36.1281	-0.209401	-0.973036	1.16802
5	24.2961	28.7911	-0.181846	1.695	0.935849
5	21.419	39.7075	0.985899	1.84456	1.0979
5	17.2177	34.1748	-0.585965	0.956164	0.957758
5	21.5859	35.9824	-0.681758	0.553519	0.754984
5	17.2481	35.1146	-0.162261	-0.303154	1.01529
5	22.7921	39.5603	-1.00663	0.338037	0.954975
5	22.6811	21.3547	-0.499097	-0.79325	0.92256
5	27.3176	32.8009	-0.526055	-0.843746	1.07079
5	31.7851	27.3048	-0.0230382	-1.49749	0.986661
5	32.898	29.9739	-1.06722	-1.50531	1.00487
5	37.9078	39.0411	-1.30471	1.51606	1.13105
5	39.8525	37.274	-0.01223	0.360159	0.897915
5	34.3528	23.4484	0.131136	1.52506	0.970593
5	36.5826	24.5895	1.68036	1.13171	1.13756
5	37.569	25.0513	-0.602079	0.31333	0.978948
5	1.25033	29.7624	1.38971	1.04022	0.812844
5	31.9793	25.8146	-0.329466	2.47298	0.902719
5	31.9648	29.7883	0.14939	-0.919878	0.852532
5	5.90411	30.1766	-1.56561	-0.398603	0.942445
5	3.09908	23.7345	-1.2786	0.665854	1.06955
5	39.8715	31.4849	-1.2464	0.872229	0.972498
5	5.15838	24.9726	0.174856	0.386273	1.04494
5	37.4692	37.6357	-0.440274	0.0907696	0.914691
5	39.9665	25.2527	-0.546996	-1.06477	0.932613
5	8.56699	23.2482	-0.31992	-1.30006	1.05664
5	13.5525	38.3218	0.568996	0.38072	0.955718
5	11.276	31.8343	1.72647	0.0269204	1.03439
5	9.94486	27.9112	0.278713	1.38714	1.10849
5	16.6521	26.5572	0.653187	-0.25611	0.949986
5	19.4723	18.4649	0.289348	-0.416926	0.890232
5	16.6303	33.4373	-0.926257	-0.163191	0.867628
5	9.03852	26.0687	0.677106	-0.856786	0.978675
5	18.9995	36.7717	1.22042	-1.49655	1.026
5	28.318	1.86382	-0.699398	-0.711214	1.08337
5	25.6823	34.9106	0.68948	-1.31727	1.08619
5	21.4618	36.9661	0.0021823	1.80317	1.0097
5	20.1464	31.1955	-0.0390314	0.0521837	1.17454
5	29.96	30.4446	-0.272839	1.24941	1.0171
5	13.2334	29.4542	-1.06849	1.32834	0.964068
5	22.4944	24.4691	0.454777	0.411152	0.898918
5	26.7346	28.4899	0.112315	-0.048281	0.918085
5	22.0282	32.5108	0.184326	0.23598	0.946318
5	31.0937	23.0888	-0.316652	-0.29994	1.11065
5	33.7102	1.74149	-0.0785624	1.07173	1.05132
5	38.1537	25.9795	0.471491	-1.71098	1.07754
5	36.341	23.5034	0.555908	-0.87726	1.0575
5	35.9243	30.7815	1.45591	-0.505689	1.03775
5	35.5208	26.3822	-1.74933	-0.461672	0.935274
5	21.3177	22.191	0.0542518	-1.83058	1.14903
5	39.8383	29.2505	-0.871294	0.476726	0.875744
5	34.083	33.0013	0.588737	-1.37703	0.980216
5	6.27818	29.0616	1.48379	-0.0171478	0.997946
5	4.07094	35.6943	1.44946	0.930107	0.956637
5	3.77837	29.4676	-0.0359664	-1.3401	0.85566
5	9.21817	1.28753	1.43945	-0.240219	0.83691
5	9.82867	36.6336	0.108686	1.56955	1.00107
5	5.81117	23.3001	1.83475	-1.39397	1.0346
5	3.06307	4.07008	-0.264219	-0.175961	1.02166
5	8.76979	3.53798	0.0681049	0.689166	0.92723
5	10.0186	19.0989	0.0296014	1.16986	1.07261
5	17.9306	28.5091	0.177695	1.08714	1.13526
5	11.4989	35.9783	-1.52334	-1.33933	1.02498
5	14.7672	3.15121	0.0784602	-0.416976	0.957029
5	14.7	30.0954	-1.75369	0.334663	1.08983
5	11.9121	32.8631	-0.834652	1.09847	1.02311
5	14.2376	39.1432	-0.119504	0.873733	1.00183
5	12.2462	28.6956	-1.00793	-1.25163	1.0354
5	15.1092	33.3484	0.817304	0.364576	1.08902
5	27.2744	27.5519	-0.345116	0.0777959	1.06525
5	19.74	1.42145	-0.0150044	0.336579	0.943208
5	18.0624	26.8061	0.871633	-0.0891107	0.856898
5	39.5472	28.4194	-0.447672	-1.91159	0.861361
5	25.883	23.582	-1.14197	-0.601974	1.00661
5	24.7429	25.6514	-0.562807	-1.08352	0.949876
5	22.4374	36.7933	-0.682969	0.753763	0.905565
5	35.2143	31.6497	1.91876	-0.539645	0.974634
5	32.6412	4.08502	0.636705	0.783341	1.06793
5	35.0478	38.2911	-0.548415	-0.4543	0.970194
5	37.8538	0.325642	-0.665071	0.200995	0.986903
5	28.8857	26.043	-0.4541	-0.153319	1.09479
5	28.5244	23.202	0.171061	0.32956	1.06057
5	35.9184	2.65667	-0.0567293	-0.29447	0.875089
5	39.1992	30.5425	1.28343	-1.0133	1.20433
5	33.7561	30.8731	0.754473	0.876844	1.09896
5	4.16705	21.4527	1.07178	-2.3792	0.971233
5	1.64311	28.8768	-0.643366	0.841287	0.995458
5	3.95453	34.5478	-0.112149	1.46316	0.908455
5	3.24042	38.7598	0.236263	0.0569691	0.897644
5	10.3841	35.5617	0.456367	-0.634626	1.06273
5	12.3153	34.0915	1.51837	-0.898493	1.18546
5	1.09271	39.2901	-1.10787	0.953807	1.01109
5	6.1345	36.6462	0.492348	-1.4957	1.04744
5	21.5988	27.6684	-1.01038	0.880396	0.962787
5	39.4326	32.8572	-1.05133	0.339219	1.13878
5	19.6685	33.0425	-0.909515	-0.132032	1.0573
5	13.8849	27.9569	-2.41205	0.260874	1.07618
5	14.8076	25.9212	0.535962	0.428633	1.00509
5	14.187	32.5299	0.127845	-0.203532	0.887721
5	19.0775	0.163306	0.633107	0.896823	0.920194
5	20.1696	37.2138	-0.329975	-0.057197	1.11929
5	28.5636	32.8698	0.0683927	0.57016	0.991367
5	20.9636	38.2008	-0.756517	-0.0792044	1.092
5	33.0364	33.6045	-0.924719	1.32197	0.977985
5	33.4758	34.9648	0.659005	-0.512977	1.00606
5	23.0306	23.2853	-0.422132	-0.805243	1.18814
5	29.3555	29.6496	-1.68745	-0.0717834	1.0004
5	34.6342	28.3494	0.214074	0.756302	1.07715
5	1.70859	34.5985	0.269095	0.494386	0.943983
5	21.4033	31.4103	-1.58021	0.0432067	1.11295
5	24.8585	29.7913	-0.173933	0.371446	1.17036
5	28.0361	26.7279	1.06377	-0.0511061	1.06997
5	34.1642	34.1002	-0.834227	0.422668	0.951949
5	27.0639	23.3439	0.723018	-0.0298322	1.16375
5	32.7314	36.9619	-0.338455	-0.261696	0.973649
5	31.3052	36.3178	0.546959	0.665229	1.22913
5	1.10037	3.52823	-0.209574	0.398223	0.957514
5	37.3617	26.5621	-1.04635	0.161782	0.831235
5	1.57316	30.6238	0.31889	-0.414559	0.86062
5	2.53746	35.6646	-0.418047	0.780878	1.09369
5	34.8432	35.0562	-0.863471	0.980252	1.02364
5	33.0956	32.3574	-0.661306	1.13064	1.0726
5	5.05993	35.808	-1.15851	0.0898631	0.988589
5	6.10812	35.2643	-0.0927489	0.471542	1.06477
5	11.2491	33.6511	-0.0675238	-1.93745	0.771194
5	14.6284	35.8211	-1.53959	0.518229	0.981508
5	10.9148	29.7495	-0.0186346	0.87914	1.10792
5	21.9316	26.782	-0.775813	-1.17526	0.896306
5	18.6496	33.5315	0.510732	0.52505	1.12393
5	20.3393	35.2686	0.399601	1.70148	0.996433
5	23.2826	33.9244	-0.0491966	0.29798	1.25186
5	12.2509	30.8443	0.79864	-1.07511	0.946438
5	18.5075	1.1283	1.96657	-1.15394	1.00693
5	17.6269	29.8674	-1.4586	-0.427372	0.867159
5	26.2101	2.3715	-0.642996	-0.107638	0.9394
5	26.857	24.3948	-0.715241	2.10794	1.00997
5	23.6178	36.1065	0.358512	1.06121	1.04254
5	30.067	32.622	0.840602	-0.82018	0.924871
5	29.5921	2.37861	1.4677	0.127654	1.01489
5	22.6885	28.8479	0.175692	-0.318911	0.834544
5	35.1913	37.2964	-1.24556	0.890998	0.920987
5	35.3398	39.2497	1.40766	-1.47462	0.916462
5	20.8541	18.8325	-0.379786	0.152881	0.999718
5	25.4964	30.8759	-0.504913	-0.138943	0.962089
5	26.2339	36.4041	1.92072	-0.424239	1.07259
5	30.548	38.2432	-1.38169	0.175831	0.862297
5	27.9656	24.2349	0.0996384	1.39305	1.04291
5	28.4496	0.690814	0.0197998	-0.925947	1.04689
5	30.6107	37.2271	-1.37984	0.830035	0.829545
5	38.3948	29.7497	-0.875859	0.556927	0.964022
5	36.3567	32.2149	-0.516455	0.155268	1.0539
5	3.44734	30.6606	0.19727	-0.398448	1.10701
5	4.06453	3.63716	0.154962	0.563384	0.906435
5	0.238794	35.8858	1.30935	-1.09271	0.963527
5	7.24455	28.3828	0.301866	1.36166	1.04972
5	12.5025	37.7161	-0.576271	-0.363672	0.976859
5	38.6414	27.906	0.00857698	0.10029	0.865485
5	7.71368	37.7814	0.540232	-0.573707	1.01793
5	12.6398	36.176	-0.39053	0.0184589	1.09418
5	21.7231	1.82038	0.12514	1.66926	1.01573
5	18.7208	2.08148	0.142925	0.70601	0.94182
5	13.063	32.8885	0.181247	-0.963102	0.928245
5	12.2816	1.75165	-0.124364	-0.516843	0.947174
5	20.0914	34.1271	1.21752	0.331437	0.970742
5	20.2597	39.7598	-1.3963	0.108747	0.958173
5	16.0231	34.5305	-0.845103	0.341898	1.05787
5	16.9809	38.6355	-0.773208	-0.351612	0.999357
5	26.716	35.271	-0.495333	0.21052	0.874998
5	20.5754	4.69361	-0.209016	-0.238713	0.90787
5	26.7749	38.4646	0.197787	-0.24274	0.810987
5	30.8861	31.7146	-0.652059	-0.622794	1.31115
5	23.6999	29.762	0.633744	-0.703172	1.07389
5	29.5117	39.6956	-0.576105	-0.443968	0.984738
5	25.9613	37.4523	-0.0497572	2.86588	0.841995
5	31.6512	33.7347	-0.844826	0.538196	1.07683
5	23.6652	24.101	1.0959	-0.424098	0.754633
5	28.3583	27.8851	1.76107	0.770271	0.939505
5	27.2043	1.75896	-1.79832	0.221759	1.00663
5	29.9214	34.7199	0.294456	0.805312	1.06184
5	32.5976	1.9312	0.836299	-1.24457	1.04467
5	38.235	2.73596	-0.730855	1.50922	1.05081
5	33.7157	3.7644	-0.733373	-0.397785	1.03991
5	39.8909	38.3631	1.06483	0.106222	1.12965
5	39.0569	2.08209	-1.91675	1.72436	0.961272
5	5.38421	37.5759	-1.40409	0.233343	1.07878
5	33.8571	35.9557	-1.05134	0.137512	0.992426
5	36.1104	34.0234	-1.83116	-0.526006	1.01433
5	35.9302	35.1429	0.195781	-0.5572	1.00942
5	0.0389998	4.19129	-0.61705	-0.609075	1.01909
5	2.8256	34.4459	0.617882	0.123941	1.03301
5	6.51882	38.3488	0.671092	1.8481	0.95529
5	1.88533	31.8928	-0.929501	0.33672	0.869293
5	10.2587	37.8597	-0.304758	-0.519146	0.989064
5	9.2682	35.4933	0.15215	-1.53764	1.11128
5	13.9443	33.836	-2.28754	0.419758	0.986113
5	22.7365	0.785096	0.575427	-1.34125	1.05817
5	9.60372	5.8797	1.16776	0.926601	0.94755
5	27.3843	2.87699	-1.16366	0.270675	1.06177
5	26.2355	3.41094	-0.616595	0.702507	1.06565
5	27.4519	31.8202	-1.81294	0.572089	0.871509
5	31.897	39.7571	-1.07089	0.819876	1.10119
5	24.7564	38.1752	0.139479	-0.224558	0.952636
5	37.6952	28.8429	0.0855547	0.436428	1.06296
5	32.0307	32.3088	1.52578	1.13334	0.95659
5	28.5506	35.5335	0.640187	1.17023	0.999888
5	37.8819	3.97933	0.352315	0.572737	1.13493
5	31.6347	37.6677	1.45123	1.53171	0.909899
5	27.7544	34.8193	-0.986816	0.245066	0.876859
5	39.1353	36.4096	0.510433	1.46397	0.965244
5	35.9315	29.5058	0.165939	-0.250921	0.91018
5	30.7579	39.2862	-0.557175	-0.074549	0.942904
5	33.2111	39.778	1.02489	-0.314122	0.94048
5	37.9492	36.3457	1.2661	-0.253107	1.03991
5	38.2024	35.0331	0.124318	-0.587665	1.00405
5	2.16657	7.09832	-0.384129	-0.360411	0.930221
5	0.7564	34.9152	0.605348	0.569653	1.11385
5	0.526077	5.45509	-0.631076	0.173148	0.947616
5	4.97736	3.29615	2.90945	-0.111048	1.04578
5	8.40339	39.9652	-2.78667	0.901467	0.954146
5	8.67378	31.8588	-0.380558	-0.151139	1.04381
5	4.4838	37.1112	0.77601	-2.41091	0.844592
5	12.5466	0.409535	0.240143	0.151386	1.05415
5	5.22375	34.7779	0.662724	-0.759355	0.792411
5	7.50431	32.9791	1.70004	-0.861667	1.0835
5	10.7741	38.8332	0.243051	-0.155995	1.03714
5	39.7208	27.3516	-1.33926	-0.908495	1.1377
5	14.5064	31.2078	0.505112	-0.543551	1.02658
5	10.9029	28.4434	0.809876	-0.377331	1.01609
5	8.22932	1.02583	-1.89966	0.722977	1.01858
5	30.6916	3.95252	0.835243	-0.825997	1.09509
5	9.31864	26.9448	-0.417615	-0.685099	0.782251
5	16.6901	29.2848	0.702396	1.47289	0.944361
5	14.6267	37.9963	0.232021	-0.67817	1.19502
5	26.1901	5.17971	-1.04991	0.658559	1.00351
5	26.3962	31.4428	1.40914	0.184844	0.998294
5	31.2815	8.32888	-1.02127	0.212535	0.844767
5	20.5409	32.3198	1.91943	0.391105	1.06466
5	35.082	33.6881	0.526113	-0.286133	0.971931
5	19.969	38.7817	-0.461544	0.280929	0.9658
5	19.1657	37.9236	1.26383	-0.923746	0.968445
5	36.6239	36.6371	0.693371	-1.42364	1.25072
5	32.856	35.9605	-0.292597	0.771912	0.876619
5	32.8608	2.93989	-0.218411	-0.29089	0.933907
5	26.2916	39.905	-0.551574	0.40936	1.19391
5	38.9874	3.69118	-0.376061	-0.447165	0.978201
5	37.3708	32.324	-0.699372	-1.39189	1.01452
5	0.515893	18.8312	1.47754	0.295783	1.03803
5	27.2521	0.496785	1.22122	0.371137	0.84063
5	37.1317	30.0328	-0.542927	-1.29053	1.00818
5	35.0264	27.3822	-2.29072	-0.12652	0.996256
5	0.842367	36.8189	1.35725	-0.460631	1.09528
