15	2.79022	34.8586	0.00151288	-0.324715	1
15	11.4905	38.0254	-0.99801	-1.34635	1
15	38.6712	31.3109	0.188813	0.491782	1
15	19.3314	34.2515	-0.351613	-1.0757	1
15	11.1506	36.2643	-0.215315	0.443996	1
15	3.92346	2.17227	-0.643038	0.0501221	1
15	6.17138	39.2932	-1.10673	0.777884	1
15	2.34347	5.1837	1.2144	0.181539	1
15	16.1449	0.789854	-1.13078	-0.535624	1
15	13.6453	9.71962	1.55681	-0.704241	1
15	20.5803	29.9414	-1.09537	-1.51289	1
15	14.9704	3.13462	2.18762	1.86927	1
15	10.1315	39.9963	0.673205	0.0265727	1
15	12.4303	33.3993	0.126807	0.209021	1
15	27.5993	5.05988	-3.10371	0.0519588	1
15	15.9993	1.81978	0.967058	-0.26683	1
15	22.1882	0.560948	-0.178121	0.852523	1
15	28.7495	38.8929	0.625603	1.21806	1
15	33.174	38.1185	-0.467942	1.28842	1
15	24.8217	3.56159	0.308866	1.43991	1
15	23.4685	34.0498	-0.126442	-0.525942	1
15	20.5228	6.0498	-1.57845	-0.827874	1
15	33.0736	2.25483	-1.18131	0.362404	1
15	33.3922	0.398558	-0.717916	0.439825	1
15	30.9733	0.672741	-1.29427	-1.08712	1
15	36.9208	7.5149	0.0591707	-0.981872	1
15	35.7234	5.83799	0.45967	-1.35054	1
15	0.561278	37.7552	-0.891396	0.668111	1
15	28.0155	2.85202	-0.315938	-1.66573	1
15	34.1097	16.3306	-0.038789	0.969511	1
15	0.156231	0.597012	0.513411	0.758844	1
15	6.22235	3.79492	-0.751796	0.7056	1
15	3.98314	38.5451	1.54362	-0.661643	1
15	37.6365	10.0743	-0.476917	1.33517	1
15	35.3615	36.9397	-0.168652	-1.0365	1
15	39.9772	39.5318	0.633437	2.12805	1
15	37.7705	6.94355	0.931772	0.527393	1
15	0.915114	38.8459	1.05652	-0.578228	1
15	14.0795	5.21316	0.0239713	-0.0588876	1
15	7.84982	6.38792	-0.823038	1.25001	1
15	13.2058	28.4206	0.110786	0.180146	1
15	6.28285	11.5165	-0.380124	-1.75505	1
15	8.50584	1.79373	-0.738524	-0.251268	1
15	11.8639	37.0505	1.206	1.75488	1
15	12.2016	1.67125	0.256851	-0.908432	1
15	10.6259	34.7389	-0.168708	-0.264979	1
15	29.8633	32.9746	-0.396786	0.472184	1
15	9.94147	3.90723	0.968554	-0.758186	1
15	13.6617	32.9112	0.292258	1.10838	1
15	26.7776	0.206148	-0.896303	0.020693	1
15	14.6756	4.21726	-0.80319	1.22972	1
15	18.8146	29.8376	-0.461573	-0.914686	1
15	21.4391	4.22507	-0.34119	0.545101	1
15	23.733	37.451	0.29389	-0.754251	1
15	28.0529	9.85313	0.00847947	-1.07955	1
15	33.837	5.07165	0.43973	0.151092	1
15	27.966	39.6423	-0.39285	0.162223	1
15	28.6608	13.9647	-1.73937	-1.24175	1
15	29.7506	39.3583	0.938302	1.24	1
15	31.8781	39.99	0.230733	1.5415	1
15	1.66496	34.5281	0.893698	0.528654	1
15	29.958	2.5462	1.08019	0.483262	1
15	24.8201	39.2884	-0.256111	1.11483	1
15	0.0884003	8.46146	-0.459348	0.119186	1
15	38.2224	35.8693	-0.945395	0.292964	1
15	39.1924	7.74172	-0.303891	-0.865102	1
15	0.0836675	5.62537	0.0997567	-0.855599	1
15	8.51598	7.52703	-0.650073	0.632968	1
15	4.26976	3.2792	0.175792	1.22721	1
15	2.0993	10.5905	-0.26944	0.94207	1
15	36.4478	4.44451	-0.329255	-2.20691	1
15	19.0094	11.6923	0.480427	-0.767967	1
15	39.6937	16.0831	-0.717867	0.415239	1
15	0.959082	6.49607	0.845708	0.186337	1
15	15.6707	8.82686	0.503506	0.0789875	1
15	14.6814	37.9397	0.260622	-0.997319	1
15	16.8489	4.6073	0.194666	0.164104	1
15	16.682	34.0872	1.02532	-1.26818	1
15	10.7343	38.8937	0.34419	1.74498	1
15	14.278	12.8553	0.972293	0.00824879	1
15	20.6685	39.2661	1.28308	-0.19651	1
15	24.9291	37.1501	0.198704	-0.590862	1
15	28.2071	34.6801	-0.939485	-0.663065	1
15	23.954	2.86604	2.19885	-0.589007	1
15	9.19104	39.5905	2.02503	-1.65639	1
15	26.8794	38.0579	0.0195584	1.04475	1
15	20.1619	11.5795	2.78724	2.0601	1
15	19.3032	5.04348	1.61286	-1.52313	1
15	31.4143	3.86651	-0.056971	1.63865	1
15	27.6448	1.75493	-0.394585	1.71329	1
15	38.9707	13.6296	-1.58221	-0.820822	1
15	25.0025	6.70692	0.775742	0.270052	1
15	37.5876	36.8625	0.408579	-1.16912	1
15	39.8202	6.64896	-1.3644	0.397554	1
15	36.5778	6.49164	-0.159211	0.780151	1
15	31.8287	9.14191	-1.39629	-0.934982	1
15	31.431	36.2777	0.0850702	1.02839	1
15	36.9344	35.8686	-0.578455	0.157303	1
15	13.2054	8.18642	-0.984993	0.0476415	1
15	39.1363	15.1269	-0.0598078	1.03342	1
15	37.9784	18.4302	-1.02933	0.904131	1
15	8.83529	2.85959	-0.263842	0.269401	1
15	3.02952	6.16504	0.101065	0.139571	1
15	6.02884	2.60799	0.0378914	1.77898	1
15	2.39595	39.313	2.14131	0.387877	1
15	9.06087	4.53304	-0.238575	0.720766	1
15	14.1843	14.9846	0.663763	0.931128	1
15	5.16581	38.3459	-0.817454	1.46413	1
15	9.59222	5.39422	0.299632	1.24621	1
15	20.1779	8.37739	1.50716	2.12276	1
15	9.14294	6.47665	0.394383	-0.585991	1
15	15.9188	4.01902	0.712376	-0.100482	1
15	11.7998	35.3876	-0.745287	0.015909	1
15	25.6542	1.33389	1.15044	-0.185253	1
15	26.3016	5.03337	-0.124838	1.18227	1
15	14.7952	1.71715	0.490439	-0.628137	1
15	23.3276	31.5908	-0.563139	-0.262645	1
15	22.8136	5.11442	1.60881	-0.860104	1
15	29.052	2.84667	0.0495893	-0.730418	1
15	35.8408	2.21787	1.07534	1.77879	1
15	21.5712	5.47648	0.872788	0.700843	1
15	28.6715	4.87628	-1.71245	-0.424787	1
15	31.5428	8.06343	-1.49489	-1.01645	1
15	28.9103	37.5027	-0.97926	0.54138	1
15	31.1998	1.73149	0.814365	-0.494974	1
15	36.7753	1.26523	-0.573335	-0.621258	1
15	5.74608	34.1593	0.16226	-0.244632	1
15	36.6445	9.64533	-0.842976	-0.903461	1
15	1.14939	8.76396	0.923919	0.744626	1
15	35.2456	10.4156	-0.362756	0.227816	1
15	29.9283	3.73264	1.87337	1.50936	1
15	3.83743	35.0522	0.147191	0.870692	1
15	34.5282	14.9745	-1.25669	0.406121	1
15	1.50642	12.0179	-0.025343	-0.00635999	1
15	4.39673	7.87984	0.288215	-0.634076	1
15	2.71864	7.06699	-1.35094	-0.168722	1
15	5.41901	8.67266	-0.391144	-1.30528	1
15	39.7221	14.2887	0.472331	1.94728	1
15	3.89089	1.02185	-1.13135	0.834872	1
15	7.11407	3.2856	0.321666	0.38881	1
15	5.01611	30.4471	-1.25844	-0.875014	1
15	15.0977	0.667113	0.891218	0.6569	1
15	18.8958	3.69122	-0.695281	1.6964	1
15	12.6933	36.3286	0.684539	0.228095	1
15	12.6766	31.7486	-1.34473	-0.804883	1
15	9.81637	7.7391	-0.899956	-1.7939	1
15	16.1687	37.6065	2.02815	0.99648	1
15	13.0199	5.09089	-0.824503	0.873605	1
15	22.764	7.83717	0.282939	-0.134244	1
15	21.2471	36.853	1.07466	0.42919	1
15	25.3892	4.49537	0.250004	-0.913825	1
15	27.0014	8.0179	-0.832527	0.648844	1
15	29.3373	8.34837	0.44547	-0.239391	1
15	16.6735	9.95826	1.29017	-0.694276	1
15	19.2294	10.3532	0.107425	1.69371	1
15	15.9518	2.97092	0.0955421	2.58843	1
15	17.8747	5.4571	0.221291	1.07553	1
15	35.5184	3.63759	0.136766	-0.0681895	1
15	24.7626	38.2064	-0.971663	0.615967	1
15	30.9833	2.85553	0.950862	2.07288	1
15	39.4519	1.49664	-0.886347	1.23074	1
15	26.6004	2.23786	0.0878626	0.158309	1
15	11.1779	33.8127	-0.00401825	0.351288	1
15	34.3406	9.93554	0.503876	1.08384	1
15	39.4701	4.71515	-0.942917	-0.448399	1
15	30.5963	16.6126	2.68846	-2.72311	1
15	32.7956	6.15825	1.08702	0.345327	1
15	1.97449	6.089	-1.28938	0.22491	1
15	37.2714	11.1445	-1.56125	-1.02932	1
15	0.991396	0.0724946	0.103812	0.512082	1
15	38.2891	3.24698	0.348665	-1.55968	1
15	3.41387	5.01192	0.468793	0.892328	1
15	4.70691	12.3535	0.824816	0.560189	1
15	10.7993	5.4561	-0.160887	0.501281	1
15	16.0844	33.0499	0.160222	-0.442039	1
15	10.8478	8.28151	-0.111863	-1.0472	1
15	14.2949	35.1114	-0.103534	0.0335461	1
15	14.7496	32.9878	-0.126043	-0.840718	1
15	15.5155	9.94272	0.910041	1.05869	1
15	13.7324	2.07906	0.693421	-0.639025	1
15	14.7576	10.642	-0.00905382	-0.699649	1
15	21.8754	37.9883	0.85575	0.404686	1
15	20.7771	12.4365	-0.552419	0.686831	1
15	19.076	6.20809	0.770778	1.24875	1
15	29.4241	20.9587	0.832389	-0.859779	1
15	29.4926	18.3417	-1.14656	1.35849	1
15	22.3236	3.72434	-0.377786	1.71801	1
15	24.7843	9.86349	-0.590804	-0.146921	1
15	29.536	16.6258	-0.444502	0.255457	1
15	32.6747	3.83118	-0.721366	-0.405034	1
15	27.8836	37.6057	0.963547	0.614693	1
15	27.4156	7.00044	1.75352	-0.432422	1
15	38.8937	5.72945	-2.30512	0.2762	1
15	35.2179	8.11721	-0.771799	-0.260062	1
15	1.07915	5.06535	1.55946	0.0915638	1
15	36.8811	37.9164	0.103157	-0.561637	1
15	38.1887	12.4108	0.560452	1.62334	1
15	35.2576	16.0162	0.51431	1.1682	1
15	38.4185	9.28302	0.494937	0.88359	1
15	2.95543	11.2451	-0.211715	-0.481598	1
15	4.64565	14.7647	-1.3188	-0.522893	1
15	2.77996	2.43221	0.571646	-0.407538	1
15	14.5761	8.65423	1.47566	-0.910233	1
15	21.0224	15.333	-0.523394	0.218271	1
15	12.3743	6.06478	0.0643398	-0.820517	1
15	18.1048	11.1952	0.221268	-1.35454	1
15	15.8544	11.0981	0.296657	1.40501	1
15	18.2793	37.5751	1.169	-1.37341	1
15	13.5306	38.4004	-0.622253	0.981756	1
15	21.9334	35.5098	-0.790833	1.35259	1
15	16.8125	5.66037	1.52312	1.58473	1
15	18.854	8.3013	0.187976	-0.36228	1
15	11.1931	11.8824	0.637093	-0.495885	1
15	24.1296	4.70534	-0.0135067	0.0442104	1
15	15.9563	39.713	-0.0836434	-1.51437	1
15	18.2298	35.8982	-0.327935	-1.44976	1
15	32.1479	18.5372	-1.38938	1.31137	1
15	24.5014	0.746561	0.84745	-1.41078	1
15	33.7905	3.17021	0.0492938	1.29864	1
15	18.9261	17.3489	1.26764	2.03232	1
15	28.7499	6.80186	-1.25128	-0.533719	1
15	21.6343	13.0158	0.475965	-0.230297	1
15	33.0654	16.8548	-0.49157	0.135234	1
15	30.9112	6.92395	0.0364992	0.264694	1
15	31.9791	7.02167	0.5752	-0.399603	1
15	2.48996	9.61788	0.192789	-1.43067	1
15	33.1168	9.36951	-0.912506	-0.767752	1
15	32.5739	5.09023	1.27117	0.424043	1
15	32.2345	16.3279	0.0919794	1.14729	1
15	32.5106	12.0748	0.256677	0.0334687	1
15	34.8399	11.5285	0.0826359	0.256824	1
15	36.2917	23.34	-0.397799	1.72486	1
15	36.7727	12.2594	-1.00308	-0.38803	1
15	3.96306	13.8387	1.83006	-0.391491	1
15	3.72452	6.88999	-1.02261	1.84046	1
15	3.33034	7.97235	0.169335	-0.0514999	1
15	37.1242	15.1846	0.223729	1.51542	1
15	20.1198	14.5907	1.93313	-0.501217	1
15	39.3888	11.9758	0.932671	0.227439	1
15	13.4818	4.13891	-1.04364	-1.06738	1
15	6.49243	8.89598	1.40632	-0.0446229	1
15	9.32712	11.0076	-0.582613	-1.33571	1
15	18.3232	33.7617	-1.17798	0.769372	1
15	15.6316	38.6798	-1.20547	-0.161328	1
15	13.847	36.8401	-0.578338	-0.484982	1
15	11.0668	3.33318	-0.17112	-0.766041	1
15	20.3428	4.77563	0.308324	0.989714	1
15	19.4304	1.3473	-0.368925	0.000364234	1
15	15.2631	13.007	0.596708	0.395457	1
15	24.5322	1.93677	0.0737829	-0.173063	1
15	25.8551	6.00085	0.771472	-0.0780394	1
15	27.9987	11.1295	-0.989288	1.03861	1
15	26.4873	10.0509	-1.42559	-2.22773	1
15	29.1192	12.0887	-0.51736	-0.858797	1
15	26.5596	13.9054	1.08131	-0.37933	1
15	26.9107	12.8252	0.882667	-0.553151	1
15	36.4016	14.1901	0.0429795	-1.78847	1
15	34.4557	37.3677	-0.0577134	0.197586	1
15	38.3144	8.29719	-1.05561	1.91899	1
15	30.3578	4.8765	-1.50968	-0.502583	1
15	33.3874	14.5673	0.982058	-1.33687	1
15	29.242	5.80691	0.784302	0.152449	1
15	34.7121	36.1409	0.724066	0.955633	1
15	28.654	3.86632	-0.0637657	-0.343702	1
15	35.7968	20.8982	-1.42832	-1.79353	1
15	4.69527	22.6265	-0.28939	-0.579333	1
15	0.83083	2.74562	0.321691	-0.874088	1
15	2.88551	13.1729	1.00167	0.499927	1
15	7.00514	20.0573	0.204828	0.698151	1
15	1.16071	10.9152	-1.30098	-1.12294	1
15	17.3151	37.8907	1.15402	-0.892229	1
15	20.2594	16.3225	0.60643	-1.21949	1
15	4.59617	10.1292	-1.53552	2.72836	1
15	6.74679	16.0303	-1.26411	-1.11096	1
15	17.655	7.29086	0.523259	1.1731	1
15	17.5524	36.7445	-0.355184	-0.843165	1
15	18.4498	9.44443	-0.312166	1.08715	1
15	14.8434	16.3111	0.623309	1.48518	1
15	16.0545	7.48805	-0.251326	0.916724	1
15	28.1925	5.97892	1.97494	0.740461	1
15	20.5326	1.2738	-0.513821	0.553902	1
15	30.5363	8.29449	-1.98865	0.205488	1
15	21.3634	7.71016	-0.32533	-0.820391	1
15	23.5292	10.8677	-0.337008	-0.532295	1
15	33.8614	6.82359	-0.446619	-0.514793	1
15	20.7996	9.1352	0.28606	1.17882	1
15	20.9957	18.779	-0.295156	-0.720299	1
15	16.4226	13.2158	-0.898596	0.868353	1
15	30.2226	11.898	-0.971113	-0.0218411	1
15	21.7722	6.69491	-0.358095	-1.02826	1
15	35.4261	6.98649	0.550433	1.63108	1
15	30.7614	9.36547	-0.0365355	-0.410236	1
15	26.3697	16.7061	0.0172076	-0.653683	1
15	32.2711	21.3251	0.781518	-0.643509	1
15	4.92927	13.5275	-0.412274	1.4972	1
15	3.26521	15.7793	0.289176	0.393933	1
15	0.777821	22.7303	0.675692	0.548107	1
15	9.93348	18.1215	-0.908404	0.138698	1
15	4.37804	9.10219	-1.50936	0.772632	1
15	37.2745	8.48488	0.153321	2.16067	1
15	12.7407	39.2192	-0.735673	-0.973682	1
15	13.2619	13.3624	-0.924958	-0.152632	1
15	9.02086	8.48695	0.440891	0.339206	1
15	2.16625	8.59246	-0.53319	0.413701	1
15	8.48004	5.47632	-0.305308	-0.242398	1
15	3.54757	9.92439	1.63997	1.15119	1
15	8.07674	22.2001	-0.529873	-2.38577	1
15	16.7094	8.71709	-0.513545	-0.639251	1
15	10.0866	10.0238	0.50285	0.149609	1
15	7.97625	13.0507	0.678257	0.00745078	1
15	20.1794	13.4866	0.627091	-0.245557	1
15	10.8946	2.00052	2.83177	-1.11871	1
15	31.427	12.6823	0.587318	-0.0463892	1
15	15.5844	5.12354	1.89808	-0.00997875	1
15	25.2096	7.69387	-0.517152	0.435515	1
15	11.2422	4.30046	1.00734	-1.49067	1
15	17.0391	3.31922	-1.25567	0.672696	1
15	25.6583	10.9463	-0.265236	-0.18566	1
15	24.597	11.2186	0.784343	-0.144866	1
15	17.0415	16.9826	1.45271	0.0891276	1
15	30.4815	13.2023	0.58512	-1.0073	1
15	22.0766	9.66273	-0.475189	0.29771	1
15	26.1064	20.1472	0.40217	-0.105061	1
15	30.259	19.8668	0.741438	1.12361	1
15	36.1654	8.5896	-0.710496	1.87671	1
15	21.7138	11.8298	0.882671	1.06357	1
15	36.2546	15.7249	0.386281	-0.0899617	1
15	32.4682	13.8772	-0.881534	-0.354066	1
15	30.2427	14.2939	-0.307848	-0.770351	1
15	3.31193	20.624	1.02088	-0.18181	1
15	36.0477	19.7993	-1.09629	0.325028	1
15	0.896443	16.6422	0.090923	-1.06027	1
15	5.19086	3.73565	-0.0715866	-0.574183	1
15	4.19034	11.0887	0.270897	-0.0850356	1
15	0.381738	9.58668	0.343967	0.124768	1
15	8.29655	11.9428	1.84649	0.430129	1
15	13.5783	10.6791	0.492992	0.343694	1
15	9.33993	17.2401	0.575069	-0.730698	1
15	12.2136	11.638	0.184449	0.836639	1
15	11.314	6.4365	0.474134	-0.120497	1
15	11.4118	16.1136	0.532582	-0.641279	1
15	17.0236	0.178685	0.0459618	0.254502	1
15	18.0152	16.6689	-1.60518	0.95539	1
15	19.0732	13.8224	-0.18206	-0.704231	1
15	22.6573	6.34701	-0.892951	0.197395	1
15	25.2862	14.2275	-0.74785	0.528925	1
15	19.7698	9.33977	-0.746037	0.232153	1
15	33.1047	7.43811	1.08406	0.934564	1
15	26.3266	6.97779	-0.137429	-2.1351	1
15	24.3383	14.6624	0.673314	-0.446454	1
15	28.0392	8.09269	-1.34034	1.04512	1
15	32.3658	22.4157	-0.968014	0.361771	1
15	28.8516	15.221	-0.576997	0.882164	1
15	28.3953	17.9583	0.568157	1.15418	1
15	27.1295	15.9217	0.545828	-0.151165	1
15	34.3545	22.1805	-1.04114	-0.47501	1
15	33.3307	13.191	0.72355	-0.704212	1
15	26.682	3.96748	-0.484037	-0.644529	1
15	32.3524	15.1575	-1.79867	-0.341904	1
15	31.3474	15.7153	-0.445248	-3.48106	1
15	37.509	5.82019	-0.0930908	-1.09487	1
15	29.4994	9.51053	-0.995624	0.881081	1
15	1.48422	13.2753	-0.434975	-0.239137	1
15	35.4327	26.5101	1.56661	0.620409	1
15	37.7716	17.1968	0.327222	-1.93324	1
15	14.4856	39.2092	0.547979	-1.12669	1
15	1.86709	14.3028	1.65137	2.34853	1
15	7.26859	11.726	0.461656	0.381208	1
15	35.3671	14.4174	-0.458241	-0.00738252	1
15	7.43559	18.4725	-0.0891718	0.328288	1
15	12.1101	13.2209	-1.27992	-1.54759	1
15	10.3944	11.1733	-0.515164	0.480936	1
15	14.071	19.0088	0.4166	-0.149568	1
15	15.6734	15.4774	0.713462	0.100639	1
15	8.15927	10.4063	1.48055	0.126677	1
15	7.25183	13.8397	0.349297	0.974765	1
15	9.09472	20.8265	-1.88965	0.713256	1
15	12.0306	14.3298	0.662478	1.36209	1
15	11.1698	15.0758	-0.235696	0.280698	1
15	11.7193	7.63571	-0.995812	-1.0047	1
15	15.8543	16.6668	-0.289956	-0.0695211	1
15	21.0177	14.135	0.7046	1.06661	1
15	27.2557	9.12167	1.05441	-0.708624	1
15	17.6522	8.38855	-0.064821	-0.307552	1
15	27.5546	16.8682	0.0494229	-0.511318	1
15	25.7726	8.82903	1.2325	0.86189	1
15	38.3482	11.0655	-1.98152	0.645031	1
15	27.62	12.0367	1.39946	0.628492	1
15	32.5549	24.6168	2.05781	0.384875	1
15	30.5231	10.3024	0.172884	1.17145	1
15	39.6777	22.0656	0.0967226	0.713801	1
15	35.5914	17.589	-1.43759	1.00307	1
15	39.9129	17.8753	0.106909	0.161035	1
15	17.9608	2.57501	-0.00109731	1.73735	1
15	8.10315	16.283	-0.602723	0.0783434	1
15	16.6887	23.5043	-0.985282	0.957214	1
15	31.3669	22.1072	-0.85966	-0.887665	1
15	39.9475	13.0041	0.735264	-0.864799	1
15	1.63195	7.4317	-0.117315	1.32944	1
15	5.85338	25.6266	-1.47283	-0.93838	1
15	14.9972	20.5519	-0.580109	-1.10086	1
15	5.56517	16.3444	0.426711	-0.547889	1
15	6.98013	12.6916	0.565267	0.313983	1
15	2.71285	18.0038	0.578773	-1.18152	1
15	39.4281	10.8892	-0.176498	0.290661	1
15	26.1989	12.0027	-0.890579	-1.37328	1
15	0.497086	15.3231	-2.20042	0.08526	1
15	12.2746	15.3518	-0.0618566	0.367862	1
15	12.6289	9.07941	-0.668976	0.675125	1
15	15.2261	19.3477	0.13344	1.04532	1
15	24.8776	5.49047	0.50466	0.136423	1
15	3.30753	8.92158	0.302837	1.73422	1
15	12.7208	25.674	0.14743	-1.13877	1
15	14.4029	11.7293	-1.7327	-0.622785	1
15	22.2606	27.4306	1.0588	-0.218684	1
15	14.5696	22.5474	0.539939	0.0515115	1
15	22.8256	17.7681	-0.808007	-1.71325	1
15	24.7989	16.9794	-0.175557	-0.513148	1
15	37.0545	27.9731	0.665623	-0.797797	1
15	31.2559	17.3313	1.07536	0.504595	1
15	31.5331	19.3572	-0.532575	2.03016	1
15	32.0864	10.3906	1.16349	0.583061	1
15	25.5501	13.0307	-0.517671	0.334335	1
15	22.9698	28.6302	-0.265822	0.610895	1
15	30.1487	17.5871	0.679962	-0.792285	1
15	37.7956	15.9563	-0.289668	-0.11899	1
15	31.5582	23.2663	-1.67185	1.70606	1
15	31.5446	20.5137	-0.815851	-0.0290994	1
15	36.8217	22.2812	-1.62665	-0.38168	1
15	13.0234	14.4126	-0.215152	-0.487845	1
15	5.9772	14.065	2.24799	-0.979707	1
15	3.54176	12.2741	2.03691	-0.747964	1
15	13.4874	15.8996	-2.38643	-1.34453	1
15	0.858464	25.5671	-1.78083	0.636416	1
15	3.74022	18.8581	-2.26873	0.849257	1
15	38.2239	24.6907	-1.27495	0.0161272	1
15	3.72762	17.6741	0.121933	-0.544531	1
15	7.01025	10.6161	-0.774355	0.131588	1
15	2.97337	14.262	1.2637	1.56725	1
15	12.9602	19.8725	-1.11441	-1.57598	1
15	4.8043	17.8782	0.136347	1.02051	1
15	17.7158	19.1063	-0.273029	-0.853588	1
15	19.4042	20.4636	0.132326	-0.5332	1
15	15.3903	21.6541	0.882433	-0.0516755	1
15	15.4889	6.31097	1.2451	1.38802	1
15	17.0612	15.9934	0.512861	-0.860996	1
15	24.7248	12.2803	0.355605	0.421909	1
15	24.1504	15.8954	0.483559	-0.903429	1
15	23.2992	9.34613	-1.58154	-0.621605	1
15	16.8193	18.3692	-1.32169	-0.676319	1
15	21.4565	24.0987	0.271626	0.627844	1
15	25.4968	26.3759	-2.09095	0.693909	1
15	22.6927	23.9266	0.659054	-0.112894	1
15	25.9529	22.6817	0.74141	0.79419	1
15	34.1221	39.1892	0.371224	-0.268681	1
15	28.7121	27.8362	-1.02315	0.499924	1
15	33.2338	20.4964	1.58032	-0.481714	1
15	38.3431	1.62279	-1.91696	-0.953265	1
15	29.8877	15.6125	-0.303797	0.331425	1
15	34.395	13.8467	-0.193482	1.12609	1
15	33.2187	15.7078	0.921436	1.2726	1
15	1.15307	20.9228	-0.242016	1.42694	1
15	8.55608	18.2091	0.366869	1.18345	1
15	5.63256	20.2111	-1.20592	-1.8873	1
15	10.6826	21.0428	-1.15555	0.323129	1
15	0.823368	14.1636	-1.51103	0.993792	1
15	5.79756	17.3885	0.473408	-1.33716	1
15	7.06571	29.5756	-0.23011	-0.234266	1
15	0.0950343	19.6659	-0.777785	1.90062	1
15	4.03079	16.6582	-0.375725	0.454734	1
15	5.69405	12.84	-0.756478	-0.332193	1
15	16.3197	19.7778	0.187573	0.941844	1
15	6.907	22.4665	0.109249	-0.200897	1
15	9.23111	22.9351	2.11806	1.24693	1
15	10.3298	16.0599	-0.861035	-0.660985	1
15	16.8346	12.2155	1.10298	0.561279	1
15	16.1236	20.8773	0.328687	0.763453	1
15	3.93766	21.6566	0.12549	-0.436315	1
15	9.23427	28.4509	-0.551721	2.58621	1
15	34.7082	12.5367	0.961941	1.15717	1
15	15.3397	18.2739	-0.0933061	0.451077	1
15	19.3593	12.7275	-1.68841	0.361317	1
15	30.3218	6.10473	0.710109	-0.966002	1
15	24.7709	8.87273	0.965605	-0.879209	1
15	19.9763	18.5522	1.43369	-0.692134	1
15	18.6193	28.7519	-2.19869	1.05735	1
15	31.3241	5.31105	0.60761	1.4226	1
15	25.8908	21.662	-0.733111	-0.601679	1
15	28.2245	23.3527	-0.856696	-0.526068	1
15	38.3031	33.0911	0.384221	-0.207423	1
15	7.01374	17.2299	0.671232	1.78005	1
15	33.4409	21.7819	0.208107	-1.38763	1
15	29.2344	19.6979	-0.935959	-0.514668	1
15	1.88385	17.3848	1.6736	-1.91138	1
15	38.778	17.6372	1.79771	0.251159	1
15	28.1309	16.0076	0.537682	1.16311	1
15	2.14149	16.2743	0.153843	0.411756	1
15	6.70787	14.8815	-0.119179	-0.0198283	1
15	2.17399	24.2918	-0.340469	-0.831634	1
15	7.84022	26.8698	-0.247149	-0.960851	1
15	4.90339	25.2684	0.702466	0.939158	1
15	13.8933	1.06618	-0.152419	-0.261893	1
15	13.4052	11.9564	-0.278027	-1.71298	1
15	11.042	13.9332	-0.759115	-1.2973	1
15	6.18972	7.78783	-1.20043	-1.06573	1
15	14.2163	13.8915	-0.314345	-0.133556	1
15	17.8622	12.7457	0.940566	-0.0391016	1
15	22.6186	15.2058	-0.178807	-0.154026	1
15	11.9042	19.3644	1.11836	-0.520036	1
15	16.6503	14.6877	0.0843551	0.820637	1
15	5.63326	21.9977	1.68424	-1.34085	1
15	21.8288	18.0026	0.652673	0.413837	1
15	20.215	19.5672	0.268458	-3.19281	1
15	25.0275	27.5872	-0.999464	-0.83832	1
15	28.2709	12.9731	-0.395177	0.447325	1
15	20.7775	17.5695	0.534226	1.80726	1
15	23.3259	25.7219	-2.39552	1.07411	1
15	15.1052	14.2645	-0.222315	0.510656	1
15	32.623	23.4513	-0.438696	0.390855	1
15	33.5826	26.664	0.0831443	0.460787	1
15	37.6393	13.5688	-0.477849	-0.798294	1
15	33.081	19.3777	0.0491924	-0.63754	1
15	30.0313	31.87	2.09854	-0.62863	1
15	27.7214	14.8065	0.0862536	0.320284	1
15	36.3265	18.6219	-1.16896	1.62408	1
15	33.8827	23.3914	0.770394	0.916449	1
15	38.2614	26.0697	-0.209883	-0.286032	1
15	31.4298	11.3986	0.342598	-0.277305	1
15	37.0984	20.5366	0.918514	1.11123	1
15	5.58318	23.2834	-0.216641	-0.479361	1
15	35.6358	22.0673	-0.236185	0.284878	1
15	36.369	25.8956	-0.782478	0.520634	1
15	36.6861	16.798	0.298699	0.22638	1
15	9.61669	12.6285	-1.94734	-0.0716104	1
15	0.972906	23.9164	1.4939	-0.738494	1
15	1.70386	18.887	-0.111423	0.892401	1
15	7.59912	8.0514	-0.709075	0.501753	1
15	5.6115	19.0881	-0.946016	-0.997135	1
15	9.7964	14.9774	-0.175936	-0.391166	1
15	23.3131	19.0641	1.33463	0.959049	1
15	18.9542	16.2103	-1.75373	-0.22453	1
15	21.732	10.795	0.540597	-1.58443	1
15	23.8408	7.23942	0.548728	0.304881	1
15	21.4665	16.2754	-0.512685	-2.38893	1
15	18.3548	23.2237	-0.870696	0.80381	1
15	15.0458	25.3372	0.172594	-0.553509	1
15	26.9507	11.0193	-1.11444	1.01591	1
15	29.1221	10.7461	0.980303	-0.982239	1
15	33.1534	25.5115	0.821141	0.551524	1
15	28.4487	20.6099	1.55811	-1.17893	1
15	27.9638	28.5276	1.14635	0.36293	1
15	25.199	30.9176	1.2213	-1.33877	1
15	26.049	23.7871	2.18454	-0.736774	1
15	35.8439	24.289	0.753855	-2.26332	1
15	22.7038	16.483	-1.24065	0.21005	1
15	38.7914	21.3172	0.878663	1.88981	1
15	28.8181	25.3338	-0.298343	-2.24835	1
15	36.4933	28.8455	-1.01971	0.438577	1
15	39.1981	18.6957	-0.233472	0.652455	1
15	3.48621	23.9862	0.112078	-1.65062	1
15	1.22095	19.87	-0.396919	0.740619	1
15	5.23576	11.3215	1.24023	-0.76411	1
15	26.0525	15.0592	-0.425006	-0.745685	1
15	38.857	19.8013	0.697414	0.318474	1
15	38.2183	14.6387	-1.03577	0.343862	1
15	9.47057	21.7267	-0.104678	0.818095	1
15	6.98212	25.5036	-0.913384	0.287069	1
15	11.8986	10.2326	-1.30732	-1.42438	1
15	2.88619	16.9826	-0.822945	0.552621	1
15	38.2646	22.4294	-1.26606	1.85802	1
15	2.35625	25.4634	1.18863	-0.285714	1
15	1.68349	15.3159	-2.33963	-0.259325	1
15	17.8305	20.8483	1.2687	0.90381	1
15	8.65512	25.7363	0.805137	-0.850757	1
15	28.7145	22.2538	-0.750593	1.62787	1
15	15.9845	22.5282	-0.10874	-1.31179	1
15	23.312	12.7073	-0.0322665	1.24186	1
15	23.4231	21.5075	1.29495	-0.510219	1
15	21.7404	26.3576	1.60217	-0.0824958	1
15	20.8752	23.0666	-0.386299	0.843008	1
15	20.86	28.6429	1.82035	0.585103	1
15	25.0111	23.2769	-0.871833	0.0275815	1
15	16.6383	26.2862	0.140654	0.137568	1
15	27.0199	20.8709	-2.63623	-0.235018	1
15	24.4161	24.4458	0.069555	0.260431	1
15	24.6115	21.3951	-2.12296	0.177916	1
15	32.139	2.8512	0.90884	-1.16457	1
15	25.1104	15.3835	1.90482	-0.212708	1
15	37.6134	29.159	2.03972	-1.51333	1
15	30.486	25.0481	0.589965	0.65195	1
15	33.3812	17.9038	0.80109	-0.521118	1
15	0.475425	26.6053	-0.747253	-1.75509	1
15	39.5362	31.9798	0.107931	1.62256	1
15	8.82149	19.7873	0.412197	-0.89149	1
15	5.81057	24.3836	0.284991	-0.00550153	1
15	31.3533	26.048	-1.92478	-0.584025	1
15	39.8823	23.8482	-0.571909	-0.752574	1
15	9.85182	19.1968	0.495982	0.651593	1
15	1.46275	27.4127	1.83173	0.940537	1
15	10.5403	24.0901	0.110679	0.846819	1
15	12.766	18.8098	-0.03185	-0.222344	1
15	6.71997	23.8073	0.260496	1.51843	1
15	13.6107	23.0487	-2.31611	0.872544	1
15	15.2258	23.3868	-0.0261176	-0.653517	1
15	4.59999	24.0195	-1.48424	-0.25642	1
15	13.4967	29.9516	-0.659278	-2.30631	1
15	10.8842	18.7125	0.890131	-1.14533	1
15	29.4915	13.3354	0.429418	-1.68248	1
15	25.108	20.4583	0.604186	-0.698371	1
15	18.9331	18.8654	1.23462	-0.537648	1
15	22.2171	25.2725	0.191145	0.738803	1
15	19.178	25.3481	-1.198	-0.527112	1
15	18.5306	15.0925	0.258671	0.313689	1
15	25.1336	19.3485	1.81057	-2.12356	1
15	27.1159	22.7744	2.48785	1.34293	1
15	21.2285	22.0181	0.7962	-1.39957	1
15	25.799	28.2548	-0.601862	0.336554	1
15	30.2195	30.8556	1.25277	-1.00775	1
15	17.9006	24.2907	0.491968	-1.08507	1
15	38.3075	29.9909	1.05062	0.0767967	1
15	23.6708	23.5208	-0.247314	-0.633535	1
15	0.740707	31.602	0.451039	1.52544	1
15	24.2442	22.503	0.0642087	1.5116	1
15	29.7054	21.9479	0.0105922	-0.116209	1
15	36.144	34.7551	-3.42489	0.714937	1
15	37.5018	23.3734	0.841508	1.38879	1
15	34.6406	24.5505	-1.46243	0.336822	1
15	37.694	27.0493	1.04248	-0.415386	1
15	2.72537	30.4	-0.764507	2.18753	1
15	11.8426	20.4617	0.496081	0.651237	1
15	0.886175	33.9272	-1.11249	0.967033	1
15	9.35274	29.5571	-1.6586	0.775973	1
15	18.4774	19.8602	0.164205	2.75544	1
15	3.09835	26.5155	0.167624	0.408428	1
15	21.7169	19.8236	0.0995985	-1.20387	1
15	8.94686	27.5142	-1.10507	0.775067	1
15	7.87958	21.0406	0.0859726	-1.50597	1
15	12.9023	20.9706	1.12575	-0.542586	1
15	11.9865	24.3341	-0.796964	1.03679	1
15	17.9739	13.9187	0.378454	1.31871	1
15	10.4683	25.3083	-0.395039	0.401958	1
15	24.2457	13.2999	-0.59844	-0.94218	1
15	13.7784	26.1842	-0.32602	0.685051	1
15	9.32629	36.2946	-1.21435	-0.172482	1
15	22.4588	14.0806	-0.391771	-0.0395086	1
15	23.6444	17.1076	0.898068	0.534454	1
15	27.031	24.2649	-0.649622	0.0211611	1
15	23.1302	20.1379	0.47112	-0.206431	1
15	24.1942	28.2811	-1.05174	0.682124	1
15	21.0534	27.4769	1.09035	-0.729483	1
15	22.2185	18.9571	-0.885996	-0.712145	1
15	26.0443	29.4726	1.39108	0.111649	1
15	25.8438	34.5784	-0.682169	1.25897	1
15	33.906	31.6687	-1.46268	-0.939659	1
15	1.15953	36.2475	-1.52301	-0.661975	1
15	36.235	27.2186	-0.780957	-0.66835	1
15	2.76307	21.6952	0.0847209	0.337517	1
15	36.9577	30.4031	-2.14602	0.104216	1
15	34.778	30.8167	1.88733	0.935409	1
15	27.5457	33.8226	-0.259902	-2.11222	1
15	9.1164	16.033	1.17079	-0.169953	1
15	6.81824	21.4186	0.0575573	0.947581	1
15	38.568	28.9451	-1.19153	0.168787	1
15	0.408123	32.6881	0.734145	1.80763	1
15	11.4733	30.906	1.57187	-0.31209	1
15	9.34899	24.9196	0.904943	-1.13638	1
15	6.33345	28.867	0.328851	-0.752974	1
15	10.6692	26.3787	-1.53287	0.554554	1
15	8.28486	14.3117	0.949014	1.43921	1
15	18.7821	21.5079	0.279237	0.709444	1
15	21.7359	21.078	0.317763	-0.249616	1
15	11.6648	25.6631	-0.312937	-0.887402	1
15	15.6439	30.9081	-0.329144	0.896887	1
15	24.6774	25.4783	3.00354	0.175834	1
15	19.2768	22.3929	-0.00256877	0.447594	1
15	7.72366	23.5683	3.08096	-1.05749	1
15	27.0539	17.8916	-0.582886	-1.23835	1
15	23.4161	24.6794	0.103527	1.06813	1
15	23.4008	14.0356	0.374597	-0.772005	1
15	20.6142	25.2849	-0.490663	-0.978062	1
15	25.3336	33.0391	0.476803	1.41491	1
15	33.6148	36.5222	0.803824	0.595454	1
15	35.1189	27.5244	1.45281	-0.643731	1
15	34.2287	33.8462	0.923786	-0.446945	1
15	29.4774	23.5207	0.841746	-0.332273	1
15	2.02158	32.3094	-0.0531639	-0.257201	1
15	28.0377	24.6724	-1.50275	-0.477104	1
15	35.1622	23.4014	-0.9931	0.463432	1
15	36.0539	33.5041	-1.10605	1.19384	1
15	36.9287	24.234	-0.0217521	-0.716283	1
15	1.63397	31.075	-0.216214	-0.15179	1
15	30.7109	18.6354	-1.11007	-0.847718	1
15	39.9198	30.598	0.137351	-0.0294535	1
15	24.7096	31.8656	0.3811	0.384063	1
15	2.54089	27.4194	-0.796944	-0.552335	1
15	7.02356	1.87984	-1.80384	0.638449	1
15	2.18521	33.3542	-0.645009	0.0729418	1
15	3.47159	25.2573	0.285586	1.44122	1
15	9.18212	38.5805	0.7932	-1.53433	1
15	6.93743	0.767206	0.307637	-1.12235	1
15	38.8462	23.5616	-0.887962	0.482266	1
15	2.70913	1.42608	-0.710294	1.07066	1
15	17.4776	22.2557	-0.637496	-0.155142	1
15	13.262	27.1681	-1.75656	-0.63238	1
15	12.4816	29.5531	0.281872	0.155981	1
15	9.72576	30.85	-1.46024	-0.244962	1
15	22.4677	22.0587	0.0664056	-0.552687	1
15	19.1289	33.0362	0.830824	-2.0505	1
15	11.2262	23.2075	-0.822666	-0.606221	1
15	26.1513	18.9344	0.173244	0.743939	1
15	14.5026	28.0708	-0.305184	-0.520291	1
15	14.6339	26.6815	1.0048	-0.723358	1
15	23.1649	26.7232	0.709575	-0.386351	1
15	17.5561	30.4571	1.4735	-0.536797	1
15	33.1981	28.1957	1.23062	0.000178974	1
15	23.7798	30.5873	-1.59608	-0.241565	1
15	34.4965	25.918	-0.201908	1.55569	1
15	27.0215	36.865	0.0582556	-0.250335	1
15	26.4605	35.8329	-1.12631	-0.866245	1
15	18.9753	27.4828	0.974878	0.364389	1
15	31.0295	29.7415	-0.968957	-1.40147	1
15	26.4326	25.9427	-1.25421	0.12992	1
15	27.2607	29.7762	0.666878	1.73351	1
15	37.3608	31.3282	0.739883	-0.733195	1
15	6.72631	26.7643	0.087337	-1.13241	1
15	4.08141	28.1541	2.21602	-0.19164	1
15	8.10174	29.5241	1.42059	-0.37895	1
15	31.5613	32.2277	0.0908486	-0.79903	1
15	4.09142	26.1025	0.140598	0.0426796	1
15	35.4165	25.4157	0.831366	1.04926	1
15	1.61808	22.1224	1.50693	0.495649	1
15	5.06445	36.0272	-0.820961	-0.118314	1
15	5.32799	26.8758	0.00223741	1.32017	1
15	23.7663	18.2076	0.150175	-1.02814	1
15	11.0839	17.4061	0.309406	1.00527	1
15	14.011	25.1011	0.931853	-0.599272	1
15	14.51	24.1968	0.814906	0.645625	1
15	13.7272	16.9642	0.774883	-0.0398211	1
15	19.42	39.3167	0.615419	-0.541809	1
15	12.6503	23.4748	-0.19561	-1.11253	1
15	9.54269	32.1623	0.713449	0.953699	1
15	19.7738	35.1677	0.075664	0.171599	1
15	15.774	27.0329	-0.906673	-0.996454	1
15	20.7263	20.603	-0.130126	-1.05485	1
15	19.0267	26.4253	0.536929	0.405887	1
15	16.8214	25.0583	0.426813	-0.418522	1
15	24.1471	32.908	0.0257013	-0.282077	1
15	19.0504	31.5619	-2.76305	-0.344927	1
15	17.7535	17.7756	-0.375313	0.0674098	1
15	32.4776	32.897	0.527972	1.34793	1
15	26.01	17.8407	1.06956	0.81012	1
15	33.9187	32.7604	-0.378015	1.00399	1
15	29.7006	25.7978	-0.202555	-0.507178	1
15	29.8293	27.2664	-0.271622	-1.55794	1
15	17.5275	26.9932	-1.05575	-0.15865	1
15	31.2846	31.0247	0.451888	-1.01373	1
15	39.0687	27.8723	0.909442	0.236431	1
15	7.93534	28.4195	1.95785	1.09593	1
15	6.63336	33.5335	-0.0121271	0.369218	1
15	34.6043	21.1402	-0.748789	-0.789385	1
15	3.76376	30.9357	-0.818264	0.483705	1
15	6.86402	27.7413	-1.43047	0.680034	1
15	2.24733	38.2808	0.88192	-0.741011	1
15	7.68579	39.8918	-0.508878	1.19772	1
15	31.9906	38.6556	-0.716793	1.67878	1
15	4.87855	34.8963	0.104428	1.23735	1
15	39.6462	20.6378	-0.391112	0.0447116	1
15	12.1293	26.5679	-0.511822	-1.15443	1
15	4.09121	27.1392	1.04166	-1.62305	1
15	20.8124	34.4101	-0.302394	-0.502471	1
15	17.2428	27.989	0.36566	-0.699938	1
15	10.7603	28.697	0.811748	1.12888	1
15	19.7256	23.4242	0.0257147	-0.103996	1
15	17.8269	29.4127	2.46268	-0.56958	1
15	23.0358	35.133	0.0797539	-0.10286	1
15	23.6655	36.1934	-1.0853	0.649753	1
15	14.1556	21.2162	-0.414131	-0.652409	1
15	17.7518	25.5716	-0.719817	-0.947155	1
15	29.164	28.7525	0.0988247	-1.33077	1
15	22.4511	30.8147	-1.62521	-0.117928	1
15	26.3879	33.6396	1.01509	-0.0139452	1
15	26.3624	27.164	-1.04806	0.861228	1
15	30.0687	29.2481	-0.107628	3.10852	1
15	23.9099	29.5314	0.0962818	0.266532	1
15	29.1227	30.6733	0.646676	-0.635344	1
15	0.769804	35.0529	2.05413	-0.514136	1
15	30.6032	35.1713	0.351282	0.474635	1
15	35.4964	30.0594	0.445722	0.643125	1
15	2.698	31.4471	-1.68034	-0.271274	1
15	37.6419	33.9444	0.177841	-0.670888	1
15	39.1224	25.3979	0.256794	-0.406675	1
15	3.08689	32.4951	0.142136	-1.68121	1
15	10.5409	37.3214	0.102134	-0.504289	1
15	30.5365	26.5145	-0.577583	-0.50888	1
15	2.25886	29.4535	0.846813	-1.43037	1
15	3.31164	29.0703	-0.288597	0.0234913	1
15	10.3662	29.8338	-0.958345	-0.203926	1
15	13.4294	17.9976	-0.599299	0.0845282	1
15	11.4344	22.2069	0.52306	2.48217	1
15	1.71834	1.96586	0.0057255	0.648548	1
15	10.9471	19.9665	-0.699919	-0.902761	1
15	9.29479	13.8659	2.08835	-0.292132	1
15	12.5584	16.576	-1.16356	-0.784675	1
15	12.0064	17.6	0.410065	-0.227181	1
15	21.8952	28.4194	0.323299	-1.10932	1
15	6.20889	30.2645	-1.00758	-0.253367	1
15	5.67018	27.9143	-0.428673	-0.734499	1
15	14.203	33.9638	0.264631	-0.861472	1
15	19.1453	2.55468	-0.246882	1.19311	1
15	7.72143	36.2991	1.11997	-0.037234	1
15	17.198	33.2254	1.08207	0.317059	1
15	25.9934	37.4045	-0.942512	0.294248	1
15	37.0017	33.1825	-0.77706	1.00001	1
15	24.9378	18.016	0.233642	0.15267	1
15	31.9281	30.2435	-1.13827	-1.07471	1
15	25.8384	24.9353	-0.565136	0.412077	1
15	29.3757	34.7491	1.08566	-0.117612	1
15	32.2276	26.8679	0.940397	-1.00758	1
15	27.9641	30.6541	0.978733	0.876681	1
15	35.2765	28.5145	-1.43457	0.852061	1
15	34.9459	34.5442	1.43774	1.06795	1
15	0.835594	29.9664	0.154472	0.763818	1
15	34.9656	31.8454	-0.42633	-0.753784	1
15	36.0355	31.0348	-0.424097	0.769904	1
15	6.87847	31.1131	-0.651763	0.196031	1
15	8.19578	35.315	0.724607	-0.495896	1
15	6.48602	36.46	-0.206093	0.10213	1
15	2.37384	19.8224	0.011619	-0.0677332	1
15	15.457	33.8709	0.610449	-0.523186	1
15	7.11996	37.4151	1.22627	-0.618885	1
15	15.9051	35.651	0.757349	0.262481	1
15	4.28883	29.5393	0.234414	-1.14692	1
15	7.3716	24.5981	-0.0378866	-0.50197	1
15	7.19669	35.2647	0.520996	0.749946	1
15	9.33699	34.5416	-0.2607	0.455729	1
15	4.46462	4.70125	-1.01372	-0.763846	1
15	18.1808	1.42911	2.04714	-0.152833	1
15	19.9018	27.8952	-2.75966	0.432437	1
15	17.9291	34.7919	0.898244	1.85334	1
15	22.1239	8.61412	0.306666	0.733891	1
15	28.7042	32.2093	-1.06527	-0.537058	1
15	22.0038	34.0651	-0.198399	0.653411	1
15	10.2005	22.509	1.13996	-0.14005	1
15	32.9855	33.9004	1.07861	1.14691	1
15	27.6409	31.7983	-0.0970316	1.43564	1
15	26.7814	30.841	1.17139	-0.237702	1
15	20.1228	26.5861	-2.47401	0.559048	1
15	4.96842	39.3622	0.321303	0.0733005	1
15	16.8513	28.935	0.772307	-0.77073	1
15	38.467	34.5308	0.427165	-0.0856094	1
15	30.4474	37.2986	-1.45725	0.0752861	1
15	29.5168	24.4839	-0.0331649	-0.646052	1
15	33.3223	30.0871	-0.931343	-1.5482	1
15	34.4411	29.6306	-0.394557	0.803615	1
15	37.2962	19.5364	0.979852	-1.22948	1
15	31.6205	35.2628	1.5083	-0.376762	1
15	0.221985	28.6066	0.46674	-0.510869	1
15	35.4173	1.26999	-0.818635	-0.338923	1
15	36.5237	36.9023	-0.0345566	0.770391	1
15	8.11375	31.95	0.0106346	-1.14369	1
15	5.66231	37.1497	-1.70965	-0.10645	1
15	1.92665	28.3356	1.09066	-0.67314	1
15	7.57697	32.9911	-0.00818972	-0.597312	1
15	15.6441	32.1228	1.32811	-0.679632	1
15	11.7357	39.0661	-0.59446	0.362031	1
15	8.71244	33.3662	0.466212	0.41719	1
15	12.6472	37.7196	1.2892	-0.337417	1
15	8.66605	31.1716	-1.32477	-0.473409	1
15	20.842	33.3048	-1.10428	0.785969	1
15	15.495	29.7804	-1.25877	-0.724405	1
15	12.4822	30.65	0.377593	-0.0936404	1
15	7.76597	30.648	-0.681951	0.89605	1
15	16.7955	32.3225	-0.294527	0.671941	1
15	19.9349	32.0232	0.5336	-1.49705	1
15	25.3765	36.0167	0.460406	-1.16462	1
15	21.7323	29.9169	-0.0244707	0.840385	1
15	19.3106	36.3386	1.27125	0.118797	1
15	27.7525	21.6408	-0.0497169	-0.432044	1
15	21.1455	0.16619	-0.519296	-2.42059	1
15	25.9786	31.6119	0.603201	1.45364	1
15	31.5006	24.7672	-0.228638	-0.0299298	1
15	30.3835	28.2063	-0.425966	-1.40384	1
15	27.6371	35.7859	0.0717966	-0.956644	1
15	32.5641	34.8595	0.920899	1.11599	1
15	3.1995	37.7897	-1.75947	0.0539073	1
15	37.8743	0.708203	0.0135935	-0.97948	1
15	5.80682	31.6383	-0.683568	-0.0886101	1
15	2.1791	0.433833	2.22095	-0.706202	1
15	28.9689	1.62286	0.331382	-0.120298	1
15	32.573	31.8361	0.515959	-0.468622	1
15	2.03655	37.1055	1.36214	0.114706	1
15	29.5499	35.8824	0.452733	-1.47193	1
15	35.36	39.3465	0.935843	0.646554	1
15	9.012	0.819149	-0.954221	1.16346	1
15	6.2423	38.1777	0.456949	-0.837025	1
15	8.22414	37.1994	-0.795704	1.29454	1
15	10.2394	6.84201	3.3974	-1.0548	1
15	12.8239	7.21955	-0.492904	1.75329	1
15	9.94607	27.3326	-0.0835154	-0.102342	1
15	15.6599	24.4163	-0.244943	-0.782573	1
15	9.53114	26.303	-0.183776	0.761391	1
15	13.974	30.8803	-0.231229	0.0974036	1
15	16.9796	35.6752	1.27355	-0.784118	1
15	18.0781	4.34188	1.85599	-0.450225	1
15	18.9584	24.2447	-0.525318	-1.44293	1
15	27.1075	34.8896	-0.756843	1.38013	1
15	20.6979	37.7401	1.29787	-0.563285	1
15	26.0232	3.08742	-0.391035	-1.66965	1
15	23.562	39.7637	-0.886989	0.691212	1
15	18.3571	39.9285	-0.0928371	0.110075	1
15	27.4201	26.5051	-0.0108564	0.599664	1
15	29.7178	38.1789	-0.978968	-0.910923	1
15	28.5736	29.7959	-0.98044	-1.64854	1
15	20.238	2.2694	0.461472	0.189644	1
15	32.6447	36.1456	-1.30175	0.205486	1
15	34.5839	17.4032	-1.98746	0.761889	1
15	27.9696	32.9096	-0.296195	0.653634	1
15	33.6973	35.4001	-0.599564	1.39309	1
15	34.478	0.452653	-0.993756	-1.36457	1
15	35.1017	32.8067	-1.50039	0.781723	1
15	5.44211	6.10061	0.574535	-1.49604	1
15	4.86998	1.839	1.31221	-0.280073	1
15	2.13625	35.6682	-0.0701589	-1.5601	1
15	35.6718	38.1445	0.411603	-0.141247	1
15	38.2937	39.7465	0.481869	0.264561	1
15	39.3209	33.1704	-0.290185	1.43455	1
15	6.27272	6.63011	0.094583	0.409722	1
15	9.4149	37.4054	-0.617987	1.19239	1
15	6.72282	32.214	-1.80708	1.13934	1
15	19.8711	30.7694	-0.0701969	-0.00853214	1
15	13.5263	35.7691	-1.41041	-1.71653	1
15	17.723	10.2842	0.274208	1.60426	1
15	15.8473	28.2122	1.65058	0.356907	1
15	16.5733	30.021	-0.177599	1.50733	1
15	10.4155	0.961164	0.747714	-0.946782	1
15	39.6575	29.6348	1.49875	0.423071	1
15	13.3953	6.38569	-0.250246	0.305348	1
15	5.72368	4.75541	-0.393054	0.434496	1
15	23.0102	32.8484	0.826431	0.321584	1
15	19.9605	3.63595	0.189401	0.833239	1
15	22.6616	2.55208	-1.63268	0.560005	1
15	24.5091	26.5702	0.440101	0.591159	1
15	16.6897	31.2429	-1.38049	1.76125	1
15	39.7689	35.1369	1.09861	-0.493569	1
15	25.0066	29.0635	0.317261	-0.846341	1
15	24.6429	34.1306	-1.01031	0.427014	1
15	30.0128	1.5009	-1.98692	0.852783	1
15	39.2135	37.3094	-0.353307	0.815061	1
15	31.4534	37.6681	1.1359	-1.15693	1
15	27.2708	25.385	-1.01115	0.223758	1
15	34.531	4.14192	0.0820162	0.143641	1
15	31.6132	33.9995	1.66547	1.26545	1
15	30.6646	38.337	0.711807	1.40669	1
15	3.47388	33.4883	-0.0969958	1.1312	1
15	34.2249	28.0894	1.56153	-1.27921	1
15	4.39257	5.76978	0.78321	0.191357	1
15	30.021	0.303197	-0.231504	0.284205	1
15	5.04717	32.8676	-0.552119	-0.041627	1
15	35.82	13.2372	0.417347	-1.62724	1
15	1.35342	9.81113	-0.294718	-0.899329	1
15	6.85891	5.0285	-0.359421	-0.278864	1
15	9.67181	1.77038	-0.163014	0.454413	1
15	5.69722	10.1331	-0.956688	-0.627681	1
15	35.3368	4.83757	0.597421	0.47806	1
15	7.62012	34.1597	0.502565	0.723254	1
15	19.7021	37.95	-0.076896	0.783715	1
15	5.32866	7.25394	1.02418	0.16498	1
15	4.55005	37.5073	0.0410056	1.34307	1
15	19.835	0.349757	0.921306	0.349892	1
15	7.75461	4.47636	-0.282252	-0.923188	1
15	14.2971	32.0037	0.604571	-1.83185	1
15	17.9737	31.6974	-0.998037	-1.22608	1
15	28.3555	36.5386	-0.693438	0.332768	1
15	37.4911	38.7348	0.118992	-0.624773	1
15	13.0031	24.6846	1.05356	1.11468	1
15	36.6946	3.30903	0.397302	0.303367	1
15	24.0989	35.0446	0.558674	-0.779538	1
15	30.8855	39.4871	-0.942909	0.0505884	1
15	28.7548	33.7398	0.275937	0.970055	1
15	26.7864	1.17842	0.568718	-0.581529	1
15	32.4142	37.3059	-0.221397	0.569997	1
15	36.2375	11.0984	-1.67454	-0.245394	1
15	30.9023	33.1181	0.212253	0.632912	1
15	34.7354	38.3497	1.06238	1.21553	1
15	37.2355	2.24352	0.474466	0.262791	1
15	19.7474	29.2861	0.347398	-1.38725	1
15	32.5827	8.389	-0.674885	-0.59256	1
15	39.0247	0.53959	0.531253	-0.298322	1
15	4.59336	33.8041	-0.0740011	-0.488661	1
15	0.367458	3.93861	0.613143	1.51204	1
15	8.05533	38.7445	0.372419	1.1497	1
15	5.99402	1.35681	-0.37496	-0.172015	1
15	10.7904	32.0355	-1.06611	-0.845186	1
15	4.36802	31.9821	-1.10423	0.00944594	1
15	8.41339	9.45935	-0.07603	1.23655	1
15	35.9526	35.9063	-1.03273	0.0847924	1
15	21.8571	32.9074	-1.98797	-0.0897447	1
15	9.91261	2.79031	-0.132482	-0.437701	1
15	3.31855	4.00055	-1.21494	0.64011	1
15	37.4835	3.96952	0.348862	0.0459783	1
15	12.8788	0.3334	-1.06335	0.464474	1
15	20.9876	32.1652	-1.75243	0.39186	1
15	16.9466	38.8175	0.0593428	-0.422169	1
15	11.6503	27.8904	-0.345619	-1.19791	1
15	17.1047	1.33718	-1.29347	0.466939	1
15	22.3295	38.9575	0.781833	0.566772	1
15	38.4321	38.0236	0.679551	0.578588	1
15	21.1629	2.71921	-1.01261	-1.63674	1
15	25.8162	39.1383	1.09327	0.65327	1
15	21.9463	23.035	-0.515543	-0.666423	1
15	26.9195	39.1118	0.730355	-0.0653018	1
15	26.9098	28.2372	-0.667189	2.00084	1
15	28.939	26.6333	0.0231083	0.291604	1
15	34.3944	5.99363	0.619788	0.311751	1
15	34.196	1.99776	-0.184175	-0.134726	1
15	36.4508	38.972	1.1769	1.09577	1
15	36.9723	39.938	0.819041	1.81714	1
15	21.474	31.2383	0.275558	0.81087	1
15	32.228	1.48846	-0.156584	0.365795	1
15	32.9174	39.3105	-0.30908	0.91217	1
15	1.18247	1.07969	0.95553	0.212133	1
15	3.7514	36.0871	-0.11404	-1.36887	1
15	5.98168	35.4065	-0.257445	-0.640891	1
15	38.2058	4.91715	0.0464041	0.280202	1
