2	38.8247	33.4077	0.0607379	0.444561	1.05287
2	34.7312	31.203	0.378405	1.51901	0.947479
2	38.7431	39.1504	-0.969384	-0.231833	0.939138
2	33.1656	2.6696	-0.112114	0.233694	1.25706
2	6.59827	38.9582	-0.853077	1.11614	1.07633
2	39.5712	39.7856	-1.424	0.0586793	0.97114
2	5.17555	2.6988	2.22133	1.19174	1.05532
2	16.1965	10.943	-0.188014	-0.577843	1.07242
2	12.875	2.14269	-1.04419	1.63625	1.026
2	7.92217	0.603897	-1.21426	0.386985	0.976391
2	15.2938	36.3109	1.4922	0.139127	1.01192
2	6.97093	1.79229	1.90215	-0.450587	1.18542
2	20.9824	34.0288	2.26596	0.967269	0.975637
2	23.91	34.9634	0.541706	0.974067	0.92656
2	15.8543	30.6473	1.24644	0.240619	0.976662
2	16.2572	38.7033	0.487969	-0.66596	0.975364
2	5.73309	29.6915	-0.342786	-0.495949	0.997112
2	13.9808	32.3696	-0.299241	0.194431	1.02598
2	22.0935	4.17655	1.33939	0.152524	1.24916
2	30.7813	6.4194	2.41544	-0.444076	1.11083
2	24.4814	36.296	0.145151	0.821433	1.16011
2	28.0766	5.94098	-0.136641	0.155338	1.15204
2	24.6637	31.0694	-1.01431	-0.0572187	1.04785
2	30.5502	4.78429	-0.327705	-0.742201	0.902038
2	31.6928	1.03829	-0.603974	-0.0605313	0.795111
2	28.1459	0.233227	-0.352716	-2.33342	0.931817
2	2.19558	2.18665	-0.269339	1.47679	1.01436
2	36.3318	10.8085	-0.26831	0.0455855	0.94092
2	34.0714	38.7996	-1.38902	-0.199108	1.06321
2	2.59883	11.9589	-0.148106	1.14262	1.05918
2	3.769	13.9602	0.504752	-1.54769	0.809015
2	7.34506	13.1285	1.14087	0.814459	1.01917
2	1.80763	4.49626	-1.09786	-0.258371	1.03724
2	4.14726	38.8964	0.44561	0.3912	1.06177
2	4.42033	1.58498	0.901543	-0.667112	0.885971
2	36.5612	39.8234	-0.371213	-0.429544	1.01255
2	4.94207	10.2057	-1.1073	-0.528485	0.843364
2	3.34124	35.8704	-0.351385	0.308966	0.977559
2	5.4341	38.7232	-0.0140227	0.550672	0.965938
2	14.9077	4.40432	-1.84868	0.324684	1.04249
2	8.52846	2.97061	-0.274252	-1.09923	1.05394
2	12.3534	34.2503	0.942516	-0.238319	1.04389
2	2.31549	34.3033	0.424068	0.0252566	0.849696
2	12.1613	3.55746	0.312294	0.66812	1.15581
2	18.5481	38.5981	-0.496129	0.690957	0.909238
2	11.7791	2.48259	0.456543	-0.804893	0.895328
2	12.1685	38.2123	-0.712348	1.62546	0.92336
2	16.9256	4.04435	0.510992	-0.662933	0.976647
2	26.8296	5.65431	1.69633	0.612723	0.960469
2	27.3533	3.50741	2.20831	-0.421055	1.01579
2	18.6501	1.21514	-1.41064	-0.620144	0.904588
2	14.2018	35.454	0.525283	-0.074844	0.905845
2	21.3026	7.72706	1.4821	0.567231	1.16905
2	29.3265	2.4643	-2.22423	2.14445	1.07773
2	31.6999	33.4399	-0.475955	-0.502787	1.05068
2	26.0486	12.1118	-0.0592061	-0.457561	1.07555
2	29.7084	36.9647	0.923892	-0.968075	0.854925
2	27.5367	36.4579	1.14694	0.821771	0.992584
2	33.0733	0.584729	-0.0522223	-0.95164	0.978369
2	33.9947	7.26094	-1.70458	1.32613	1.16716
2	1.11418	1.59809	0.190044	0.784385	1.06387
2	35.1817	38.591	-0.509	-0.107486	0.994022
2	35.0657	8.95273	1.45304	1.25382	0.952121
2	3.91842	6.65696	0.567693	0.981303	1.02988
2	5.92917	39.6762	-0.539058	0.744128	0.834598
2	36.586	38.1505	-0.286159	-1.35147	1.14275
2	0.509824	0.227022	-0.512489	-1.62191	1.06822
2	37.5875	1.27556	1.21881	0.499618	1.14714
2	13.9441	8.18084	-0.704376	0.223621	0.808892
2	37.4026	39.0428	0.966363	-0.276279	1.09979
2	35.7773	6.49948	-1.66058	0.440218	0.957236
2	7.25275	8.30948	-0.374623	-1.45429	0.945794
2	9.7796	34.7974	0.271105	0.699539	1.13334
2	7.65402	5.83676	-0.744145	-0.825237	0.96705
2	1.47122	39.8522	-1.3342	1.32936	1.02799
2	5.96513	17.2226	-0.475929	0.908368	1.00098
2	12.0617	1.47965	-0.502169	0.138188	0.924032
2	17.1967	37.348	-0.353929	0.501779	1.12374
2	15.4747	2.44964	-0.420984	-0.270613	1.04784
2	15.8779	7.34603	0.0665822	0.116532	0.899323
2	9.80789	4.17053	-1.42306	-1.27826	0.926327
2	31.5923	5.55016	-0.227834	-0.197391	0.998632
2	25.4762	0.505668	1.934	0.352035	1.00461
2	24.3161	4.46668	1.10237	-0.609842	1.19149
2	30.0876	0.251831	-1.43804	1.09804	0.889748
2	24.1907	0.425081	0.444086	0.204694	1.10798
2	28.3471	8.75777	0.900907	0.165169	0.926953
2	33.9569	11.5066	1.09096	0.447643	0.987513
2	17.9333	6.34065	-0.243706	0.234074	1.03163
2	29.1033	35.5347	-1.57014	0.491009	1.12402
2	30.0372	7.54483	1.57225	0.800127	0.951236
2	35.7265	4.03341	-0.107309	-0.267949	0.953273
2	28.0489	37.9492	0.017177	-0.611206	0.989545
2	4.30197	8.23282	-0.388979	-0.492882	1.13406
2	2.15137	0.799236	-0.334764	0.923431	1.00139
2	37.4403	8.43707	0.499097	0.449214	0.877926
2	3.36797	1.30834	-0.425198	-0.995519	0.937331
2	34.4512	35.7676	0.516605	-0.313691	1.15401
2	16.7078	2.7548	-0.339158	0.0940264	1.05234
2	5.88972	6.30781	-0.569925	0.585673	0.83217
2	39.7734	3.72123	0.288546	-0.484448	1.11106
2	4.6484	9.27308	0.833249	0.276452	1.07911
2	1.64774	6.79529	0.865135	-2.3805	0.980132
2	2.1706	38.7629	-0.756188	0.232993	1.17847
2	5.39266	0.977027	-0.270116	-0.873297	0.968647
2	1.88451	14.3519	0.368137	0.575489	0.910589
2	0.466161	39.027	1.4784	-0.194505	1.2101
2	6.23005	5.32378	0.166118	-0.569147	1.02193
2	8.8073	4.63318	1.4885	0.550011	0.908248
2	10.98	4.24857	-0.111988	-0.0652957	0.982876
2	9.62299	3.34359	1.3344	0.840566	0.797761
2	13.7086	36.6137	0.938503	-0.328316	1.06506
2	16.3598	34.3431	0.485544	-0.688396	0.772408
2	20.2461	7.46595	0.62523	-0.6211	0.948526
2	23.5036	36.9272	-0.138813	-1.69748	0.954032
2	13.9919	0.0987937	-0.7671	-1.10947	1.0871
2	26.014	8.05275	0.563763	0.140564	0.828045
2	22.7624	6.53254	-1.35291	-0.72185	0.966907
2	23.8159	12.43	0.435206	0.401135	1.04529
2	19.6888	3.71858	-0.371016	0.947463	1.161
2	31.0245	3.30962	-0.597364	1.11821	1.06128
2	26.1311	13.5426	0.423888	-1.57963	0.928709
2	32.0014	9.66435	-0.445776	0.0327178	0.966148
2	24.619	6.81725	-0.535707	-1.19928	1.11228
2	36.0214	2.33644	0.613819	-0.00760142	1.09961
2	23.5565	7.17144	-0.0949913	0.149197	1.00023
2	33.1483	6.34084	0.78822	-0.257744	0.939589
2	35.2353	1.54079	3.01135	1.09707	1.00976
2	1.30682	5.82929	1.12688	0.569676	0.861294
2	37.0986	9.40302	0.545519	-0.425587	1.0142
2	31.7199	8.69773	1.17991	-0.741288	1.03877
2	8.52402	6.46004	-1.14445	-0.531505	1.10492
2	11.4582	31.2407	-0.616629	0.358702	0.890209
2	34.7788	3.65063	1.87962	-0.505673	1.05727
2	0.449824	12.4826	-0.200166	0.619457	1.03069
2	11.9847	6.09749	0.401424	-1.43444	0.950758
2	4.83344	5.84774	-1.86119	-0.0382268	1.03849
2	5.42618	7.68962	-0.917723	0.48701	0.983774
2	4.22815	0.614335	1.25652	-0.201714	0.904413
2	8.05168	31.2818	1.90991	-0.979521	0.875078
2	9.58089	5.25854	-0.194706	0.71081	1.04267
2	29.8999	33.6768	-0.279354	-1.68811	0.934138
2	11.0735	0.0584859	-0.633717	0.475034	1.05154
2	5.8688	31.9557	-0.374862	0.288796	1.08291
2	13.1082	38.6188	-1.33501	-0.512922	1.14691
2	27.7374	4.6175	0.0273228	-1.31916	1.05957
2	6.67626	0.65474	-0.691039	1.15779	0.937754
2	22.3676	5.51708	1.98505	-0.193995	0.956706
2	23.2836	1.30824	0.195994	-0.0216619	1.03943
2	29.1034	5.07926	0.623657	-0.785294	1.03425
2	17.3817	38.4457	-0.96238	-0.669201	0.968696
2	30.8267	35.6011	-0.352782	0.908208	0.976431
2	28.3397	1.51663	0.710028	-0.60056	0.969879
2	25.7982	37.9956	0.105553	0.169493	1.0033
2	25.1561	2.85331	-0.303846	0.101215	0.988273
2	23.7583	8.19917	-1.12779	-0.0563672	0.90043
2	29.4782	38.1677	0.430443	0.152955	1.08115
2	29.6498	6.31807	1.78737	0.665654	1.10996
2	33.1935	8.10017	1.53314	-1.19374	0.921734
2	26.9396	38.4654	-0.516988	-0.655637	1.00798
2	24.8049	26.7385	0.448524	0.693049	0.862318
2	18.1823	7.46567	-0.940988	-0.563306	0.970769
2	33.0372	5.36961	0.366811	0.070758	0.891255
2	6.70126	37.7421	-1.31812	0.512415	1.10178
2	39.4339	8.06582	-0.449401	-0.195725	0.849497
2	39.7604	9.02988	0.530426	0.755792	0.964389
2	0.559138	8.12176	-0.558384	-0.985113	1.10296
2	8.70327	9.78574	-1.46031	-0.668408	1.24608
2	5.43519	4.63227	0.451654	0.689648	0.894324
2	6.46111	3.68948	0.659353	-0.162948	1.04002
2	38.6319	7.23812	0.997013	-0.193093	1.05541
2	0.605552	4.65769	-0.131974	-0.222173	1.00049
2	17.6194	1.85417	0.270252	1.15136	1.04691
2	13.9544	5.97107	-0.725717	0.669484	1.02162
2	17.3501	5.18982	1.33632	0.334368	0.944313
2	4.52676	4.77426	-0.553909	0.110879	0.894753
2	13.4083	15.2988	0.109394	1.18733	1.00366
2	19.4536	14.0948	0.788728	1.14196	0.999687
2	15.4213	8.71414	0.879608	-1.69086	1.02454
2	5.14402	39.9112	-0.639009	-0.799812	0.92108
2	17.0108	7.49298	-0.766595	-2.094	0.986509
2	14.8188	0.824784	0.968492	1.20666	0.912131
2	23.6913	10.4493	-2.46587	1.02609	0.968554
2	24.3359	9.20203	-0.372345	1.27935	1.0591
2	22.5683	2.2158	-0.175781	0.66547	1.07249
2	30.8086	20.7937	-0.179459	1.20552	0.926529
2	38.1208	12.2134	0.526102	-1.09811	0.868034
2	32.1595	7.83358	0.448064	0.00607128	0.960466
2	24.8989	12.9162	-0.938515	-0.71695	1.13284
2	31.9584	6.6855	-1.22017	0.178532	1.16335
2	24.4642	15.1549	1.15859	-1.34906	0.833039
2	34.7613	12.0326	1.35192	0.433934	0.759895
2	31.8209	38.7946	0.913553	-0.107809	1.16971
2	28.5874	36.8705	-0.410036	0.0817475	1.12323
2	29.3418	12.742	-0.104427	0.572309	1.02474
2	36.4735	4.91176	0.499459	0.343835	1.02669
2	33.2508	9.23504	0.459661	1.14993	1.14343
2	36.7842	6.01415	0.205921	-0.209597	1.08101
2	39.2468	12.4058	-0.344798	0.470687	0.800965
2	39.35	10.5124	-0.0247045	0.739475	1.10481
2	33.9904	16.3528	-1.66521	-0.540742	1.05833
2	9.14646	11.047	0.134419	0.540729	0.922586
2	16.3194	4.94368	0.910648	0.288529	1.08892
2	11.9367	10.9784	1.07409	-0.268756	1.0121
2	3.3672	4.46743	0.316769	1.64067	0.92865
2	13.3587	34.7185	0.936773	-1.04169	0.94102
2	0.904194	15.8797	0.61988	-0.39467	1.15832
2	9.21959	38.3759	-0.0606573	-1.18972	1.08352
2	5.17363	3.70139	0.165092	0.794524	0.819986
2	10.2466	1.01641	-0.222019	-1.97107	1.10243
2	20.8534	3.60125	-0.0954162	1.03884	0.916297
2	22.9627	3.18895	-0.571569	1.5568	0.998895
2	12.1908	5.02306	-0.518993	-1.48411	1.06713
2	24.5384	1.72873	0.268759	-0.0552577	1.14424
2	14.7891	7.45282	0.157882	0.0255465	1.15085
2	22.0185	9.98605	-1.38376	-0.391058	1.09502
2	28.9066	13.7728	0.13232	-0.583692	0.959073
2	20.0537	5.82965	-1.78624	0.0996697	1.03552
2	25.8799	6.35887	0.998039	0.886534	1.1048
2	24.1754	3.33565	-0.163325	0.445409	1.02167
2	17.308	11.6166	0.142284	1.24671	1.02129
2	24.7094	5.68044	1.57372	0.123093	1.0764
2	28.3723	7.64784	0.382643	1.03566	1.06753
2	38.7157	16.0542	0.406916	-0.531691	0.819467
2	32.404	12.5818	-0.553287	-0.246659	0.909768
2	2.93832	6.42219	0.159049	1.35362	0.946268
2	31.7278	4.28282	0.853579	1.18763	1.04509
2	34.4975	14.0511	0.707906	0.884256	1.06482
2	28.229	14.4709	-1.42538	-0.289702	0.954411
2	38.359	8.5278	0.22388	-0.451076	0.909098
2	38.147	5.46201	-1.88433	0.700299	1.10945
2	34.488	9.9179	1.03063	0.569417	1.04822
2	33.1692	12.0217	0.855389	1.7562	0.787519
2	0.457717	6.65794	-0.331647	0.544257	1.18516
2	5.25067	12.3405	-1.6785	-1.88566	0.835288
2	10.0106	6.16401	1.49661	-0.381235	0.925506
2	1.32109	9.38584	0.51653	0.0521723	1.01144
2	16.8318	13.8678	0.432075	-0.545141	0.673106
2	10.8198	1.98512	1.51455	1.68189	0.954705
2	23.6557	2.35774	1.79278	0.758605	0.911092
2	13.0575	8.47556	-0.747354	-0.71039	0.912556
2	16.4489	6.19339	-2.3594	0.471624	1.11182
2	9.61582	2.25257	0.485676	1.11584	1.03823
2	7.35794	36.1528	0.353472	-0.430217	1.06344
2	20.2573	1.21858	-1.59114	-0.848192	1.02967
2	20.1458	2.5876	1.34932	0.164005	0.98664
2	15.265	39.0491	0.268437	-0.370347	1.01285
2	23.8701	38.3557	0.3085	1.2282	1.14892
2	19.161	7.35025	0.433246	-1.05524	1.04911
2	18.0391	17.6216	0.0362276	-2.28265	1.0118
2	30.1341	11.3548	0.140682	0.248542	0.868632
2	20.3425	16.479	-0.0210835	-0.98285	1.11363
2	31.1689	7.66662	0.615496	1.89835	1.00124
2	34.1317	5.28298	0.158335	-0.788049	0.903026
2	24.9504	7.9271	1.23436	-0.177215	0.92553
2	35.3184	10.7113	-0.0463237	-0.773618	0.903086
2	34.5829	6.25011	0.00430759	0.822607	1.00988
2	3.31242	38.1876	-0.796381	-0.692191	1.08114
2	35.6377	11.5528	-0.535067	0.821105	0.922249
2	32.0204	11.4521	1.05333	-1.00425	1.03284
2	34.1481	8.78842	-1.31557	-1.35272	0.762293
2	34.8716	15.4517	-0.816941	-0.477021	0.985325
2	35.3514	5.17432	0.651645	-1.54089	1.14603
2	8.04616	37.1637	0.748918	0.583033	0.998413
2	2.6291	24.2509	0.200406	0.585129	0.760413
2	32.5541	17.7983	-0.755294	0.044724	1.01886
2	3.58128	5.54582	-0.135459	1.17876	1.03306
2	8.13636	15.6045	1.03262	-0.0342083	1.19345
2	11.5086	14.9595	1.34058	1.45436	0.845594
2	10.3774	7.97907	1.36658	-1.15187	1.15656
2	13.2553	4.12582	-0.905447	-0.708425	1.02494
2	9.45214	7.30738	0.19717	0.711284	0.919059
2	9.52597	12.469	-0.940896	0.182863	0.997357
2	7.18505	9.38311	1.65414	-0.284298	1.11297
2	15.5582	13.8522	0.397861	0.784005	0.997899
2	13.4662	7.07157	0.528874	1.71473	1.16777
2	15.8634	3.63347	-0.0420634	-0.746028	1.12769
2	15.6745	9.67009	0.569868	0.0375792	0.946353
2	12.9876	6.051	1.70665	-0.357524	0.795489
2	15.7953	0.271051	0.566029	-0.169801	1.07558
2	21.653	2.95345	-0.48115	-0.217512	1.01272
2	23.5258	5.77454	0.594417	0.0823454	1.04431
2	22.7096	13.39	1.95716	0.78073	0.956197
2	21.3236	8.95464	0.344126	0.811944	0.887342
2	25.7935	9.31691	1.80114	0.891251	1.03889
2	29.1216	11.4796	1.89868	-0.609553	0.941107
2	23.1709	16.5699	-0.837893	0.708953	1.01289
2	35.3175	7.64619	0.159964	-0.212201	1.05199
2	31.749	15.8032	0.275896	0.021134	1.01602
2	23.3294	9.27344	1.17718	0.0791421	0.948893
2	17.3518	16.7296	-0.511662	0.371864	1.02732
2	31.2597	12.8667	-1.31715	0.38708	1.10272
2	35.5597	17.5951	-0.0946144	-0.185854	1.07192
2	34.1479	12.9591	-0.571191	1.67697	1.04503
2	0.105439	16.7443	-1.5677	0.580581	1.08444
2	36.5491	7.42232	-0.043679	-0.598077	1.14986
2	0.203166	13.6538	-0.0401992	-0.0603693	1.04132
2	1.71708	19.3177	-1.11345	0.247431	0.88976
2	3.0161	0.176178	1.19491	0.927512	0.871631
2	8.08168	17.7896	0.640742	2.11075	0.886968
2	36.5523	13.5856	0.583044	1.27857	1.14447
2	38.8107	17.0504	2.50255	0.616005	0.881165
2	10.9564	14.1904	0.0863839	0.486921	1.05497
2	10.3731	10.6536	-0.749911	-0.482828	1.05417
2	38.0006	10.5105	0.595774	-0.239422	1.23637
2	12.593	9.4632	-0.600148	-0.222902	1.05645
2	14.6725	3.08529	1.81318	-0.0574836	1.00559
2	18.3296	11.2977	0.329694	-1.7654	1.00416
2	17.5068	8.46716	0.482871	1.86062	1.03635
2	15.1692	5.40142	0.33338	1.54901	0.900822
2	17.7613	10.3954	-0.538344	0.116542	0.851813
2	18.7163	8.53558	-1.80497	-0.795442	0.941289
2	25.6595	3.87334	0.158369	-0.586566	0.988242
2	23.468	15.4957	-0.804084	0.748529	0.929338
2	20.5101	10.5415	0.481058	-0.295048	0.825775
2	23.2235	4.39009	-1.6374	0.533124	1.06464
2	15.6882	19.6092	-0.284295	-0.710857	0.849349
2	19.876	9.539	-0.639049	1.64972	1.02638
2	24.118	14.064	0.475522	-0.244099	0.931546
2	24.9139	10.0847	1.04356	-0.0678372	0.966834
2	32.892	10.2874	0.168996	1.25678	0.967442
2	14.6027	18.5635	1.13748	2.26944	1.02745
2	36.0229	8.57353	0.645233	0.980283	1.09178
2	28.1193	17.6347	1.82295	0.411195	0.931271
2	24.5942	11.4162	1.0134	0.927618	1.01681
2	39.7041	18.0991	0.494623	0.672222	1.02293
2	33.674	18.4983	-1.50782	1.36803	1.06715
2	32.7926	16.5681	-1.09257	-0.157716	1.14209
2	29.4152	14.7486	1.2195	0.941755	1.09635
2	27.8549	11.3619	0.700855	-1.30764	0.962484
2	0.15842	11.3988	-0.0460679	-2.41429	1.04991
2	7.112	6.78516	-0.178492	-0.183704	0.962727
2	1.33898	13.5745	-1.01564	-0.464737	0.92501
2	3.87609	12.6228	-0.343073	-1.80235	0.918988
2	3.44972	10.6411	-0.141402	0.181913	1.03274
2	13.3549	14.1145	-0.883305	-2.26116	1.00286
2	2.31398	22.807	0.0334767	0.190227	0.740997
2	11.667	7.86612	0.247421	-0.797485	1.08731
2	13.8785	4.96901	0.248144	-0.374268	0.975299
2	7.6675	11.3116	-0.699068	1.62741	0.958491
2	22.6252	7.63721	1.43867	-1.07579	0.973967
2	20.9898	0.429551	-0.103821	0.814073	1.03814
2	17.6094	0.780468	-1.15396	0.040927	1.06302
2	9.29602	8.35213	-1.80896	-0.354161	0.97514
2	21.611	12.2542	-0.471186	0.718853	0.868623
2	21.4058	11.1739	-0.170124	-0.361762	0.801815
2	26.9686	9.7034	1.96761	-1.40065	1.12179
2	29.2802	9.38696	-0.633643	0.906959	1.01218
2	19.5533	17.3093	1.77547	0.044377	0.91505
2	27.0078	12.7778	-1.77685	-0.417346	1.16069
2	28.4974	10.3263	0.588016	0.62008	1.06095
2	19.8676	23.5573	-0.582293	-0.0105627	1.00343
2	30.9729	11.7759	1.09161	0.59937	0.857313
2	28.4112	12.3612	-0.262342	0.736037	0.944168
2	33.4944	24.4533	0.99906	1.07214	0.847043
2	37.9753	4.29915	1.28165	0.884463	1.05344
2	20.1654	22.353	-0.487387	0.0638652	1.03559
2	25.2332	13.9778	0.761636	-0.49295	1.01471
2	17.9188	20.2744	0.256739	0.560251	1.09554
2	30.5531	9.10658	0.709738	-0.0973066	0.984209
2	30.6018	14.7843	-0.0389169	-1.73765	1.13311
2	33.0627	15.4204	-0.423857	0.00991059	1.04724
2	35.7751	9.63598	-0.906804	1.81724	0.89063
2	32.9559	13.4821	-1.13368	0.346127	1.02345
2	38.7361	11.5248	0.409023	0.439781	0.944736
2	9.93504	11.6091	2.01731	0.0993967	0.868835
2	1.30339	24.7336	-0.285295	-0.686628	1.02386
2	5.32917	11.2011	-0.680498	-1.51953	0.937678
2	5.83741	13.8297	0.779243	-1.77509	1.05503
2	14.4797	9.17025	0.145145	0.0674284	1.10561
2	1.78546	8.06391	-1.75653	0.572361	1.09762
2	21.4275	16.6971	1.10442	0.322269	1.06175
2	9.9883	9.37307	-0.745959	-0.324273	1.19522
2	17.7775	2.92593	-0.697741	-0.542378	1.03169
2	15.9122	12.0191	0.984137	0.0602581	1.04318
2	18.3594	4.03292	1.15421	-0.729631	0.918605
2	22.4234	8.82768	-0.200872	0.841404	1.08889
2	22.2773	17.56	-0.0228656	0.678709	1.07294
2	19.6992	12.9988	-0.25696	0.745329	1.13561
2	14.4824	19.7749	-0.441697	0.849999	1.09488
2	14.9999	6.31209	2.55761	-0.999585	1.01055
2	20.4794	11.6877	0.122215	0.0306736	0.915896
2	21.698	13.1321	0.137281	-1.03497	0.929554
2	23.4059	17.9493	-0.770207	1.4062	0.955324
2	19.1343	10.6401	-0.194641	-0.901571	1.00405
2	18.341	12.4528	-0.0772081	0.121275	1.01627
2	26.6605	4.44329	2.3951	0.0113217	1.04402
2	30.7393	1.09567	-1.29402	0.154547	0.978351
2	21.7245	14.2245	0.556283	-0.405248	1.1435
2	37.3847	18.7398	-0.529139	-1.13887	0.902288
2	32.1595	14.7283	0.190445	-0.215583	0.94688
2	32.8941	25.8798	-1.97016	-0.886725	0.956562
2	38.9742	13.2738	1.29235	1.08419	1.01331
2	0.800602	10.5194	0.345679	-1.29269	0.838978
2	1.94412	12.7273	0.275087	-0.516857	0.986992
2	13.4098	11.9506	0.144143	-0.359218	1.08988
2	0.596136	23.7776	0.970899	-1.042	1.0452
2	39.0761	6.26993	0.628641	-0.292931	1.03366
2	4.38879	16.0515	-0.303568	1.33196	0.978294
2	2.40974	5.57692	1.15441	-0.44386	0.855219
2	10.6333	24.2688	-1.62638	-2.01749	0.977043
2	11.7114	12.4559	1.52277	-0.149811	0.90702
2	2.78773	17.3676	3.16807	0.0547159	0.940533
2	15.0613	17.4772	0.0634248	0.955418	0.926766
2	38.9641	22.0791	-1.54191	-0.537817	1.03652
2	11.42	9.89139	0.382873	2.97062	0.894836
2	11.7373	20.9111	-0.0988733	-0.487704	1.05904
2	18.6523	19.2186	1.30339	0.777416	0.935742
2	14.5424	11.7783	0.934482	0.0472852	1.13504
2	9.10952	17.6998	0.971132	-0.598122	1.1254
2	20.2288	8.53162	0.622079	-0.483324	0.99045
2	13.0758	10.8749	-1.39359	1.06509	1.08772
2	16.9241	14.8033	-1.68571	-0.702462	1.02303
2	21.0283	15.4341	-2.30447	-2.24984	1.0591
2	15.6557	20.6685	1.70447	-0.0934667	1.03903
2	21.016	23.6056	-0.0855737	0.67034	0.900031
2	27.3079	15.5921	-0.686178	-0.14391	0.813238
2	26.4308	10.9545	-0.474003	-1.01656	1.16658
2	27.2656	8.58336	1.00424	0.91768	1.00623
2	29.6425	19.2251	0.183907	0.462472	1.06807
2	29.9367	17.2306	-0.326701	0.210829	1.11145
2	27.1746	7.25028	-0.193535	0.061297	1.24022
2	30.3393	18.2989	-0.645148	0.00995034	0.938252
2	35.3929	23.1043	-1.41533	0.171347	0.85336
2	36.3959	18.4038	1.02144	0.449905	0.969076
2	30.9866	10.731	-0.666356	0.00852598	0.990007
2	30.2458	13.5334	0.263245	0.0764675	0.941548
2	38.9719	25.905	-0.275307	0.25162	1.05686
2	35.9807	15.691	0.190884	-0.757183	0.982775
2	6.87395	16.2383	0.539901	0.636747	0.933066
2	4.9222	14.7312	0.0706434	-1.62773	0.929152
2	9.80795	21.149	-0.596038	-0.414231	1.01498
2	18.1559	14.959	-0.0737244	0.902202	0.955528
2	3.19359	8.53783	1.66155	1.50843	0.960927
2	3.63151	20.0405	-0.890707	-0.457403	0.934051
2	7.79405	24.2116	0.0478028	-0.628823	1.20842
2	1.93065	10.4039	-0.566043	-0.376286	1.1588
2	12.4621	27.1838	0.934531	-0.924254	1.08392
2	14.3255	13.114	2.19743	-0.483056	1.18565
2	11.5964	19.8071	-1.42876	-1.12709	0.940922
2	6.74199	12.0426	0.491843	-0.575699	1.11355
2	16.3633	13.1983	-0.862342	0.334111	0.965002
2	19.9719	14.9158	-1.49347	-2.01446	0.8697
2	15.5338	15.0037	-1.39826	0.817889	1.04
2	9.9555	13.587	0.120053	-0.509356	1.00709
2	16.1445	15.8403	0.150192	0.211592	0.998425
2	17.6736	14.117	-1.04458	-1.05241	0.841373
2	25.797	15.013	0.134095	-0.354967	1.20383
2	13.229	19.9776	-1.78198	-0.619534	1.14444
2	25.4976	19.2975	-1.487	1.46649	1.08821
2	22.8769	14.4197	0.820572	-1.9894	0.995824
2	30.8941	16.7176	1.39528	-1.18751	0.991229
2	30.7016	27.688	1.15302	0.126479	0.94135
2	26.7433	19.2161	-1.11874	0.0827988	0.847731
2	21.2481	21.8553	0.564912	-0.174892	1.0312
2	27.4061	20.6712	-0.704208	-0.410608	1.05868
2	23.085	22.057	-1.13587	0.296502	1.05182
2	35.5255	12.676	-0.43561	-0.606845	1.02989
2	31.6287	13.9592	1.03113	1.66549	0.846784
2	28.6018	18.5477	1.10185	1.51479	0.841041
2	30.72	19.5404	1.3388	-0.434779	0.971308
2	9.02851	16.5623	2.0866	1.02202	1.06054
2	0.828532	14.5756	-1.02205	-0.0584835	1.12303
2	6.01455	12.7917	2.29256	0.236087	0.804941
2	5.12534	27.5735	0.160429	-0.827758	1.13072
2	4.2356	11.7042	-0.592912	-0.638764	0.918083
2	6.33159	27.8848	-0.72685	1.12916	1.08595
2	0.39885	22.291	0.113437	-0.620796	1.08921
2	8.00077	21.2984	-0.779729	-0.517849	0.936757
2	18.575	13.4771	0.165764	0.012814	1.04198
2	10.2884	16.1969	0.757723	-0.49717	0.93557
2	4.09493	20.9573	-0.0110981	0.0222413	0.915052
2	14.5845	20.9796	0.665647	1.68686	1.06008
2	9.50552	18.9202	0.979175	-0.361638	1.02637
2	18.744	16.2053	0.498347	1.11525	1.03045
2	14.1202	16.508	0.790042	0.589926	0.77209
2	20.0984	20.9844	1.17329	-0.317522	1.0087
2	16.8171	20.6599	-1.60448	0.292169	0.85614
2	19.0533	28.2082	-1.81703	1.07105	0.922624
2	14.0613	1.81113	-1.01004	1.35665	1.19487
2	26.8402	14.1378	1.11318	1.33483	0.9413
2	24.7881	18.4941	-0.783846	1.06759	1.02689
2	12.5353	23.0436	-0.165696	0.779458	0.993518
2	18.1348	9.339	1.269	1.42047	0.978877
2	28.5876	15.8075	0.509472	0.904848	1.11033
2	30.0304	20.1975	0.112855	0.461549	0.892199
2	33.636	17.4163	-3.48843	-0.181115	0.969363
2	33.522	14.2405	-0.241306	-0.471373	0.895891
2	35.1245	16.5848	-0.518247	-0.803378	1.01983
2	16.7695	18.51	0.125641	-0.53576	0.951229
2	26.4353	18.3464	0.747614	0.709469	0.914439
2	34.2258	19.8499	-0.100231	-1.97298	1.06388
2	35.7185	19.2528	-0.488544	0.739531	1.09131
2	29.9111	15.7878	-2.36863	0.139248	1.15311
2	34.8128	18.6104	-0.412628	0.350991	1.05816
2	6.69357	10.7268	-1.45029	-0.112464	1.20479
2	5.65064	16.184	0.362559	1.44659	1.01035
2	39.3276	14.3191	0.484326	0.18182	0.908373
2	4.65164	19.4769	0.450304	1.13432	1.04845
2	11.4364	26.2954	0.697431	-0.577299	0.996292
2	7.89893	16.7668	1.08775	-0.680468	1.02373
2	14.7688	10.3984	-0.837861	-0.253143	1.17466
2	10.939	11.7911	-0.25941	0.951295	1.11695
2	6.68693	23.3361	-0.118845	0.0552186	1.10914
2	22.0741	21.0863	-0.0290179	0.199494	0.863419
2	18.9529	20.1732	-0.803612	1.12932	0.843172
2	6.78524	19.4883	1.17527	-1.09991	1.10267
2	8.25143	7.75072	-0.0786989	0.478175	0.931626
2	14.2111	22.2022	1.80914	0.761177	0.934155
2	25.0964	16.8306	-0.920985	-1.53125	0.893692
2	22.7993	18.7712	-2.05446	-0.60298	0.973185
2	1.93607	18.1615	0.305752	-0.336217	0.999162
2	10.7121	29.8833	0.138923	-0.938801	1.03764
2	13.8901	19.1302	-0.859572	-0.635517	0.711965
2	22.5177	11.0556	0.335427	0.289409	1.14118
2	31.1114	26.1996	-0.363775	-1.70745	1.05785
2	14.6872	14.4858	-1.28182	0.011538	0.831106
2	27.9916	13.3012	-0.378517	0.0326444	0.888759
2	36.2236	16.7528	-1.94652	0.543094	1.00896
2	25.7077	31.0885	-0.350358	0.354557	0.93635
2	28.8628	16.916	0.310183	0.474694	0.968958
2	31.6819	24.2397	1.52645	-1.70736	1.09966
2	31.0343	23.2768	0.591831	-0.874167	0.890092
2	34.3993	22.5244	0.0303055	0.277277	0.901392
2	37.6994	15.9896	1.30921	-0.120611	1.00766
2	36.8264	19.8295	0.79391	0.876738	0.967808
2	32.0922	23.1117	-0.0120287	0.0799195	0.977735
2	1.03333	19.9507	0.0777855	0.144359	0.994967
2	34.5943	25.749	-0.0214978	0.10082	0.995407
2	1.40096	11.4034	-0.126882	0.0981727	0.951372
2	36.4582	26.7714	-0.181215	-0.585191	1.15396
2	2.84058	14.66	-0.0384556	-0.49485	0.933548
2	1.12006	17.5088	-1.21948	-0.464704	1.12214
2	15.1914	16.2776	-0.250193	-0.450264	1.0442
2	8.86978	21.8772	-0.424932	-1.74367	1.02204
2	8.71146	25.31	-0.0083889	1.36008	1.10016
2	8.6117	26.2993	-0.419571	2.00599	0.92516
2	3.30151	30.9164	-0.773458	0.346749	1.01689
2	17.067	9.48265	-0.709768	-0.280138	0.98146
2	37.3052	17.4827	-1.0222	0.753948	1.14381
2	13.1382	17.6737	0.759413	0.432405	1.1643
2	11.5088	25.0089	0.588182	0.644019	1.16649
2	21.1159	18.5113	-0.740045	2.24048	1.12889
2	16.6821	22.841	1.99429	0.652672	1.02822
2	14.3572	15.6256	0.774191	-0.881639	0.882712
2	15.51	22.8037	0.120944	0.53171	1.12953
2	24.262	16.3307	-0.768451	-1.04867	0.881478
2	15.6972	18.7568	-1.30337	0.337036	0.929907
2	17.3431	15.6967	-0.488006	-0.360333	0.938823
2	18.8776	5.62652	0.715028	1.11524	1.12928
2	26.292	16.2036	-1.26913	0.10114	1.08029
2	37.0306	23.1565	3.19925	-0.911961	1.14049
2	26.602	28.3204	-0.439101	-1.2623	1.09221
2	36.1726	28.0289	1.20908	-0.662181	1.00816
2	27.6231	18.7627	-0.0869936	-0.113641	0.884985
2	27.4465	16.7222	-0.612562	1.12008	1.04706
2	32.9032	19.1583	0.246085	0.581067	0.856262
2	24.5441	23.2512	0.217499	0.439578	1.07152
2	34.3445	23.7835	-1.70407	1.67954	1.08441
2	33.0038	20.15	-0.562688	-1.17957	0.909356
2	37.1526	12.5731	-1.17167	1.28964	0.944952
2	38.1801	21.0365	0.31749	2.45555	1.0482
2	1.77423	21.2766	0.0938147	-1.10771	0.983681
2	3.78282	22.521	-0.266218	0.909625	1.18314
2	4.64029	17.1504	0.83949	1.65743	1.06702
2	3.72223	17.7385	-0.597395	0.0446921	0.824006
2	10.5035	22.1702	1.15031	-0.62247	1.15925
2	9.83139	25.0056	1.38579	-0.211574	0.983577
2	6.81964	26.851	-1.11922	-0.382463	1.06133
2	13.739	23.3423	-0.737905	0.852274	0.917036
2	12.5632	16.2487	-2.23611	0.649161	1.135
2	8.21037	19.9426	1.4059	0.471036	1.104
2	10.5349	20.3125	-1.24558	-0.428818	1.09227
2	13.9564	26.5492	-0.272201	0.940226	0.882439
2	20.6146	19.5882	-0.418203	-0.90025	1.0202
2	18.0298	27.4798	1.62739	-0.586258	1.12081
2	17.2794	21.5599	0.921525	-0.883059	1.12655
2	27.9743	19.7751	0.763937	0.0762039	0.941696
2	23.2501	33.1388	0.0324562	0.539145	1.06539
2	17.7352	18.7342	-1.2998	-0.774786	0.873462
2	16.1701	23.7441	-0.929313	0.758787	0.929709
2	20.8718	30.625	-0.425847	-1.12625	0.93615
2	14.7658	23.55	-0.164364	0.713314	0.863807
2	17.1086	19.5631	-0.211042	0.171721	1.125
2	23.3259	20.0543	1.07728	-2.6207	0.832753
2	32.8026	30.3169	-0.0114741	0.493176	0.82884
2	25.9992	21.3452	-0.748522	0.979236	1.00967
2	25.9676	17.3274	2.24508	1.04109	0.912434
2	31.5363	17.6052	1.12083	-0.201632	0.897019
2	35.7459	29.194	-1.57223	-0.239843	1.12667
2	39.455	23.4554	0.329422	0.578455	1.08324
2	2.85926	13.3633	1.46258	2.31392	1.03485
2	6.96926	18.1999	1.12008	0.562101	1.24276
2	37.8235	14.0834	0.822087	0.88858	1.12299
2	2.96383	15.7949	-0.616059	-0.873206	0.994894
2	38.3666	15.1888	0.596335	1.72841	0.933465
2	4.66567	21.8244	0.52371	-0.405719	0.951556
2	37.8624	20.0734	0.934165	0.393671	0.841157
2	8.54319	23.0142	-0.471156	-1.03872	0.995835
2	11.4949	23.6511	-0.238106	-0.469199	1.11281
2	10.0125	23.3513	-1.07483	-0.00586768	1.01335
2	8.34505	18.8413	-0.210517	0.71347	0.916288
2	3.665	31.9086	-0.0381793	0.076993	1.09607
2	7.09922	20.5947	0.774389	-0.586482	1.07224
2	12.7165	18.8751	-2.17693	0.459377	1.07308
2	12.3566	13.3768	-0.630641	-0.362568	0.958488
2	7.39991	22.2671	0.448255	-0.579506	1.12881
2	12.3558	14.5003	-0.47104	0.724707	1.07562
2	18.9588	21.2414	-0.204032	-0.550589	1.05157
2	13.3501	21.0843	1.35533	-0.88165	1.06381
2	22.6049	12.3483	-1.13953	1.06993	1.00464
2	26.2401	27.0984	-0.672205	-0.216785	1.08725
2	20.62	27.2573	0.188244	-0.527723	0.904988
2	22.3867	20.0434	0.555539	1.21434	0.985511
2	19.2028	22.7616	0.14785	0.0871725	1.10688
2	29.2299	26.5176	2.37915	-0.151515	0.951703
2	29.4731	22.6077	0.900955	-2.64263	0.877738
2	29.4234	29.9311	1.16875	1.04361	0.973233
2	30.4019	30.1186	-0.735186	1.61002	0.97848
2	27.7531	22.1129	-1.62783	0.447017	0.922796
2	27.4044	26.2096	-0.365854	-0.969921	1.09906
2	26.4827	25.2552	-1.44151	0.392257	1.05922
2	31.6203	18.6614	-1.08761	-0.0867643	0.989231
2	20.7455	13.7978	-1.8617	-0.559732	0.98957
2	39.6061	24.8367	1.15701	1.24732	0.986011
2	2.24969	25.1783	-0.510358	-0.863678	0.958946
2	29.7145	21.2449	-0.776001	0.318107	0.952873
2	2.08204	16.2719	0.669403	-0.0655431	1.01559
2	37.1767	27.7069	0.855329	0.242496	1.02325
2	39.6378	15.4981	0.0129611	-0.81608	1.07003
2	1.51581	30.2891	0.052667	-1.67458	0.96405
2	9.62503	33.3352	-1.79435	-1.91849	0.994874
2	13.1723	22.1213	-0.509664	-1.26222	0.940905
2	35.4809	26.3916	-0.904914	-0.337522	0.859218
2	7.01161	25.7863	0.0082517	0.46355	1.11675
2	11.3769	16.6717	0.621572	-0.369146	1.06379
2	10.639	25.6928	0.0354039	0.192852	1.03547
2	5.33125	20.5179	-1.96002	-0.417494	0.904478
2	15.1003	24.6838	-0.411315	-0.736202	1.03339
2	15.3646	25.8855	-1.1552	-0.608761	1.00348
2	7.62793	29.0802	-0.180857	2.55565	0.85245
2	16.2714	25.0363	-0.511029	0.520665	0.981078
2	14.664	34.5784	0.00647778	0.122515	1.09934
2	15.7149	21.8428	-0.140996	0.107883	0.929835
2	21.3688	28.0888	0.214661	0.298193	0.973805
2	30.7048	25.0526	-0.478518	1.41016	0.787326
2	16.6293	28.2363	-0.871591	1.97717	0.915032
2	11.2697	17.7272	-0.47323	0.600048	1.02309
2	38.3065	23.1279	0.809411	-0.0163445	0.985308
2	25.0833	20.7183	0.325592	0.23959	0.882345
2	24.0087	21.3648	1.79565	1.32487	1.06327
2	37.7591	22.0443	-1.34773	-1.11344	1.12307
2	23.9359	32.3162	0.95998	0.935717	1.05406
2	28.5618	21.4117	1.29263	0.884924	1.01469
2	31.6121	22.2789	0.0775001	-0.141765	0.887268
2	28.8751	24.1987	-0.341484	1.26876	1.10091
2	36.3984	35.8238	1.52645	0.523287	0.827478
2	23.8287	30.1047	0.492918	-0.494703	1.05527
2	35.2957	20.2893	-0.416431	-1.46035	1.17781
2	0.827459	18.8693	-0.596139	-0.983065	1.04039
2	8.49075	35.362	-0.378287	-0.931188	1.02947
2	4.51357	25.5375	-0.637308	1.32827	0.839922
2	3.05975	21.1154	0.565562	0.820622	1.06345
2	13.8923	24.4282	0.917638	-2.12486	0.998966
2	6.00734	22.3771	-0.168883	0.0852965	1.11453
2	5.5682	23.7828	0.376746	0.844788	1.07335
2	17.4183	13.1985	0.22983	-0.04716	0.907825
2	7.04366	31.7836	0.500675	-0.644308	1.20963
2	18.9273	30.2926	0.234046	0.769694	1.06437
2	5.44987	28.6779	-0.71867	-0.283086	1.07832
2	12.3534	25.7653	-0.134437	0.320304	1.07419
2	13.9526	31.3295	0.0400396	-0.360756	1.02344
2	22.0282	29.1545	-1.7015	-0.434568	1.07691
2	22.0687	24.233	-0.121012	0.0546783	1.01678
2	21.5566	29.9885	-0.0204138	0.504068	0.657501
2	8.72685	28.8772	-0.688208	-2.07547	1.17889
2	12.6108	24.2372	-0.500364	1.89855	1.09755
2	25.0947	22.1418	2.03981	-2.10435	0.987402
2	26.1351	20.3354	-0.407914	0.0330361	0.922283
2	19.9609	28.0501	0.563217	0.74469	0.935093
2	22.8116	30.1903	-0.680291	-0.0427818	1.01199
2	18.2633	26.2433	1.71705	-0.58455	1.00627
2	23.8009	27.0251	0.696924	0.68363	0.956657
2	32.7207	31.1951	-0.210681	0.294794	1.01182
2	29.9126	23.4419	-2.55565	1.50104	0.968304
2	0.591425	28.5768	-0.506535	0.767094	1.00962
2	22.7221	27.7154	-0.469873	-1.08088	1.17263
2	25.7816	23.132	0.495208	-0.067646	1.21871
2	32.2934	21.1463	-1.44734	0.234714	0.930227
2	6.41728	35.4027	-0.0803147	1.75168	0.991463
2	39.2222	32.1995	-1.69938	-2.0576	0.944261
2	1.63547	23.5026	-0.509327	0.38706	1.01251
2	2.17341	26.3622	-0.341904	0.504593	1.04949
2	32.0875	26.7389	-0.558018	-0.932205	0.898944
2	30.6476	24.0885	-1.04467	1.02548	0.876482
2	31.6098	20.1151	1.03937	0.393228	0.887543
2	7.10167	14.7006	-0.708738	-1.14488	0.897621
2	3.70216	26.8343	-0.00732823	-1.30597	1.17575
2	5.80319	18.835	1.36916	-1.25559	0.856095
2	2.27527	36.3945	-1.65266	-0.235652	0.962523
2	8.60048	30.3262	-1.4659	-1.23128	0.906882
2	4.93912	32.621	-1.09645	-1.44609	1.04984
2	4.8426	31.1436	-1.7031	0.502349	1.38703
2	2.23275	30.9778	0.364052	1.06645	0.875627
2	7.12903	32.8404	-0.195955	-0.0997068	0.970964
2	18.716	25.0666	0.265259	0.301447	1.13538
2	9.55409	29.6403	0.628021	0.380606	0.906234
2	10.2658	17.3337	-0.895572	0.155048	0.96867
2	22.7086	26.3361	0.599221	0.735735	1.05423
2	24.8256	34.1542	-0.628048	0.341114	1.07609
2	13.9623	27.6924	0.219603	1.10343	1.0294
2	19.3113	26.1169	1.35799	0.159948	1.08023
2	17.7752	30.0149	-0.771192	-1.60966	1.02093
2	23.9413	25.6235	0.306095	-0.0805296	1.21767
2	24.9802	24.8205	-0.436214	0.951864	1.09072
2	25.3619	28.4071	1.09649	0.810394	1.0895
2	31.8225	27.7674	-0.803952	-0.256892	0.995604
2	0.338548	26.7186	1.78489	-1.15608	1.05881
2	16.0299	16.9807	1.56667	-0.807783	0.916603
2	34.5441	21.4641	-0.767833	1.30431	0.970595
2	39.82	19.5704	1.95967	0.18691	0.902984
2	0.419397	30.3551	0.474154	-0.352146	0.988791
2	27.4066	29.1358	-1.60747	0.753849	1.03647
2	38.8906	35.6239	-0.0343248	0.155147	1.05155
2	0.905846	25.8375	0.821628	-0.377113	0.9909
2	29.6897	27.8463	-1.24629	1.18481	0.949671
2	4.4074	28.3371	0.36009	0.0400171	0.954312
2	36.5552	21.9544	-0.15132	1.91616	0.946967
2	1.02434	36.1314	-0.944012	0.976485	1.02262
2	3.21449	39.1977	0.777738	0.124732	0.90491
2	8.59033	34.2842	0.115869	-1.50814	1.02804
2	34.9343	30.0381	1.35468	0.40452	0.909534
2	12.4744	36.9346	0.985877	1.19472	1.17336
2	11.8953	22.1018	-1.12846	-0.727323	1.07297
2	7.67455	28.0478	-1.03558	-1.23649	1.03892
2	22.8654	34.415	0.249496	-0.714363	1.02168
2	5.21864	17.928	0.562773	-1.28643	0.877559
2	17.7369	24.0571	-0.326584	-0.445296	1.10314
2	12.9613	30.9945	-1.64999	-0.879038	0.953048
2	26.2056	29.791	0.722114	-0.442276	1.11905
2	19.9687	34.0118	1.41656	-1.12201	0.948019
2	20.1039	29.904	-0.126803	-0.389314	0.953359
2	28.0002	32.85	-1.62047	0.734283	0.881806
2	20.5947	32.942	0.0496974	-0.100821	0.958569
2	24.291	33.2677	1.59951	-0.980203	0.868608
2	18.2776	32.4565	0.265469	0.727793	1.03496
2	17.0332	29.1228	-0.62505	-1.10452	0.848648
2	27.5233	30.479	-0.425854	1.34009	0.90867
2	29.0248	31.3626	-0.139294	0.935017	0.978004
2	28.1849	34.0026	-0.93851	0.239028	0.972369
2	30.9902	28.7759	-0.730054	0.902004	1.04646
2	36.4327	20.7922	0.878975	0.711613	1.03183
2	32.382	29.0469	-0.201651	0.439091	1.13415
2	3.10438	25.8018	0.603467	0.208037	0.967244
2	38.4201	18.5741	-0.721833	-0.345505	0.95787
2	36.7949	28.9778	-0.566756	0.713209	0.683338
2	35.3847	33.2189	-0.926722	-1.0282	0.917518
2	0.0328115	33.3571	-2.79832	-0.857196	1.07866
2	3.12606	28.0183	-1.76542	1.23768	0.912687
2	38.3653	36.9388	0.622919	1.43492	1.01274
2	34.0986	26.8358	-0.667351	0.0450232	1.23003
2	7.34931	34.8133	0.212401	1.27886	0.984129
2	39.7924	27.8364	0.282332	-0.157639	1.08388
2	38.7507	1.41331	-0.831155	-0.426858	1.08099
2	3.24464	37.1388	1.09979	1.72093	1.03715
2	2.62537	29.8929	-0.923154	1.63993	0.977865
2	14.8769	27.1814	1.85091	0.0917946	0.939672
2	16.7111	26.2023	-0.482103	-0.0510679	1.05864
2	5.922	26.258	-0.755933	1.30643	0.936801
2	17.3341	33.9162	-1.62696	0.565748	1.00744
2	19.9866	25.0455	0.0269257	1.60168	1.14662
2	11.2253	28.0331	0.440545	-0.11244	1.0112
2	19.9356	35.8611	-1.62774	0.734493	1.03869
2	16.5143	36.0162	1.01423	-0.931197	1.16802
2	24.3054	27.8468	0.420492	0.40916	0.935849
2	22.5952	38.8773	1.91707	-1.34358	1.0979
2	18.804	34.6607	0.224601	0.4486	0.957758
2	23.1289	35.756	0.780767	0.491877	0.754984
2	17.7177	36.4224	-0.618636	-0.0063524	1.01529
2	23.147	0.0511617	-0.866497	-0.17342	0.954975
2	24.483	19.9999	-1.67931	-1.32971	0.92256
2	28.9377	33.264	0.384885	0.845522	1.07079
2	32.7549	27.4725	-0.135727	1.22013	0.986661
2	33.4945	28.5922	-1.21596	-0.605701	1.00487
2	38.0193	38.0772	-0.0664435	1.70274	1.13105
2	39.5683	37.1317	-0.164038	0.393899	0.897915
2	33.1463	22.7555	1.4109	-0.352957	0.970593
2	35.6402	24.1476	0.0348524	-2.36925	1.13756
2	37.9929	24.0679	-0.378243	-1.34853	0.978948
2	1.02684	29.4513	0.842474	-0.301463	0.812844
2	32.0427	25.4067	-1.56188	-0.852932	0.902719
2	33.8307	29.5131	-0.0963013	-0.271018	0.852532
2	6.17214	30.7507	-1.40513	-0.638834	0.942445
2	3.87314	24.2287	0.187291	-2.04595	1.06955
2	1.07674	32.8824	-0.881281	-1.13041	0.972498
2	5.63631	25.2887	-1.07543	0.933558	1.04494
2	36.1701	37.0154	1.61546	-1.4318	0.914691
2	39.1215	26.9268	-0.546769	-0.430322	0.932613
2	9.05618	24.1063	-1.3752	-0.799759	1.05664
2	14.5144	38.0153	-0.916097	0.3327	0.955718
2	9.93475	31.0193	0.439037	0.498569	1.03439
2	9.21696	27.2863	0.747541	1.14342	1.10849
2	15.9331	27.009	2.51548	1.08132	0.949986
2	18.7898	18.2673	1.86864	1.15916	0.890232
2	16.3903	32.5947	-0.796611	0.622603	0.867628
2	9.58353	26.2421	-1.06062	-1.19875	0.978675
2	18.9123	37.1215	0.362982	-1.02073	1.026
2	26.8345	0.738072	0.449815	1.24251	1.08337
2	25.6419	34.9292	1.03595	-0.00699795	1.08619
2	21.7871	34.9198	-0.562767	0.283458	1.0097
2	22.042	30.9421	-0.523421	-1.34002	1.17454
2	31.8404	30.2899	0.548465	-0.628803	1.0171
2	13.4826	30.1751	-0.714945	-1.35842	0.964068
2	22.1508	25.3055	0.445379	0.808083	0.898918
2	28.5205	28.2141	-0.0673755	0.2092	0.918085
2	21.8245	32.312	-0.3602	-0.108386	0.946318
2	30.5088	22.0988	-0.0421274	1.18469	1.11065
2	33.8903	39.8704	1.52419	1.37215	1.05132
2	38.2153	27.3794	0.994947	-0.577274	1.07754
2	37.333	25.4769	-1.40497	-1.49218	1.0575
2	36.2073	31.2739	-0.521875	-0.715248	1.03775
2	35.471	25.2547	0.345431	-0.323351	0.935274
2	21.8755	22.885	-0.417285	-1.11893	1.14903
2	39.0608	31.0928	0.694613	-0.143227	0.875744
2	37.1475	32.4503	-0.943923	1.16226	0.980216
2	6.64008	28.9931	0.788886	0.58077	0.997946
2	3.221	34.7015	0.672116	-0.521275	0.956637
2	3.63191	29.2318	0.496643	0.420409	0.85566
2	10.1749	39.5533	-0.71241	0.0893665	0.83691
2	9.02678	37.0376	1.47064	-0.436819	1.00107
2	6.53109	24.5402	-0.47178	-0.732784	1.0346
2	2.49237	3.2515	-1.26165	-0.712311	1.02166
2	8.0352	2.0033	1.70765	-0.768349	0.92723
2	11.0296	18.771	0.643971	0.473289	1.07261
2	18.2229	28.9635	-0.375577	-0.778616	1.13526
2	11.1983	34.6871	0.952104	1.15004	1.02498
2	13.7026	3.03762	0.85341	-0.882906	0.957029
2	15.8931	29.3094	-0.311843	-0.441229	1.08983
2	10.7315	31.8461	0.206812	0.578054	1.02311
2	14.2312	39.0121	-0.684463	-0.249212	1.00183
2	11.5945	29.0619	0.595659	0.195656	1.0354
2	14.9669	31.6297	0.584003	0.381306	1.08902
2	27.3616	27.5863	0.594859	-0.844782	1.06525
2	20.8715	39.2933	-1.28095	-0.736846	0.943208
2	17.6461	25.3868	-0.331966	0.573734	0.856898
2	0.0937293	29.375	-0.764325	0.766919	0.861361
2	25.9656	24.3852	0.697864	-1.44333	1.00661
2	25.4886	25.8686	0.618641	-0.791577	0.949876
2	22.2462	36.0606	0.273355	-0.0328761	0.905565
2	35.448	31.9895	-2.03196	0.187986	0.974634
2	33.1243	4.34945	-0.0897053	0.585717	1.06793
2	32.9713	36.7288	0.79054	0.33104	0.970194
2	38.5851	0.221087	0.402741	-0.162514	0.986903
2	30.0955	25.8961	0.617205	-1.30306	1.09479
2	29.021	20.2569	-1.32373	0.343232	1.06057
2	37.457	0.177244	0.234511	0.154609	0.875089
2	0.0916186	31.5175	0.456215	-0.263896	1.20433
2	33.6966	30.5359	-0.0114833	0.772517	1.09896
2	4.94111	22.7949	-0.439796	-0.412086	0.971233
2	2.10646	28.9597	0.220357	1.55218	0.995458
2	5.80729	33.1013	-1.11232	-0.0509868	0.908455
2	5.38309	37.5899	-0.648903	0.905178	0.897644
2	10.9459	35.8374	-0.455273	1.11709	1.06273
2	11.3569	33.4369	1.38499	0.428347	1.18546
2	2.06581	37.4712	-0.863713	-1.53871	1.01109
2	5.45857	34.9023	-0.815782	1.58924	1.04744
2	19.2855	27.239	1.24244	1.76331	0.962787
2	3.05532	33.5194	-1.79294	-1.30602	1.13878
2	19.3407	31.9548	0.981542	-0.509416	1.0573
2	12.8466	28.7702	0.373086	0.570885	1.07618
2	14.3092	25.4622	0.723432	-0.889832	1.00509
2	13.0456	32.0121	-0.432866	-2.11052	0.887721
2	19.5334	38.4806	-0.871731	1.18011	0.920194
2	20.5913	36.9781	-1.02431	-0.649456	1.11929
2	28.0243	31.5616	1.36173	0.46983	0.991367
2	21.8218	37.0485	-0.445685	-1.4109	1.092
2	33.4189	32.2283	2.13633	-0.551377	0.977985
2	33.8776	33.194	-0.888997	0.627211	1.00606
2	23.416	23.771	-0.0986477	-1.29939	1.18814
2	29.2851	28.8787	0.626927	-0.779524	1.0004
2	34.6269	28.8269	0.279619	2.11645	1.07715
2	1.3221	34.5974	0.455034	-0.588484	0.943983
2	23.2551	31.2785	-0.88267	1.08865	1.11295
2	24.9077	29.9193	-1.39317	-0.983638	1.17036
2	28.8435	25.4297	-0.277757	-0.522066	1.06997
2	36.4815	33.5309	0.166737	0.735334	0.951949
2	27.1157	23.4705	-0.410277	-0.205957	1.16375
2	33.4576	35.3637	-0.170209	-0.423581	0.973649
2	32.2429	35.4524	-0.260178	0.812404	1.22913
2	0.241439	2.51116	-1.00581	-0.0794697	0.957514
2	37.5895	29.1917	2.23591	-0.324398	0.831235
2	1.20981	31.238	-0.00531146	-0.0805089	0.86062
2	2.0984	35.2767	0.190657	-0.884824	1.09369
2	34.5295	34.6267	1.35059	0.90238	1.02364
2	34.4409	32.2344	-0.321776	-0.0607841	1.0726
2	4.53118	35.5654	-0.770733	-0.0272135	0.988589
2	6.49585	34.0789	0.263446	-0.433345	1.06477
2	10.3496	33.9124	-0.878641	2.70518	0.771194
2	15.7592	35.2027	-0.509829	-0.36796	0.981508
2	12.2997	30.2094	-0.254136	1.48008	1.10792
2	21.8251	26.926	0.283989	0.838151	0.896306
2	19.1927	33.3154	0.693746	1.18588	1.12393
2	21.3066	35.8468	0.55367	-0.445421	0.996433
2	22.094	33.5878	1.44977	-0.235464	1.25186
2	11.9776	32.0106	-0.31184	0.715254	0.946438
2	19.7305	39.7356	0.104814	0.380181	1.00693
2	20.6243	28.9319	0.902654	1.65649	0.867159
2	25.7737	1.65553	0.089703	0.708685	0.9394
2	27.8044	24.6053	-0.430744	-0.310785	1.00997
2	26.0316	36.0889	-1.68075	-1.60665	1.04254
2	29.8296	31.9632	1.13519	-0.86848	0.924871
2	30.3715	2.17276	0.621435	-1.55913	1.01489
2	23.1156	29.0854	-1.12467	-1.26979	0.834544
2	33.5998	37.5091	0.697208	1.84892	0.920987
2	33.0693	38.4597	-0.289394	-0.0341807	0.916462
2	19.9877	18.7035	1.48576	-2.29247	0.999718
2	26.7796	31.3112	-0.810383	0.287048	0.962089
2	27.9809	35.4618	0.638803	2.53097	1.07259
2	31.0773	37.8081	-0.0385357	-0.535178	0.862297
2	28.3973	23.1291	-0.0574128	0.7258	1.04291
2	29.3192	0.959123	1.28313	-2.61078	1.04689
2	31.0998	36.8981	-1.31647	2.24989	0.829545
2	38.3975	30.2627	1.50266	-1.25446	0.964022
2	38.1609	32.2588	-0.975683	1.47808	1.0539
2	4.67952	29.4816	0.101694	-1.76415	1.10701
2	4.1567	3.34832	-0.254718	0.471818	0.906435
2	39.8036	36.1085	-0.12835	-1.00467	0.963527
2	7.31416	30.3313	-0.122294	0.616315	1.04972
2	11.3809	37.3547	-0.81747	-0.0900953	0.976859
2	39.2912	29.8993	-1.5853	0.142316	0.865485
2	7.80378	38.5295	-0.663684	0.151365	1.01793
2	12.1313	35.4652	-0.511826	-0.176798	1.09418
2	21.1718	1.91951	-0.786865	0.918811	1.01573
2	18.8423	2.93228	2.6068	1.05241	0.94182
2	12.6865	33.1219	2.05494	-0.17207	0.928245
2	12.6575	0.216445	-1.06353	0.751782	0.947174
2	20.7143	35.0615	0.446391	-0.85359	0.970742
2	21.8897	39.666	-0.370275	0.681631	0.958173
2	17.517	35.1739	-1.21108	-1.08446	1.05787
2	17.0363	39.4222	-0.155744	1.22407	0.999357
2	26.7367	33.8252	-0.766435	-0.462389	0.874998
2	20.1729	4.77922	-0.999202	0.793203	0.90787
2	25.9737	38.954	-0.375499	-0.383095	0.810987
2	31.0794	31.5927	-0.662847	0.829413	1.31115
2	24.126	28.8683	-0.197937	-0.291383	1.07389
2	29.3056	39.3017	1.18471	-0.800347	0.984738
2	26.3755	37.159	1.58308	-2.08829	0.841995
2	30.8083	32.7872	-0.0930627	0.421143	1.07683
2	22.9291	24.8658	-1.63477	0.93777	0.754633
2	28.4192	27.0603	-0.12639	-0.359367	0.939505
2	27.0822	1.93042	0.613244	0.15246	1.00663
2	30.8928	34.4411	-0.0578084	1.03975	1.06184
2	31.4213	2.10379	0.258133	0.0147859	1.04467
2	37.7394	2.49889	-1.02058	-0.573105	1.05081
2	32.0971	3.3115	-0.280212	-0.877103	1.03991
2	39.3906	38.2188	-0.500216	-1.25633	1.12965
2	39.7463	1.61548	-1.20068	1.38582	0.961272
2	4.67384	36.728	-1.76403	-0.120587	1.07878
2	33.467	34.3044	0.173723	1.09185	0.992426
2	37.6554	33.5992	-0.12731	0.995354	1.01433
2	35.5064	36.2589	0.297632	0.202908	1.00942
2	38.9704	4.62316	0.446695	-0.0371703	1.01909
2	5.05728	33.7192	-0.958316	-0.480128	1.03301
2	5.56906	35.9785	0.28084	0.809162	0.95529
2	1.84335	32.1814	1.17434	-2.33214	0.869293
2	10.2402	37.7621	1.90742	0.92912	0.989064
2	9.65556	35.9826	-1.43936	1.52082	1.11128
2	15.5122	33.1826	-1.08709	0.323643	0.986113
2	22.0862	0.623785	-1.41882	-0.524119	1.05817
2	7.64302	4.77587	-0.426594	-0.163039	0.94755
2	28.1044	2.61986	0.0464571	1.43482	1.06177
2	26.39	2.7224	-0.0536201	0.119465	1.06565
2	27.0244	32.6217	-0.635296	-1.74705	0.871509
2	31.9775	0.0862631	-0.550186	-0.416783	1.10119
2	25.3465	36.9947	-0.745151	0.976394	0.952636
2	37.0929	29.9427	0.31834	-1.91393	1.06296
2	32.1305	32.2974	-0.318655	0.926509	0.95659
2	29.2057	34.3224	0.742755	-0.573687	0.999888
2	36.7698	3.65127	1.11247	0.681989	1.13493
2	32.2607	37.5533	-0.044384	0.715263	0.909899
2	27.3183	34.5341	-0.0460136	-1.60594	0.876859
2	37.825	36.0297	0.425615	-2.92792	0.965244
2	35.9806	30.3122	-0.741087	-1.04598	0.91018
2	30.4641	38.9481	1.80784	-0.00314154	0.942904
2	32.7861	39.3828	0.530929	-1.56228	0.94048
2	37.2972	37.2444	-0.787289	-0.872648	1.03991
2	37.3208	34.5646	0.62049	-0.610344	1.00405
2	3.23495	7.5102	-0.80613	-0.924175	0.930221
2	0.154626	35.0557	-0.0430546	0.558178	1.11385
2	0.0129448	5.63708	2.43655	0.171184	0.947616
2	3.26811	2.44367	2.41749	0.554453	1.04578
2	8.90571	39.3818	0.232143	-0.777916	0.954146
2	9.09891	31.6932	-0.450628	2.44832	1.04381
2	4.33538	37.7032	-1.2764	0.939565	0.844592
2	12.0761	39.3317	-1.0296	-0.522008	1.05415
2	4.39384	34.4936	-0.619209	1.22152	0.792411
2	8.10767	32.6861	1.27318	0.813766	1.0835
2	11.1666	38.4781	-0.31934	2.3344	1.03714
2	39.0653	28.84	-0.404397	0.592746	1.1377
2	14.6582	30.4486	0.170202	-0.0689851	1.02658
2	10.4305	26.9511	2.06932	1.58152	1.01609
2	8.8736	1.26778	-1.24066	-0.858989	1.01858
2	29.9553	3.76338	0.67759	0.205424	1.09509
2	8.07617	27.1031	-1.15623	0.15005	0.782251
2	16.6998	30.1456	0.963928	-0.20626	0.944361
2	16.007	37.2464	0.136345	-0.909666	1.19502
2	25.6447	4.92798	-0.768452	1.08026	1.00351
2	25.6343	33.1159	0.259967	0.874829	0.998294
2	29.33	8.49213	0.326754	-0.475273	0.844767
2	20.9345	31.7582	-0.880746	0.247213	1.06466
2	35.8089	34.3746	1.13544	0.986859	0.971931
2	22.7717	37.8042	-1.74666	-1.83159	0.9658
2	21.3337	38.2178	-1.5527	-1.64147	0.968445
2	34.7354	37.1229	0.289022	0.0558186	1.25072
2	32.4986	34.0521	0.0639172	-0.411465	0.876619
2	32.62	1.72634	1.30408	0.803793	0.933907
2	24.8239	39.1677	0.537755	-0.341222	1.19391
2	38.4615	3.22743	-1.24118	0.411854	0.978201
2	38.8151	34.4786	1.11624	-0.525267	1.01452
2	2.22801	20.2233	-1.25353	0.214498	1.03803
2	27.1031	39.4367	-0.425527	-0.0212928	0.84063
2	37.7057	31.0235	-0.19668	0.244367	1.00818
2	35.178	27.5377	-1.59394	1.05312	0.996256
2	0.762518	37.4395	-0.858843	-1.29496	1.09528
